 0  0        0.70391              0
 1  0        0.07964              0
 1  1       -0.35376      -0.149934
 2  0        0.24143              0
 2  1         0.8329        1.86362
 2  2          2.208        -1.0074
 3  0        0.47902              0
 3  1       -0.99206        0.22956
 3  2         0.3035       -0.16201
 3  3        1.48592        1.49762
 4  0         0.4388              0
 4  1       -0.96794      -0.142688
 4  2       -0.21634       -0.20844
 4  3         1.5794        -0.6712
 4  4          0.255         0.8058
 5  0      -0.032269              0
 5  1       -0.91812       -0.57926
 5  2       -1.51918        0.58286
 5  3        0.93912       -0.64006
 5  4        0.76682       -1.50078
 5  5       -1.21724      -0.197134
 6  0       -0.13593              0
 6  1         0.4693        0.67216
 6  2        -0.9949         1.2518
 6  3      -0.136242       -0.97142
 6  4       -0.20524         0.7254
 6  5        -1.4936       -0.41244
 6  6      -0.069346        0.47622
 7  0       -0.23011              0
 7  1        0.27806       -0.55198
 7  2       -0.28824        0.74142
 7  3        0.52526       -0.46054
 7  4        0.43524         0.6219
 7  5        0.03214        0.66702
 7  6       0.119462       -0.64114
 7  7         0.4904        0.08236
 8  0       -0.33768              0
 8  1       0.187358        0.21768
 8  2       -1.16564        -0.2778
 8  3       -0.31452      0.0177672
 8  4        0.03039       -0.19929
 8  5       0.188886        0.21372
 8  6      -0.153794      -0.093764
 8  7       0.172546      -0.006547
 8  8        0.52846       0.182544
 9  0      -0.083463              0
 9  1        0.28588        0.46678
 9  2       -0.20582       0.187682
 9  3       -0.89634       -0.31378
 9  4      -0.038122       0.185046
 9  5        0.43878      -0.117782
 9  6       -0.46146        -0.3088
 9  7       0.073686       -0.63492
 9  8       -0.62846      -0.157226
 9  9       -0.30778       -0.12513
10  0       -0.20689              0
10  1         0.3416       0.037422
10  2        0.15356       0.111366
10  3       0.114634       0.075722
10  4        0.22118      -0.116118
10  5    -0.00033598        0.30408
10  6        0.32628       0.062868
10  7       -0.21464       -0.22018
10  8      -0.002896       0.095532
10  9        0.26634       0.120904
10 10       -0.59604        0.07233
11  0         0.1151              0
11  1       -0.14602       0.074708
11  2      -0.025568        0.23076
11  3       -0.14011       -0.39048
11  4      -0.087984         0.4284
11  5        0.23424         0.2797
11  6        0.17078       0.090074
11  7       -0.58848       -0.26612
11  8        0.06839        -0.2519
11  9      -0.199236        0.67702
11 10      -0.036594        0.12768
11 11      -0.111322       -0.26318
12  0        0.22625              0
12  1       -0.20774       0.078084
12  2        0.36228       -0.41988
12  3     -0.0109922       0.061316
12  4       -0.20686        0.40494
12  5         0.0534      -0.021734
12  6        0.20176        0.27406
12  7      -0.164926        0.16102
12  8       -0.10793      -0.127076
12  9        0.42806        0.49188
12 10      -0.089398        0.26192
12 11        0.20422        0.33756
12 12        0.20428       -0.25684
13  0       -0.30635              0
13  1       -0.37598      -0.089416
13  2       0.071036         0.0415
13  3         -0.252        0.42158
13  4       0.052276       0.139862
13  5        0.41604      -0.180024
13  6       0.145964      -0.120582
13  7      -0.108316       -0.28522
13  8        0.04828       -0.04878
13  9        0.39854        0.36812
13 10      -0.033926       0.161538
13 11      -0.160212      -0.199834
13 12         0.5601       -0.37744
13 13       -0.42874        0.47754
14  0       -0.14241              0
14  1       0.027528       0.130958
14  2        0.22422       0.075078
14  3        0.36974        0.13436
14  4       -0.34696       0.098634
14  5        0.07213        -0.3486
14  6       0.081334      -0.110764
14  7         0.2892       0.133816
14  8     -0.0143438       -0.39608
14  9       0.041642       0.130092
14 10     -0.0004627      -0.038046
14 11        0.20484       -0.28254
14 12       0.098432      -0.046668
14 13       0.101082       0.184462
14 14        0.42748        0.11042
15  0       -0.22071              0
15  1      -0.104142       0.050342
15  2       0.095778        0.28038
15  3         0.2077       0.038334
15  4        0.10955       0.117842
15  5       0.044098     -0.0159792
15  6      -0.032216      -0.131618
15  7     -0.0049436        0.22306
15  8       0.136312      -0.186088
15  9      -0.058914        0.22138
15 10      -0.113964      -0.058242
15 11        0.04155      0.0071688
15 12      -0.105884       -0.28206
15 13       -0.34724       0.140354
15 14      -0.098942       -0.21482
15 15       -0.17254      -0.084884
16  0      0.0031315              0
16  1        0.05005         0.0226
16  2       0.069998        0.07072
16  3       0.064682      -0.159998
16  4      -0.142366       -0.25206
16  5      -0.077808     -0.0041866
16  6      0.0121584       0.133722
16  7        0.06546     -0.0136504
16  8      -0.174322      -0.191932
16  9       -0.21038      -0.126938
16 10       0.053276      -0.191816
16 11        0.31358        0.35856
16 12      -0.106146        -0.3294
16 13       0.171298        0.08265
16 14      -0.053818       0.192258
16 15       0.192582       -0.25484
16 16       0.023584      -0.178662
17  0       -0.11046              0
17  1       0.017908         -0.209
17  2       0.105426        -0.1238
17  3         0.2445        0.20232
17  4      0.0119826      -0.151032
17  5       0.033164        -0.2883
17  6        0.08393      0.0076472
17  7       0.052468      -0.033586
17  8      0.0184212      -0.058696
17  9       -0.37856       -0.28858
17 10       0.056134        -0.2026
17 11      -0.072854        0.08803
17 12      -0.175152      -0.034794
17 13      -0.092186          0.109
17 14       0.150516      -0.027124
17 15       -0.24914       -0.03707
17 16       0.113064       -0.28928
17 17      -0.083702      -0.175024
18  0       0.067366              0
18  1     -0.0076382      -0.096754
18  2      -0.083668      -0.075464
18  3       -0.03626      -0.023956
18  4       -0.23864       0.179412
18  5        0.24054       0.077764
18  6      -0.054212      -0.069088
18  7      -0.149812      -0.099848
18  8      -0.188672        0.11413
18  9     -0.0123576       0.154738
18 10      -0.026426      -0.079916
18 11       0.072268       0.130056
18 12       0.093274      -0.063718
18 13         0.0205      0.0161654
18 14        0.25702       0.051146
18 15       0.103146       -0.21464
18 16       -0.02614      -0.042302
18 17       0.064318      -0.129776
18 18      -0.130362       0.079602
19  0       0.003171              0
19  1      0.0172266     0.00110986
19  2      -0.162608      -0.034308
19  3      -0.052224       0.117684
19  4      -0.106668       -0.04074
19  5       0.038374       0.070864
19  6       0.092008     -0.0167406
19  7       -0.04192      -0.139948
19  8       0.029028        0.11697
19  9       -0.13989      -0.043432
19 10       0.190792      -0.109528
19 11       0.132896        0.18263
19 12       0.080646        0.04237
19 13       0.104874      -0.092788
19 14      -0.052646      0.0108532
19 15        -0.2037       0.090308
19 16      -0.026406      -0.135696
19 17     0.00155076      -0.149596
19 18        -0.2057       0.078908
19 19      -0.090934     -0.0048304
20  0       -0.13307              0
20  1       -0.04339      0.0056682
20  2      -0.156796      -0.093424
20  3     -0.0161596        0.25868
20  4     -0.0162808       0.063236
20  5       0.111468      -0.037712
20  6       0.024648       0.068304
20  7      -0.103034      -0.091644
20  8        0.06267       0.139018
20  9       0.061076       0.022242
20 10       0.049426      -0.073406
20 11       0.061278      -0.031834
20 12       0.154382      -0.047816
20 13       0.132298      -0.031094
20 14     -0.0113604       0.079276
20 15      -0.039972      0.0006552
20 16      -0.136362      -0.020396
20 17        0.05454       -0.06225
20 18       -0.11392      -0.055408
20 19        0.01262       0.138218
20 20      -0.040756      -0.053474
21  0      -0.017124              0
21  1      0.0052682      0.0116398
21  2      -0.177982       0.094916
21  3      0.0110576       0.119594
21  4      -0.075814        0.22582
21  5       0.067292       0.044628
21  6       0.121136       0.083052
21  7      -0.023896      -0.028362
21  8       0.101064     -0.0040632
21  9      -0.102586      -0.029312
21 10        0.21542      -0.029958
21 11       0.025218      -0.079772
21 12       0.097108       0.049704
21 13      -0.131608      -0.085714
21 14      -0.028318      0.0153232
21 15       0.028596       0.019455
21 16      0.0146906     -0.0153864
21 17      -0.198906      -0.033766
21 18      -0.043174       0.056602
21 19      -0.082242       0.172196
21 20       0.108018       0.069674
21 21       -0.13691       0.132832
22  0      -0.027867              0
22  1     -0.0026728        0.04439
22  2       -0.03001       0.047206
22  3      -0.069268       0.006557
22  4       0.102064     -0.0086184
22  5       0.040422      -0.055086
22  6      -0.090796       0.045088
22  7      -0.068098     -0.0069326
22  8        0.05689        0.21222
22  9       0.129512      -0.031326
22 10        0.00236      -0.128406
22 11     -0.0066762      -0.117604
22 12       -0.02198        0.07015
22 13        -0.0947       0.176106
22 14      -0.057196      -0.056108
22 15      0.0053948      -0.034266
22 16      -0.026788       0.107328
22 17       0.093038       0.077672
22 18       0.039194       0.047228
22 19      -0.009708      -0.004815
22 20      0.0132838     -0.0118972
22 21       0.119498       0.123028
22 22      -0.072862       0.049012
23  0        0.11317              0
23  1      -0.024016       0.154752
23  2       0.097592      -0.106674
23  3      -0.093946      -0.045064
23  4       0.072648      -0.034076
23  5       -0.03498     0.00078576
23  6      -0.022568        0.10865
23  7      -0.032102       -0.04215
23  8      -0.076076      -0.009606
23  9       0.128948       0.107192
23 10       -0.05026      -0.041014
23 11       0.045982       0.113714
23 12      -0.081352       -0.10491
23 13      -0.084798       0.082496
23 14       0.055502      -0.060218
23 15      -0.048078      -0.043826
23 16       0.033288       0.039398
23 17      -0.071094      -0.077094
23 18       0.085622       0.021754
23 19      -0.043658      0.0058724
23 20       0.094524       0.024998
23 21      -0.106676       0.151882
23 22       0.183786      -0.062568
23 23       0.089868       0.130026
24  0       0.046096              0
24  1       0.045998      -0.012681
24  2     -0.0122748       0.167404
24  3       0.055674      -0.059432
24  4     0.00182636     0.00092802
24  5     0.00165526      -0.086058
24  6       -0.06049        0.13241
24  7       0.078094     -0.0075344
24  8      -0.050922      -0.025142
24  9      -0.033882      -0.073674
24 10      -0.065074      -0.079782
24 11       0.133302       0.034714
24 12      -0.050776       0.126364
24 13     -0.0074586        0.04892
24 14     -0.0153722       0.044534
24 15       0.047748      -0.179522
24 16        0.02414       0.081916
24 17       0.049796         0.0783
24 18      -0.022572      0.0174702
24 19      -0.016888        0.08872
24 20      -0.050042       0.081364
24 21       0.106832      0.0149574
24 22       0.028512      -0.054986
24 23       0.118174       -0.05894
24 24       0.084038      -0.028628
25  0       -0.01217              0
25  1       0.105888      -0.080718
25  2       -0.08552       0.009159
25  3       -0.05587       0.025058
25  4      -0.085778        0.06848
25  5      -0.052368      -0.044278
25  6      -0.050342       0.061526
25  7       0.025558       0.064844
25  8       0.023108      0.0038214
25  9      -0.112536        0.02647
25 10      -0.039918      -0.066244
25 11      -0.061928       0.020692
25 12      0.0194018      -0.043684
25 13       0.061506     -0.0146622
25 14      0.0183706       0.119358
25 15       -0.05382      -0.071288
25 16      0.0019016      -0.053942
25 17       -0.06916       0.050802
25 18      -0.029396       0.071626
25 19        0.02575       0.027896
25 20      0.0157296     -0.0050844
25 21     -0.0118492      -0.026912
25 22       0.077286      -0.049572
25 23       -0.07982       0.017116
25 24       -0.07649       0.026108
25 25       0.061336     0.00163158
26  0     -0.0084043              0
26  1       0.058444      -0.019265
26  2     -0.0035554      -0.088812
26  3      -0.116844       0.002385
26  4       -0.09528      0.0112482
26  5       0.074334      -0.024464
26  6     -0.0052278       0.040146
26  7      0.0096778      -0.044884
26  8       0.078094     -0.0115864
26  9       -0.14518      0.0084506
26 10       0.027768       0.027254
26 11      0.0049582       -0.03645
26 12       0.004101       0.018068
26 13        0.11819      -0.043772
26 14       0.120512       0.099718
26 15      -0.053836      -0.075924
26 16       0.082792       -0.08637
26 17      -0.060442      -0.050262
26 18       0.030128       0.049588
26 19    -0.00131156      0.0195828
26 20       0.070178     -0.0118898
26 21      0.0053028      -0.053168
26 22     -0.0148146      -0.104952
26 23      -0.024658      -0.034456
26 24      -0.009377      0.0059202
26 25    -0.00078648       -0.02943
26 26    -0.00101576        0.12655
27  0      -0.041982              0
27  1       -0.03247   -0.000166366
27  2      0.0190796       0.027966
27  3      0.0119372      0.0130466
27  4      -0.090044      -0.058536
27  5        0.12478       0.036996
27  6       0.046406      -0.075374
27  7      -0.076386       0.014448
27  8       0.008978       0.044956
27  9       0.023146      0.0044218
27 10       0.071536     -0.0182668
27 11       0.043834      -0.147654
27 12       0.034552       -0.08402
27 13     -0.0156428      0.0166968
27 14      0.0055308       -0.11302
27 15      -0.122766       0.033224
27 16       0.031656      -0.065516
27 17       0.094452       0.128656
27 18      0.0192706      0.0064294
27 19      0.0008052       -0.03733
27 20       0.140186       0.027512
27 21      -0.065008      0.0020624
27 22       0.082508      -0.045022
27 23      -0.044948       0.048614
27 24        0.12568      0.0124522
27 25      0.0186952       0.078068
27 26     7.9444e-06      -0.056454
27 27      -0.005115       0.038412
28  0      -0.025327              0
28  1      -0.014008       -0.02444
28  2       0.047346      0.0069414
28  3       0.014925        0.09196
28  4      -0.079638    -0.00115784
28  5      -0.035338        0.05482
28  6        0.04734      -0.029954
28  7     0.00041894       0.054402
28  8      0.0034674       0.057326
28  9      -0.067694       0.021546
28 10      -0.023322     0.00166544
28 11      -0.028706      -0.052016
28 12      -0.057574       0.050042
28 13       0.056358       -0.01602
28 14       0.053226     -0.0127448
28 15      -0.061964      -0.024856
28 16      -0.029328     -0.0127858
28 17       0.036822     -0.0042078
28 18      0.0169432     -0.0053014
28 19      0.0127548       0.066716
28 20       0.051356      -0.036336
28 21     -0.0086852      -0.043476
28 22      -0.057728       -0.03109
28 23      -0.053094      -0.050824
28 24     -0.0077914       0.048598
28 25       0.061328       0.023014
28 26      -0.068388      -0.046654
28 27       0.065866       0.020188
28 28     -0.0125052      -0.047334
29  0       0.006527              0
29  1         0.0309        0.06364
29  2        0.06169        0.02362
29  3      -0.071472      -0.014293
29  4      0.0031544       0.023782
29  5      -0.015238       -0.06237
29  6      -0.031492      -0.059116
29  7       -0.03552      0.0047562
29  8      0.0128318       0.046924
29  9       0.034356      -0.012972
29 10      -0.143266       0.034402
29 11      -0.012973      -0.059622
29 12      -0.022324        0.04563
29 13      -0.022322       0.058328
29 14      0.0177408      -0.043788
29 15     -0.0186018       0.037756
29 16      -0.033698     -0.0192306
29 17       0.035894      -0.030008
29 18      -0.050618        0.02483
29 19      -0.045462      -0.032282
29 20       0.062628       0.038416
29 21    -0.00138846      -0.025954
29 22       0.035944      -0.037868
29 23         0.0989     -0.0092106
29 24    0.000109946       0.060128
29 25      -0.045706      0.0084604
29 26       0.021446       -0.02216
29 27      -0.085562       0.051258
29 28        0.03101       0.020054
29 29        0.09048       -0.05073
30  0       0.011699              0
30  1      -0.040434       0.032098
30  2       0.045164        0.08429
30  3      0.0143686      0.0040936
30  4    -0.00111208      -0.036602
30  5       0.109032       0.020936
30  6       0.076946       0.042762
30  7      -0.086186      -0.073832
30  8      -0.040764      -0.050024
30  9       0.021314      -0.067718
30 10      -0.038304    -0.00025068
30 11      -0.071454      -0.072204
30 12       0.045474       0.025244
30 13      -0.048242      -0.041322
30 14      0.0048896      0.0113586
30 15       0.015848      0.0056996
30 16      -0.018306      0.0135986
30 17    -9.4906e-05      -0.108492
30 18       0.032148      0.0164988
30 19      -0.060984      -0.025712
30 20       0.032002      0.0140516
30 21      -0.037968     -0.0023624
30 22       0.046828        0.06135
30 23       0.053886     -0.0035836
30 24      -0.008558      -0.060378
30 25       0.011294      -0.033522
30 26      -0.081864      -0.087144
30 27       -0.05556      -0.049392
30 28       -0.06553       0.084458
30 29     -0.0100022      -0.025286
30 30     0.00164984      0.0166276
31  0       0.010414              0
31  1       0.070754      -0.047884
31  2     -0.0077094       0.028844
31  3       0.094244      0.0016013
31  4        0.03831      0.0014058
31  5      -0.105158      -0.092682
31  6     -0.0151826       0.087336
31  7       0.045542       0.096344
31  8       0.003349       0.036996
31  9       0.098216       0.031542
31 10       0.029248      0.0007728
31 11       0.010573      -0.048496
31 12      -0.014056        0.09595
31 13       0.007595       0.031342
31 14      0.0134854      -0.082198
31 15        0.04255    -0.00124076
31 16      0.0044946       0.048214
31 17      -0.024332      -0.025526
31 18       0.052276     -0.0160322
31 19       0.031118       0.006308
31 20    -0.00151342     -0.0195024
31 21      -0.083338       0.036514
31 22       -0.02451      0.0161912
31 23      -0.045574       0.047926
31 24        0.03225     -0.0104304
31 25       0.055282      -0.094664
31 26       0.030662      -0.030648
31 27       -0.07013       0.023752
31 28       0.005245     -0.0044266
31 29     -0.0106852       0.031278
31 30      -0.033098      -0.031676
31 31     -0.0180868     -0.0100752
32  0     -0.0099677              0
32  1      -0.023914       0.022346
32  2      0.0072354      -0.088664
32  3      -0.029106      -0.047476
32  4       0.002313       0.071106
32  5     -0.0029228      -0.034556
32  6       -0.06205      0.0142772
32  7      -0.021072     -0.0084642
32  8      -0.027034      -0.040166
32  9      -0.064812     -0.0160242
32 10      -0.059146       0.034506
32 11      -0.002602        0.11676
32 12       0.002319     -0.0089546
32 13      -0.052816       0.046232
32 14       0.030682        0.03774
32 15       0.026988      -0.023986
32 16       0.062092      -0.025752
32 17      0.0090312        0.04566
32 18       0.022286       0.047392
32 19      0.0068746     -0.0061266
32 20       0.059768      -0.045642
32 21     -0.0057456    0.000103096
32 22      0.0147576       0.003335
32 23      0.0178098       0.002369
32 24       0.030472     -0.0162244
32 25       0.027154      -0.011213
32 26      -0.024422      -0.052298
32 27      -0.004331      0.0161658
32 28      -0.056276      -0.018272
32 29    -0.00108982       0.069446
32 30      0.0088578      -0.047322
32 31      -0.055166      0.0125096
32 32     -0.0175416       0.040248
33  0       0.019313              0
33  1      -0.050052       0.046896
33  2      -0.060466      -0.024486
33  3      -0.028874       -0.06327
33  4      -0.041068      0.0124214
33  5       0.009313      0.0150868
33  6        0.03819       0.030704
33  7      -0.065628       0.034978
33  8       -0.02143      -0.027394
33  9       0.006901     3.7878e-05
33 10      0.0118872      0.0167194
33 11      0.0100692       0.027076
33 12       0.081826       0.039556
33 13      -0.027338       -0.02947
33 14     -0.0077796    -0.00079318
33 15        0.09585      0.0118824
33 16       0.027606      -0.005731
33 17      -0.005699      -0.035566
33 18       0.037038       0.029162
33 19     0.00181202       0.040636
33 20     -0.0151202        0.02284
33 21        0.02033        -0.0491
33 22        0.03236       0.043742
33 23       0.028924      -0.052552
33 24       0.026136       0.029732
33 25       0.034932      -0.016635
33 26      -0.016841       -0.03486
33 27      -0.052066      0.0165652
33 28      -0.028516      0.0130052
33 29       0.041454       0.026094
33 30     -0.0043758      -0.022406
33 31       0.006928      -0.039156
33 32      -0.029562        0.02214
33 33      -0.070298       0.022876
34  0      0.0002594              0
34  1      -0.037462       0.025848
34  2     -0.0166384       -0.02359
34  3      0.0175584       -0.03089
34  4      0.0073442      -0.065972
34  5       -0.05648      -0.071722
34  6        0.10809       0.026782
34  7      -0.036132       0.109044
34  8     -0.0058846    -0.00034472
34  9      -0.009399       0.032362
34 10       0.039852        0.02496
34 11       0.058894      0.0187494
34 12      0.0049392       0.033752
34 13       0.033194    -0.00029756
34 14        0.05255     -0.0124984
34 15     0.00081588     -0.0088252
34 16        0.08204      -0.022452
34 17       0.067876     -0.0066382
34 18     -0.0038296       0.026576
34 19      -0.007209      -0.037442
34 20    -0.00042998       0.056628
34 21      0.0023894       -0.03457
34 22       0.066534       0.065294
34 23        0.03647      -0.027676
34 24      -0.015481      -0.006604
34 25      -0.041426     -0.0074482
34 26       -0.04351      -0.017745
34 27     -0.0174314       0.040162
34 28     -0.0134034     0.00073404
34 29       0.026092        0.02563
34 30      0.0140884       0.022766
34 31       0.016889     -0.0026312
34 32      -0.034624      0.0163504
34 33     -0.0150148      -0.022238
34 34      0.0021482      0.0044676
35  0       0.043773              0
35  1        -0.0314       0.023784
35  2     -0.0149874      -0.036858
35  3       0.043058      -0.031124
35  4       0.021226       0.009122
35  5     -0.0181802      -0.061734
35  6     0.00158356        0.02325
35  7      0.0163662       -0.02141
35  8       0.021336      -0.026572
35  9      0.0157978      0.0072588
35 10       0.066738      0.0049944
35 11       0.052414       0.057878
35 12      -0.077314      -0.015647
35 13        0.03406       -0.01891
35 14       0.022692      -0.030054
35 15       0.032942       0.058528
35 16       -0.06714     -0.0104622
35 17       0.038586      0.0029806
35 18       -0.03417     -0.0071174
35 19       -0.02773      -0.050388
35 20     -0.0081044       -0.02201
35 21      -0.061384       0.035292
35 22     -0.0014064       0.043314
35 23     -0.0077054      0.0149948
35 24       0.022634      -0.035202
35 25      -0.034868      -0.033772
35 26      -0.040008      -0.072774
35 27      -0.043592     -0.0132622
35 28       0.003695       0.027812
35 29     -0.0102216       0.044738
35 30        0.02697       0.031858
35 31      -0.044628      -0.027174
35 32      -0.017801    -0.00044444
35 33      -0.022388     0.00064494
35 34      0.0053508       0.022344
35 35      0.0078778      0.0086168
36  0       0.021959              0
36  1        0.05287     -0.0188878
36  2      -0.021192       0.047862
36  3      -0.035236       0.062096
36  4        0.03749      -0.033734
36  5       0.024978      -0.042648
36  6      -0.047828      -0.052802
36  7     -0.0037194      -0.041294
36  8       0.018059      0.0082458
36  9       0.028042      0.0094118
36 10       0.069086      0.0120816
36 11      0.0122694     -0.0195572
36 12      0.0173718       0.017592
36 13      -0.040226      -0.031408
36 14      0.0140696      -0.081992
36 15     -0.0132968       0.033644
36 16     -0.0144764   0.0009918601
36 17      -0.053286       -0.04367
36 18      -0.008469      -0.025708
36 19      -0.049968    -0.00072652
36 20      -0.020232      -0.034966
36 21     4.1962e-05       0.070478
36 22      0.0026068     -0.0028532
36 23      -0.035098      0.0127224
36 24       0.023424      0.0079348
36 25       0.031486       0.023356
36 26     -0.0029282      -0.025898
36 27     -0.0152394       0.039682
36 28     -0.0054958       0.047484
36 29       0.056556       0.086254
36 30        0.03752     -0.0030566
36 31       0.012864       0.024352
36 32      -0.050904      -0.097502
36 33        0.02043        0.03659
36 34     -0.0191442      0.0114332
36 35      0.0123246       0.030066
36 36       0.030352     -0.0102314
37  0      0.0037033              0
37  1      0.0148702      -0.053958
37  2       0.065834       -0.02618
37  3       -0.02811       0.057284
37  4      -0.034738       0.045942
37  5       0.022588       0.010791
37  6      0.0120056     -0.0025374
37  7     -0.0128526       0.029564
37  8        0.02151       0.045166
37  9       0.021768      -0.038142
37 10       0.055356     -0.0041962
37 11      0.0054736     -0.0195454
37 12       0.004655      -0.027966
37 13       0.024434       0.026004
37 14      0.0028678     -0.0079224
37 15      -0.035378      -0.044214
37 16      -0.037498        0.02117
37 17       0.029858      -0.054046
37 18      -0.043422       0.026178
37 19      -0.041138       0.023076
37 20       -0.05466      -0.041814
37 21       0.014682      0.0068686
37 22     -0.0108354    -0.00111768
37 23     -0.0011073     -0.0028382
37 24      -0.070738        0.03369
37 25      -0.042858      -0.021584
37 26        0.05407      0.0159266
37 27     -0.0026706     -0.0101924
37 28      -0.025856      0.0012089
37 29    -0.00173992        0.05434
37 30     -0.0045952       0.020568
37 31      -0.020766      -0.033454
37 32       0.033816      -0.021674
37 33     -0.0138356      -0.060234
37 34     -0.0064094      -0.028516
37 35        0.05193     0.00100354
37 36      -0.022162      0.0123294
37 37        0.03325      -0.006424
38  0       0.020472              0
38  1      -0.013551      -0.021594
38  2     -0.0156332     -0.0115622
38  3      0.0033118       -0.02485
38  4    -0.00123476       0.036842
38  5       -0.03747        0.03005
38  6     -0.0089598     -0.0186956
38  7       0.009067       0.023272
38  8     -0.0028614       0.069324
38  9      -0.012652      -0.031834
38 10     -0.0036042      0.0166344
38 11       0.031804     -0.0084454
38 12       0.052066       0.022944
38 13      0.0158808      0.0098892
38 14      0.0129734      0.0034886
38 15     -0.0123514      -0.042394
38 16      -0.058794      0.0098662
38 17       -0.02059     -0.0169794
38 18       0.024342       0.025766
38 19      0.0142598       0.053188
38 20     -0.0069666      0.0080268
38 21       0.027472      -0.057692
38 22      -0.010193     -0.0095724
38 23      -0.028922      -0.101674
38 24     3.1274e-05       0.045574
38 25    -0.00068232      0.0035922
38 26       0.021686        0.01557
38 27       0.054434     -0.0056864
38 28       0.041496        0.03266
38 29      0.0127824      -0.032988
38 30       -0.03189     0.00176702
38 31       0.023582      -0.025102
38 32       -0.02338     -0.0061642
38 33       0.035788      0.0147568
38 34      0.0034378      -0.002152
38 35      0.0108548      -0.046248
38 36       0.069014       0.006403
38 37     -0.0041846      0.0089272
38 38       -0.02057     0.00126528
39  0       0.046259              0
39  1      0.0071556      0.0104518
39  2       -0.03526       0.021372
39  3      -0.053102       0.020164
39  4      -0.013215      -0.009685
39  5       -0.03489       0.018855
39  6      -0.052266      0.0184382
39  7      -0.022634       -0.08532
39  8      0.0159664       0.073974
39  9      -0.038316       0.036018
39 10       0.014209     -0.0091848
39 11     -0.0153658      -0.015925
39 12       0.059244      0.0043542
39 13      -0.041756     -0.0065722
39 14      -0.050908     -0.0093466
39 15     0.00071934      0.0136646
39 16      -0.024566      0.0048452
39 17      0.0025086       0.016012
39 18      -0.044356      0.0029606
39 19      0.0066742      -0.030838
39 20      0.0064406       0.040432
39 21       0.039382        -0.0647
39 22    -0.00163544     -0.0033262
39 23     -0.0096162      -0.046106
39 24      0.0034386      -0.021144
39 25        0.05261      0.0025008
39 26         0.0397      0.0126302
39 27      -0.044912     -0.0091378
39 28     -0.0185336     0.00073702
39 29       0.022004       0.020172
39 30    -0.00173052     -0.0051604
39 31      0.0046184     -0.0042296
39 32       0.035136      -0.029982
39 33       -0.04883      0.0030488
39 34     -0.0078886       0.024952
39 35      -0.037454      -0.035984
39 36       0.027824     -0.0143222
39 37       0.033082      -0.045308
39 38     -0.0105518    -0.00078968
39 39     -0.0093318      0.0175148
40  0       0.032046              0
40  1     -0.0031008       0.021714
40  2       0.023318      -0.056078
40  3      0.0193918       -0.02938
40  4      -0.039738      0.0033994
40  5      -0.025652     -0.0188764
40  6     -0.0179248       0.059352
40  7      -0.022576      -0.033478
40  8       0.055024     -0.0049596
40  9       0.031954         0.0208
40 10       0.030612       0.050166
40 11       0.026628       -0.02178
40 12       0.034868      0.0180206
40 13     -0.0108096       0.022898
40 14      -0.031536      -0.058914
40 15       0.002574       0.021542
40 16       0.009161       0.034506
40 17       0.028664       0.058276
40 18      0.0074536        0.03084
40 19      0.0038474      0.0111198
40 20       0.056128     -0.0121388
40 21    -0.00138644      -0.025866
40 22      0.0098006      -0.013828
40 23     -0.0120808     -0.0109484
40 24      0.0110358     -0.0133856
40 25      -0.063006    -0.00045972
40 26      0.0053126       0.026132
40 27     -0.0114378      0.0129696
40 28      -0.042366      -0.065456
40 29       -0.06287      -0.013819
40 30     -0.0100376      -0.025632
40 31      -0.014815        0.02466
40 32      0.0079278      -0.027606
40 33       0.046004      0.0116758
40 34     -0.0184492      0.0126656
40 35      -0.027524        0.03138
40 36      -0.021794     -0.0106698
40 37     -0.0052966     -0.0059256
40 38       0.009172      -0.084266
40 39      0.0124968       0.026008
40 40      -0.030396      0.0015607
