 0  0        0.64838              0
 1  0        0.42101              0
 1  1        -0.6746        -0.5176
 2  0        0.34454              0
 2  1        0.62412        1.43248
 2  2        1.65936       -1.15188
 3  0        0.41417              0
 3  1       -0.78578       -0.15699
 3  2       0.102568       0.074568
 3  3          1.151        1.00528
 4  0        0.41732              0
 4  1       -0.76762       0.129742
 4  2       -0.57684     -0.0130612
 4  3        1.28622       -0.52214
 4  4        0.24368        0.99972
 5  0       -0.20079              0
 5  1       -0.76564       -0.55352
 5  2        -1.4265        0.49558
 5  3        0.83658       -0.58634
 5  4        0.75872        -1.2915
 5  5       -1.09494       -0.29142
 6  0       0.022028              0
 6  1        0.41552         0.7652
 6  2        -0.9447        0.93328
 6  3      -0.164524       -1.00338
 6  4       0.059298        0.48082
 6  5       -1.07034       -0.35508
 6  6      0.0188318         0.5291
 7  0       -0.26486              0
 7  1       0.141616       -0.64104
 7  2      -0.129198        0.64574
 7  3        0.46402       -0.47802
 7  4        0.30392        0.39024
 7  5        0.02064         0.5988
 7  6       0.007585       -0.75948
 7  7        0.47748       0.043454
 8  0       -0.26302              0
 8  1         0.2482       0.188058
 8  2       -0.86014       -0.25608
 8  3       -0.23996      -0.074138
 8  4       0.049118       0.048756
 8  5         0.2035        0.10377
 8  6      -0.096512       0.083536
 8  7        0.03153      -0.060432
 8  8        0.40154        0.22452
 9  0       -0.23456              0
 9  1        0.41044       0.195412
 9  2        -0.2221       0.199826
 9  3        -0.6848        -0.3521
 9  4      -0.104558       0.186866
 9  5        0.28842      -0.193662
 9  6       -0.29396       -0.28206
 9  7      -0.132694        -0.3651
 9  8        -0.2786       -0.11494
 9  9       -0.26004      -0.130214
10  0      -0.098331              0
10  1         0.2939       0.124758
10  2       -0.02866       0.083996
10  3      -0.027354        0.02296
10  4       0.183486      -0.037262
10  5       0.069582        0.27862
10  6       0.193364       0.139256
10  7       -0.25936       -0.24806
10  8       0.132946       0.046002
10  9       0.126272       0.025388
10 10       -0.35766     -0.0167486
11  0        0.15084              0
11  1      -0.118104        0.21158
11  2     -0.0092752       0.127608
11  3      -0.043418         -0.204
11  4    -0.00082946        0.26424
11  5       0.067628       0.196208
11  6       0.082866      0.0143854
11  7       -0.33184      -0.198788
11  8     -0.0146144       -0.02981
11  9      0.0162244         0.4707
11 10      0.0123854        0.27328
11 11      -0.036274       -0.06274
12  0         0.0864              0
12  1      -0.104872       0.116822
12  2        0.20558      -0.189634
12  3      -0.053326      0.0112892
12  4      -0.083858        0.28552
12  5       0.066022      -0.051152
12  6        0.22458       0.172996
12  7       -0.25994        0.02575
12  8       -0.05324      -0.023504
12  9        0.31512         0.2626
12 10      -0.132434        0.16707
12 11       0.078292       0.175626
12 12       0.138308      -0.118694
13  0       -0.18956              0
13  1        -0.2705      -0.103736
13  2       0.038242        0.11629
13  3      -0.179424       0.115292
13  4         0.1232         0.2835
13  5        0.26328      -0.199448
13  6       0.074244     -0.0104532
13  7      0.0182642       -0.14329
13  8       -0.06533     -0.0123782
13  9       0.162662        0.29102
13 10      -0.037076       0.107712
13 11      -0.154588      -0.169114
13 12        0.33314      -0.129578
13 13       -0.14881        0.31292
14  0      -0.091037              0
14  1       0.022194      -0.063022
14  2       0.079036        0.04332
14  3         0.2542      -0.002604
14  4       -0.25298       0.020786
14  5       0.123588       -0.21712
14  6       0.077522       -0.08014
14  7       0.093906       0.178948
14  8       0.085528        -0.2616
14  9     -0.0077856       0.084758
14 10       0.081368       0.050482
14 11        0.17108      -0.134572
14 12        0.05147      -0.095906
14 13       0.050456       0.140334
14 14       0.136956      -0.065624
15  0      -0.082285              0
15  1      -0.053486       0.041244
15  2       0.013814       0.181838
15  3       0.113574    -0.00169762
15  4        0.11436       0.029144
15  5       0.079262       0.044602
15  6       -0.12539      -0.062976
15  7       0.028572         0.0805
15  8        0.03987       -0.23046
15  9       0.050636       0.146424
15 10      -0.022596        0.11916
15 11       0.020544      -0.104276
15 12      -0.036508      -0.182002
15 13      -0.182328       0.114382
15 14      -0.114582       -0.11978
15 15      -0.041558        0.06775
16  0       0.012242              0
16  1      -0.045478     -0.0132862
16  2       0.028228       0.100942
16  3       0.064974     -0.0061674
16  4       -0.14925      -0.111606
16  5      -0.109164     0.00138396
16  6      -0.030752        0.03353
16  7       -0.01231       0.073502
16  8      -0.156116      -0.136832
16  9      -0.087384      -0.041632
16 10       0.092646      -0.020062
16 11       0.090872        0.13344
16 12       -0.13565       -0.24972
16 13       0.038276       0.075412
16 14      -0.040522       0.070902
16 15        0.10992        -0.2256
16 16      -0.022516       -0.13768
17  0      -0.068014              0
17  1        0.04102       -0.13621
17  2       0.034052      -0.071308
17  3       0.029298       0.116344
17  4      -0.050078       -0.16554
17  5     -0.0096206      -0.088298
17  6        0.02927      0.0182576
17  7      -0.025198      -0.023006
17  8       0.020348       0.028482
17  9      -0.170106       -0.19556
17 10      -0.097012      -0.110774
17 11     -0.0162688       0.087872
17 12      -0.098396      -0.036644
17 13       -0.06476       0.130234
17 14       0.147108     -0.0110304
17 15      -0.091124        0.04699
17 16        0.16316       -0.10311
17 17     -0.0162906      -0.104746
18  0       0.061797              0
18  1       0.022286      0.0176058
18  2     0.00198154      -0.058428
18  3      -0.012278      -0.041312
18  4      -0.125556       0.103732
18  5       0.093678       0.067306
18  6       0.064796      0.0098552
18  7      -0.060038      -0.140724
18  8       0.031294       0.062124
18  9       0.027892       0.089766
18 10      -0.021474      0.0086858
18 11      0.0171504      0.0088598
18 12      -0.012238      -0.113982
18 13       0.028166       0.080764
18 14       0.139672       0.083514
18 15      0.0194608      -0.127744
18 16        0.05485       0.034918
18 17       0.045652        0.03061
18 18       -0.06638       0.034524
19  0       0.057555              0
19  1       0.082252      -0.039426
19  2      -0.027656      0.0113716
19  3      -0.039548        0.04995
19  4      -0.060632    -0.00051424
19  5     -0.0163468       0.071446
19  6       0.143282      -0.026686
19  7    -0.00060672      -0.093706
19  8        0.05305       0.105594
19  9      -0.125488      -0.026288
19 10        0.10384      -0.021084
19 11       0.103274       0.147084
19 12     -0.0139072      0.0190638
19 13        0.06973      -0.053138
19 14     -0.0035304      0.0168766
19 15      -0.059936      0.0050254
19 16      -0.047658      -0.091426
19 17      -0.076724      -0.051654
19 18      -0.088988       0.025984
19 19      -0.029244      -0.080532
20  0      -0.036647              0
20  1      -0.078322      -0.059958
20  2      -0.069718      -0.027724
20  3       -0.05015        0.08609
20  4      -0.005621     -0.0094894
20  5       0.067996      -0.022748
20  6        0.03001        0.05359
20  7      0.0042074      -0.088024
20  8       0.047862       0.112544
20  9       0.017008       0.034912
20 10     -0.0052894      -0.049644
20 11        0.05818       0.020472
20 12       0.048372     -0.0034988
20 13       0.054758      -0.039828
20 14       0.074692      -0.013961
20 15      -0.007233        0.03453
20 16    0.000190268      -0.027864
20 17       0.039544      -0.050972
20 18      -0.112288       -0.04049
20 19      -0.039882       0.034382
20 20      0.0155278       0.046936
21  0      -0.033351              0
21  1      -0.011989      -0.030044
21  2      -0.052736       0.026698
21  3      -0.035964     0.00144866
21  4       -0.04115       0.112578
21  5       0.102992       0.053148
21  6       0.070442       0.008914
21  7      -0.068214       -0.04771
21  8       0.022776      0.0178622
21  9       0.022828      -0.033436
21 10       0.064114      0.0102528
21 11      -0.025816     -0.0102262
21 12       0.053964        0.03212
21 13       -0.10115       -0.03781
21 14      0.0095716       0.023636
21 15      0.0029732       -0.02617
21 16      -0.008721      -0.004275
21 17      -0.076762      -0.034812
21 18       0.066828       0.073812
21 19      0.0124442       0.051922
21 20        0.05972       0.110516
21 21      -0.063758        0.08609
22  0      -0.038951              0
22  1      -0.057008      -0.059956
22  2     -0.0059788        0.05358
22  3      -0.092722     -0.0188902
22  4       0.073086      -0.020874
22  5     -0.0168038     -0.0117976
22  6      -0.032602      0.0083574
22  7     -0.0128968       0.037788
22  8      -0.015835       0.079774
22  9       0.068486       -0.04589
22 10      -0.024368      -0.060402
22 11      -0.012304       0.026602
22 12     -0.0044036       0.079376
22 13       -0.03258       0.129254
22 14       -0.03222      -0.035634
22 15      -0.057536     -0.0108102
22 16      0.0154194      -0.022064
22 17      0.0122306       0.060928
22 18    -0.00048248      -0.023316
22 19       0.045842       0.047782
22 20       0.030604       0.055638
22 21      0.0189852       0.080526
22 22       -0.05593        0.04889
23  0       0.074102              0
23  1      -0.065314       0.048126
23  2       0.056606      -0.076994
23  3     -0.0179064     -0.0092836
23  4       0.048736       -0.02608
23  5      -0.076338      -0.012641
23  6      -0.022596       0.021026
23  7      0.0040632       0.016197
23  8      -0.047546      -0.044642
23  9       0.074626       0.061276
23 10      0.0111444      0.0166008
23 11      0.0036536      0.0089036
23 12      0.0187572       -0.05601
23 13      0.0065884       0.031646
23 14     -0.0130896       -0.05641
23 15      -0.100606       0.004036
23 16       0.053722      0.0052138
23 17      -0.034344      -0.002825
23 18        0.04295       0.028024
23 19      -0.020902       0.052856
23 20       0.111382       -0.02826
23 21      -0.033448       0.022698
23 22      0.0106294       -0.04289
23 23     -0.0016858     -0.0058212
24  0       0.048632              0
24  1      0.0086214       0.021278
24  2       0.036592       0.049344
24  3       0.078816      0.0130248
24  4    -0.00101422     -0.0146798
24  5     0.00088414      -0.036506
24  6      -0.021346       0.049954
24  7       0.037866       0.031472
24  8       0.024744      -0.029992
24  9       0.018239      -0.062948
24 10      -0.049236       0.028388
24 11       0.055728      -0.027468
24 12       0.003047       0.072412
24 13       0.040988      -0.025886
24 14      -0.023786      -0.029822
24 15       0.056014      -0.074352
24 16       0.014565      0.0059464
24 17      -0.025822       0.044694
24 18      -0.009402       0.085802
24 19       0.037826       0.044842
24 20       0.025948         0.0587
24 21        0.06562      -0.044666
24 22      0.0177068      -0.037442
24 23       0.098066     -0.0008593
24 24      0.0056946      -0.048256
25  0       0.030948              0
25  1       0.023382       0.054456
25  2      -0.039556      -0.007789
25  3      -0.053126     -0.0043156
25  4     -0.0154358       0.044238
25  5      -0.030462       0.042728
25  6       0.025126       0.022332
25  7     -0.0053394       0.071886
25  8     -0.0152288       0.022312
25  9      -0.058694     -0.0050582
25 10      -0.020498       0.019801
25 11       0.027442      0.0139824
25 12      -0.027618        -0.0597
25 13     -0.0050306     -0.0166942
25 14       0.020662       0.032658
25 15      0.0193316     -0.0174632
25 16      0.0100958      -0.029392
25 17      -0.043218       0.036796
25 18      -0.031322       0.047436
25 19      0.0122596      -0.020722
25 20       0.026368      0.0054464
25 21      -0.049676     -0.0188304
25 22      0.0120546     0.00064282
25 23      -0.073824      0.0192318
25 24       0.030538       0.041384
25 25     -0.0068428      -0.033916
26  0       0.010319              0
26  1      0.0067704       0.027384
26  2       0.022336      -0.033302
26  3      -0.090122        0.02986
26  4      -0.044996      0.0125054
26  5       0.021402       -0.03935
26  6      0.0124312       0.040684
26  7     -0.0050494        0.06479
26  8       0.037394     -0.0194914
26  9      -0.041068       0.041232
26 10      -0.023858      0.0137454
26 11       0.042744    -0.00184904
26 12     -0.0173722       0.050928
26 13       0.064818       0.021922
26 14       0.022936       0.044816
26 15     -0.0050836      -0.021932
26 16       0.031742      -0.038806
26 17      -0.040676      -0.035594
26 18      -0.007437       0.039412
26 19       0.035986       0.052086
26 20       0.060372     -0.0044408
26 21     -0.0139576     -0.0150494
26 22     -0.0170952      -0.020718
26 23      -0.026556      -0.028648
26 24       -0.05124       0.032988
26 25     -0.0137258       0.027066
26 26      -0.052922       0.068836
27  0     -0.0008296              0
27  1      0.0052194      -0.022084
27  2       0.030016       0.026986
27  3      -0.036046     -0.0135736
27  4      -0.040428      0.0101668
27  5       0.053624      -0.025976
27  6       0.068812      -0.061052
27  7       -0.02206      0.0136732
27  8      0.0097496       0.018027
27  9      0.0097978         0.0473
27 10    -0.00088606      0.0050184
27 11       0.040338       -0.04732
27 12        0.03732     -0.0026198
27 13      -0.053384       0.075594
27 14       0.027434    -0.00134368
27 15      -0.050938       0.009205
27 16      0.0093352      -0.038854
27 17       0.036888       0.050492
27 18      0.0033872     0.00178406
27 19      0.0185516       0.023682
27 20        0.04415       0.053682
27 21       -0.03222      -0.037272
27 22       0.078624      0.0142866
27 23      -0.006371     -0.0036018
27 24       0.042326     -0.0112816
27 25      -0.031242       0.079074
27 26     -0.0126026      -0.028654
27 27      -0.038136        0.02564
28  0      -0.044833              0
28  1       0.039574      -0.034542
28  2       0.049344       0.039506
28  3     -0.0163952       0.040434
28  4      -0.019746       0.021326
28  5       0.028574       0.052608
28  6       0.041144      -0.033278
28  7     -0.0108392      0.0151546
28  8       0.021628      0.0119636
28  9      -0.005838     -0.0052042
28 10     -0.0099964      0.0118342
28 11     0.00187036      -0.034562
28 12     -0.0106728       0.035002
28 13       0.032346      0.0123298
28 14      0.0185934      0.0039046
28 15      0.0085944      -0.020268
28 16      -0.020998     -0.0139306
28 17       -0.02862       0.007804
28 18       0.041418       0.026296
28 19      -0.031694      0.0086372
28 20      0.0111884      -0.032074
28 21       -0.05429    -0.00091658
28 22      -0.069724      -0.031154
28 23      0.0074394      0.0124968
28 24     -0.0052292       0.054952
28 25     0.00138292      0.0052578
28 26       -0.01208       0.033244
28 27       0.071686      0.0046058
28 28     -0.0196296       0.007513
29  0      -0.010831              0
29  1      0.0079586      -0.020248
29  2      0.0096344      -0.028428
29  3      -0.043862       0.062826
29  4      -0.015098       0.039684
29  5       0.021414      -0.022858
29  6     -0.0160972     -0.0134174
29  7     -0.0175506       0.044484
29  8     -0.0020734      -0.041066
29  9       0.025786      -0.028172
29 10     -0.0155004       0.023072
29 11      0.0076086      -0.088024
29 12     -0.0035996      0.0088612
29 13      -0.029288       0.044898
29 14       0.020602      -0.056496
29 15       0.007941       0.038226
29 16      0.0198884       -0.01898
29 17       0.024744      -0.036848
29 18      -0.021636        0.02589
29 19      -0.050984      -0.047858
29 20     -0.0051932       0.027062
29 21      0.0042846     -0.0112146
29 22      0.0077752     0.00099344
29 23       0.034222       -0.02389
29 24      0.0021384       0.045258
29 25      -0.022568      0.0087624
29 26        0.00732      -0.023904
29 27     -0.0058398       0.021018
29 28       -0.03275       0.044452
29 29         0.0117      -0.009456
30  0       0.015629              0
30  1      -0.005479       0.063706
30  2       0.038132      0.0164572
30  3     0.00185944       0.022112
30  4    -0.00156972      -0.053266
30  5       0.030008       0.021294
30  6       0.041252      0.0151912
30  7     -0.0172628      -0.040236
30  8     -0.0043438      -0.040994
30  9     -0.0189866       -0.04986
30 10       -0.02816      -0.008685
30 11     -0.0177496       -0.03187
30 12      0.0107932     -0.0094036
30 13      -0.031006      -0.027086
30 14       0.021258      -0.021902
30 15     -0.0082026      -0.023534
30 16       -0.03045      0.0162882
30 17      0.0057086      -0.052356
30 18      0.0150324     -0.0069494
30 19      -0.061644    -0.00060098
30 20     -0.0107666       0.036352
30 21    -0.00020766     -0.0128606
30 22     -0.0138034       0.025722
30 23       0.047202       0.035376
30 24       0.025076     -0.0114094
30 25       0.039646     -0.0036406
30 26      -0.024022      -0.024154
30 27       -0.03364      0.0082632
30 28       -0.02355      0.0098448
30 29      -0.014944      -0.013251
30 30     -0.0062736     -0.0079358
31  0      0.0076176              0
31  1       0.039098       0.029196
31  2       0.028904       0.002209
31  3       0.063508       0.027846
31  4        0.02705     -0.0125554
31  5      -0.048544      -0.056882
31  6      0.0007339       0.057422
31  7       0.030774       0.033956
31  8       0.038816      0.0168488
31  9       0.079948      0.0022244
31 10      -0.031134    -0.00133026
31 11      -0.026632     -0.0029122
31 12      -0.042622       0.045134
31 13      0.0085196       0.004169
31 14      -0.026662      0.0127648
31 15        0.02798      0.0140814
31 16     -0.0070346     -0.0171258
31 17      -0.029722      -0.009047
31 18     -0.0117852      -0.006503
31 19     -0.0080922       0.016741
31 20     -0.0096174      0.0027878
31 21     -0.0073356        0.04455
31 22      -0.020158       0.004721
31 23      -0.014064       0.050944
31 24        0.07024       0.025566
31 25       0.036358       -0.02806
31 26       0.001421     -0.0090632
31 27      -0.023928       0.024494
31 28      0.0081076       0.026604
31 29      -0.020962     -0.0125192
31 30      0.0109958      -0.023732
31 31     -0.0137598      -0.028988
32  0       0.032177              0
32  1    -0.00191176      0.0170638
32  2        0.02767       -0.06385
32  3     -0.0037878      -0.008208
32  4       0.026132       0.063214
32  5     -0.0041742       -0.04024
32  6      -0.022616        0.03679
32  7     -0.0023594      0.0045098
32  8     -0.0149998     -0.0160052
32  9      -0.003176      0.0136486
32 10      -0.015379       0.032362
32 11      0.0139692       0.028862
32 12      -0.024272      0.0175198
32 13     -0.0096596     -0.0003979
32 14      0.0029602       0.037122
32 15       0.026914      0.0082856
32 16       0.064314       -0.04706
32 17     -0.0104186     -0.0072652
32 18     0.00027832       0.058512
32 19      -0.003706      0.0080582
32 20      0.0181438     -0.0116418
32 21      0.0172898      0.0173008
32 22       0.046702      -0.023268
32 23     -0.0049034       0.027154
32 24       0.027072    -0.00091524
32 25       0.043186     -0.0182852
32 26      -0.028652      -0.043518
32 27      -0.012743      -0.044812
32 28      -0.017599       0.026374
32 29      -0.004427       0.024758
32 30      0.0143518      -0.044594
32 31     -0.0176896      -0.011811
32 32      -0.021954      0.0059066
33  0       0.034116              0
33  1      -0.033108      -0.023354
33  2       0.026502     -0.0121418
33  3      0.0055674     -0.0141674
33  4     -0.0157768     -0.0149528
33  5      0.0162462     -0.0051004
33  6       0.033388       0.031464
33  7      -0.031132       0.027242
33  8       -0.02014       -0.03451
33  9      -0.003168     -0.0131384
33 10      -0.021372       0.023716
33 11       0.025188      0.0064594
33 12       0.025536       0.026134
33 13      0.0130978       0.026472
33 14     -0.0111618      0.0067088
33 15       0.051858       0.011671
33 16       0.053532     -0.0059912
33 17    -0.00045038       -0.02775
33 18      0.0049754       0.050652
33 19       0.025498       0.055402
33 20       0.020506        0.03673
33 21   -0.000194988        0.02352
33 22       0.038492     0.00193832
33 23      0.0164034     -0.0022868
33 24       0.021088       0.008446
33 25      0.0079922        -0.0248
33 26     -0.0113736     -0.0161166
33 27      -0.035742     -0.0170684
33 28      -0.022652     -0.0046558
33 29      0.0165086       0.014519
33 30     -0.0081634     -0.0171886
33 31       0.006059     -0.0142782
33 32      -0.027488        0.02026
33 33      -0.048806      0.0098254
34  0      0.0050249              0
34  1     -0.0072816     -0.0048942
34  2     -0.0064744     -0.0136494
34  3     0.00197758     -0.0183568
34  4       0.021914     -0.0152362
34  5     -0.0035222      -0.027018
34  6       0.027556     -0.0190728
34  7      0.0172156       0.032256
34  8     -0.0080626     0.00123502
34  9      -0.020802       0.026926
34 10       0.027226     -0.0086974
34 11       0.022408     -0.0040906
34 12    -0.00194822       0.006733
34 13      -0.004681      0.0028784
34 14       0.006062        0.03475
34 15      0.0169908      0.0174294
34 16       0.066504      -0.022488
34 17      0.0175724      -0.022726
34 18      0.0127176      0.0186148
34 19     0.00062212      0.0047594
34 20      0.0118964      0.0114148
34 21       0.026812       0.032216
34 22       0.073846       0.047884
34 23     0.00100056      -0.008951
34 24        0.00844      -0.024082
34 25     -0.0051262      -0.036502
34 26      -0.040276      0.0116404
34 27      -0.024504      0.0023278
34 28      -0.026984     -0.0033076
34 29     0.00157462       0.036844
34 30      0.0170404    -0.00129286
34 31      0.0157898       -0.02151
34 32      -0.023162      0.0093422
34 33      -0.020192    -0.00126954
34 34      0.0056978     -0.0060968
35  0       0.010677              0
35  1      -0.049142       -0.02495
35  2      -0.012463      -0.021822
35  3      -0.026906      -0.020352
35  4     -0.0015796   -0.000197836
35  5      0.0094988     -0.0192422
35  6     -0.0042092     -0.0022054
35  7      0.0124436      -0.009834
35  8     -0.0101744     -0.0029912
35  9      0.0051214         0.0216
35 10       0.047746     -0.0123132
35 11      0.0083228       0.021258
35 12     -0.0113864      -0.031142
35 13    -0.00176016      -0.030624
35 14     -0.0033796       0.008335
35 15         0.0345      0.0114076
35 16     -0.0184928      -0.023516
35 17      0.0042044     -0.0026552
35 18      -0.033754      -0.031836
35 19      -0.031154      -0.028838
35 20      -0.006148       -0.03163
35 21     -0.0046234      0.0027976
35 22       0.024254        0.02331
35 23       0.033752     -0.0175654
35 24     -0.0188096        0.01521
35 25     0.00198768      -0.032132
35 26      -0.020576       -0.03243
35 27      -0.059906      0.0104602
35 28      0.0038524       0.043382
35 29     -0.0169792       0.031998
35 30       0.024836       0.033712
35 31      0.0029438      0.0029196
35 32     -0.0020716      -0.005672
35 33      -0.017914       -0.01876
35 34     -0.0147834      0.0037094
35 35    -0.00065624        0.02754
36  0       0.021144              0
36  1     -0.0116578      -0.033712
36  2     -0.0040286      0.0048688
36  3      -0.032198       0.011064
36  4     -0.0052398      -0.021032
36  5     -0.0132388      -0.025688
36  6    -0.00095838      -0.023308
36  7      -0.035304       -0.02706
36  8     -0.0147484      0.0042222
36  9      0.0187172     -0.0096662
36 10       0.046632       -0.02197
36 11     -0.0165164     -0.0117542
36 12      0.0044894     -0.0109724
36 13     -0.0148062      -0.036292
36 14       -0.02881       -0.04938
36 15     -0.0046278       0.028224
36 16     0.00105864       -0.02754
36 17      -0.004298      -0.026234
36 18     -0.0187816      -0.025742
36 19      -0.024822      -0.021086
36 20     -0.0062296     -0.0114846
36 21      -0.012445     -0.0169938
36 22     -0.0065778       0.013935
36 23     -0.0112306     -0.0169042
36 24       0.023406      0.0078316
36 25     -0.0172196        0.06193
36 26      0.0104014      -0.014489
36 27      -0.021098      0.0088268
36 28      0.0042542       0.024088
36 29        0.05493       0.046572
36 30       0.032934      0.0063242
36 31      0.0130398       0.011711
36 32      0.0077872     -0.0055028
36 33     0.00036652      0.0048464
36 34    -0.00031146     -0.0165142
36 35     -0.0104204       0.030888
36 36      0.0188294      -0.013587
37  0     -0.0050166              0
37  1      0.0052834      -0.023374
37  2       0.027754     -0.0029578
37  3      -0.020144       0.027102
37  4     0.00146778   -0.000151886
37  5     -0.0123512       0.039308
37  6      0.0185968      0.0104284
37  7     -0.0035868     -0.0108992
37  8     -0.0166166       0.035866
37  9     -0.0129678     -0.0143484
37 10       0.028914      -0.011022
37 11       0.002361     -0.0096936
37 12     -0.0151012     -0.0181418
37 13      0.0099878      0.0137116
37 14     -0.0151586       -0.03551
37 15     -0.0113898      0.0075264
37 16     -0.0088114       0.003018
37 17       0.020866      -0.038194
37 18      -0.010498     -0.0097618
37 19      0.0039686     7.9206e-05
37 20      -0.003069     -0.0028374
37 21      -0.022278       -0.03218
37 22     -0.0115254     -0.0102584
37 23      -0.042986     -0.0067582
37 24      -0.044724     -0.0095396
37 25      -0.042246      0.0123804
37 26      0.0149412      0.0161454
37 27     8.7416e-05       0.004718
37 28      -0.023578       0.007038
37 29       0.027854      0.0091182
37 30       0.021612      0.0073378
37 31      -0.014891     -0.0195064
37 32       0.018923        -0.0083
37 33     -0.0101168     -0.0082678
37 34      0.0170682      0.0090772
37 35      0.0122606     -0.0038964
37 36      -0.025134      -0.003557
37 37      0.0045322      -0.024206
38  0      -0.006206              0
38  1     -0.0154338      -0.034748
38  2      0.0044932      0.0054176
38  3     -0.0023484      0.0012974
38  4      0.0142854     -0.0105026
38  5     -0.0187496     -0.0078562
38  6      0.0183044       0.042122
38  7       0.023842     -0.0126608
38  8      -0.028148       0.020664
38  9     -0.0080338     -0.0050882
38 10     -0.0134646      0.0026086
38 11      0.0137062      0.0068152
38 12       0.028364      0.0035904
38 13       0.002756      0.0109692
38 14      0.0058724     -0.0043998
38 15     -0.0063226      0.0023822
38 16       -0.02465     -0.0033202
38 17      -0.008023     -0.0052972
38 18    -0.00150542      -0.027724
38 19      0.0072266       0.029756
38 20        0.02529       0.023196
38 21      0.0033532     -0.0041848
38 22      -0.033562      -0.006666
38 23     -0.0126818      -0.037556
38 24      -0.028938     -0.0022948
38 25       -0.04939      0.0083948
38 26      0.0080396       0.017359
38 27       0.037464      0.0100544
38 28    -0.00074214      0.0136102
38 29       0.039482     -0.0069262
38 30     -0.0176478      -0.006205
38 31     0.00105802     -0.0148482
38 32      -0.004701       -0.02408
38 33      0.0129338     -0.0095754
38 34      0.0028482      0.0046402
38 35      0.0114322     -0.0142324
38 36        0.03012      0.0030406
38 37       -0.01076     -0.0035822
38 38     -0.0070638     -0.0144396
39  0      0.0043664              0
39  1     -0.0120556     0.00022976
39  2     -0.0026894       0.029696
39  3       -0.01405     -0.0056252
39  4      0.0063286     -0.0079364
39  5      -0.011954     -0.0113784
39  6     -0.0133262       0.020192
39  7       0.022804       -0.03921
39  8     -0.0180024       0.023382
39  9      -0.022332      0.0103108
39 10     -0.0040758      -0.011959
39 11     -0.0107548      0.0023954
39 12        0.02822      0.0040528
39 13    -0.00172302     -0.0177898
39 14     -0.0142138      0.0042092
39 15     -0.0097996       0.048106
39 16     -0.0136864       -0.00945
39 17      0.0035552       0.018663
39 18      0.0164048       0.002676
39 19     -0.0089194      0.0060438
39 20        0.02313      0.0109804
39 21       0.030904     -0.0154142
39 22     -0.0017308       0.007812
39 23      -0.003433    -0.00195938
39 24     -0.0080986     -0.0120818
39 25      0.0045254      -0.021908
39 26      0.0043084        0.02589
39 27      0.0037006     -0.0102578
39 28      0.0135584       0.005209
39 29      0.0099064      0.0075252
39 30      0.0077182     -0.0145348
39 31     -0.0185752       0.010073
39 32       0.006765      -0.023014
39 33      -0.029876       -0.02545
39 34      -0.028766       0.005948
39 35     -0.0159244      -0.019667
39 36     -0.0061204      -0.012364
39 37       0.024182      0.0045066
39 38       0.015945       0.006912
39 39      0.0020852      0.0019605
40  0      -0.016182              0
40  1     -0.0143386      -0.020542
40  2      0.0126778    -0.00183004
40  3      0.0166482      -0.021664
40  4      -0.010298      0.0095946
40  5     -0.0074416     -0.0113156
40  6       -0.00711      0.0131874
40  7       0.005054      -0.012074
40  8       0.032074    -0.00185988
40  9     -0.0068356    -0.00148874
40 10     -0.0061072      0.0170826
40 11      0.0153944      0.0065778
40 12       0.021308      0.0194838
40 13      0.0119472      0.0071638
40 14      0.0114026     -0.0152532
40 15     -0.0069292      0.0117152
40 16       0.003845      0.0084192
40 17     -0.0022608      0.0075376
40 18       0.036682       0.002165
40 19     -0.0130366      0.0179192
40 20      0.0038792      0.0020428
40 21      0.0067776      0.0055038
40 22      0.0147338      0.0051494
40 23      0.0152448      0.0113914
40 24       0.022288      0.0087978
40 25      0.0050662     -0.0066922
40 26     -0.0167476       0.010151
40 27     -0.0043428     -0.0079768
40 28    -0.00137464     -0.0092294
40 29      -0.022246     -0.0107552
40 30      0.0047792      -0.017734
40 31      -0.035828      0.0053088
40 32    -0.00181492       0.006445
40 33       0.032028      0.0139348
40 34      -0.040164      0.0046684
40 35     -0.0097162     -0.0119268
40 36     -0.0188434     -0.0141948
40 37      0.0039132     -0.0036518
40 38      0.0151554      -0.024166
40 39      0.0075498       0.034848
40 40     -0.0183398     -0.0081264
