 0  0      -0.033452              0
 1  0        -4.5621              0
 1  1         3.2328         2.9554
 2  0        -2.0777              0
 2  1         2.7172         5.4422
 2  2         5.3262        0.37564
 3  0        0.97579              0
 3  1       -1.20532         2.2614
 3  2         3.7226        -4.6392
 3  3        1.48612         4.6016
 4  0       -0.32037              0
 4  1        -2.3376       -0.85868
 4  2         3.1224        -2.1998
 4  3         2.6656       -0.84548
 4  4        0.67926        -3.1976
 5  0         2.4684              0
 5  1       -1.52224       -1.53016
 5  2       -0.21916        0.59918
 5  3         0.5994      -0.102208
 5  4        -3.2034       -0.39786
 5  5       -0.21308        1.60894
 6  0       -0.98032              0
 6  1       -0.30746       -0.61534
 6  2        -0.6066         1.8867
 6  3        0.12545        1.11168
 6  4       -1.36932        1.89266
 6  5        -2.1034       -1.75668
 6  6       -1.00828        -0.6335
 7  0        0.39216              0
 7  1        0.21722        0.98438
 7  2       -0.81576         0.3336
 7  3      -0.157118        0.12407
 7  4         1.3277         0.2188
 7  5        0.40832        0.56028
 7  6        1.04804        0.82406
 7  7       0.102824       -0.99366
 8  0        -0.2807              0
 8  1        0.46964        0.35882
 8  2        -1.1888       0.158112
 8  3       0.098118      -0.176284
 8  4        0.31672       -1.25962
 8  5       -0.72294       0.020958
 8  6         -0.314       -0.99932
 8  7        1.82356         0.9446
 8  8        0.80462        1.11312
 9  0         1.3327              0
 9  1        0.64722         1.0569
 9  2        0.36118       -0.81776
 9  3       -0.73306       -0.32324
 9  4      0.0155974      0.0085556
 9  5        0.30756        0.76742
 9  6        0.44248       -1.10306
 9  7        0.54354        -1.1815
 9  8       -1.58196        -0.9684
 9  9       -1.70488      -0.179478
10  0        0.37807              0
10  1       0.060422      -0.185914
10  2        0.97716        0.36768
10  3      -0.053614      -0.189304
10  4         0.7171       -0.33178
10  5        -0.0901        0.42778
10  6       0.097724        0.24266
10  7      0.0193768       -0.43726
10  8       -1.15734        0.67026
10  9        0.66844       -0.27106
10 10       -0.22978       0.139426
11  0        0.75533              0
11  1        0.85416         -0.555
11  2        0.21054      -0.153784
11  3       -0.39566       -0.79026
11  4        -0.6066         0.4439
11  5        0.70868        0.51756
11  6     -0.0159434        0.34858
11  7       -0.36808       0.088106
11  8      -0.110716       -0.33062
11  9       -1.01434        0.75606
11 10       -0.20532       0.104442
11 11        0.34562        -0.7276
12  0       -0.16702              0
12  1      -0.080474         -0.965
12  2        0.68742       0.151548
12  3       0.085554       -0.17162
12  4        0.22838        0.25584
12  5      -0.138578      -0.153732
12  6     -0.0062698       -0.02528
12  7       -0.54306       -0.59152
12  8         0.2146       -0.40076
12  9        0.31396        0.46792
12 10       0.145422         0.2663
12 11       0.037024        -0.2546
12 12        0.52772       0.051922
13  0       -0.31094              0
13  1       0.196878       0.081252
13  2       0.104314         0.0972
13  3       -0.84024        0.20546
13  4      -0.179922       0.097584
13  5       0.073958      -0.162468
13  6       0.150388      -0.064648
13  7        0.21738        -0.8633
13  8        0.43318      -0.143672
13  9        0.31432         0.4326
13 10     -0.0154406        0.59852
13 11       0.039376       -0.28714
13 12         0.2325       -0.29832
13 13       -0.69116       0.029662
14  0        0.21232              0
14  1        0.40546       0.188566
14  2        0.80686        0.81142
14  3      -0.139384       0.104294
14  4       -0.34104        0.22128
14  5         0.2063        0.04348
14  6        0.14505      -0.142404
14  7         0.4879       0.186852
14  8      0.0028956      -0.196508
14  9       0.095652        0.26084
14 10       0.084414      -0.106794
14 11      -0.087592       -0.69808
14 12        -0.5094         0.6465
14 13      0.0084668      -0.093054
14 14       0.068172        0.28312
15  0      -0.051822              0
15  1       0.140818      -0.028202
15  2       0.167032        0.27906
15  3      -0.027174       0.101782
15  4        0.68454        0.71196
15  5      -0.173786       0.175488
15  6       -0.29516        0.43636
15  7        0.33166       0.199284
15  8       0.025352       -0.26516
15  9        0.41836        0.43258
15 10     -0.0101274      -0.073502
15 11       -0.19307       0.065702
15 12       -0.04868       -0.69112
15 13      -0.111844       -0.20286
15 14      -0.114568       0.124806
15 15         0.5057       -0.43762
16  0        0.19736              0
16  1       -0.45518       -0.27806
16  2      -0.033818       0.094688
16  3        -0.6462       -0.35408
16  4       0.084784    -0.00102276
16  5       -0.02327     -0.0179122
16  6        0.52456        0.20138
16  7        0.25266       0.070286
16  8       -0.06203       -0.26346
16  9       0.063952        -0.5181
16 10        -0.0943      0.0042226
16 11        0.27706        0.51604
16 12       -0.23524      -0.110124
16 13        0.33312       -0.43198
16 14       0.142228        0.35466
16 15         0.6311       -0.26926
16 16      -0.079764        0.37774
17  0        0.11132              0
17  1         -0.207       -0.72126
17  2        0.05963        0.24382
17  3         0.3553        0.36598
17  4     -0.0143736      -0.085032
17  5       -0.28904      -0.135664
17  6       0.153038       -0.47638
17  7      -0.044442       -0.15377
17  8     -0.0116332       -0.29618
17  9       -0.31152       -0.45382
17 10        0.28394       -0.41858
17 11       -0.55616         0.4947
17 12       -0.27758      -0.047844
17 13       0.040912       0.109686
17 14       0.061172      -0.138768
17 15        0.28768       0.158346
17 16        0.58816       -0.58842
17 17       -0.41082       -0.50874
18  0       0.060472              0
18  1      0.0193952       -0.33812
18  2       -0.41912       -0.23318
18  3        -0.3496       0.062644
18  4       0.160968        0.35856
18  5       -0.29372       -0.11628
18  6      0.0142102       -0.04029
18  7      0.0142872        0.18855
18  8      -0.117826        0.36184
18  9      -0.004445        0.29128
18 10       0.068478       -0.07536
18 11       -0.38496       0.158226
18 12     -0.0151752      -0.084732
18 13       0.164624        -0.4795
18 14       -0.40084       0.111172
18 15      -0.010125       -0.31576
18 16      -0.088176       -0.53248
18 17       0.080306       -0.29674
18 18      -0.161704       -0.55718
19  0       -0.10305              0
19  1      -0.050416        0.37874
19  2       0.167238       0.130782
19  3       -0.36622      -0.138574
19  4      -0.112824       0.135998
19  5       0.032826       0.126602
19  6       -0.23216      0.0015993
19  7       -0.22502        0.23244
19  8       0.054042         0.5726
19  9      -0.085788       -0.20906
19 10        0.25294       0.094904
19 11       0.054296       0.182108
19 12         0.2248       0.150006
19 13         0.2243      -0.124566
19 14      -0.109138        0.12474
19 15       0.047986       0.082764
19 16     -0.0030702       -0.32784
19 17       -0.21492       0.094274
19 18       -0.36984         0.2549
19 19      -0.129684        0.14684
20  0       -0.04024              0
20  1       0.025504       -0.22312
20  2      -0.125632        0.31076
20  3       -0.20236       0.137644
20  4        0.03773       0.190812
20  5      -0.092298       0.045322
20  6       -0.10089      -0.157258
20  7       -0.35172      -0.131526
20  8        0.40306        0.22016
20  9        0.25808       -0.36822
20 10     -0.0154168       0.143804
20 11        0.28102      -0.061746
20 12     -0.0199104        0.21612
20 13        0.32988      -0.079292
20 14       0.022114        0.28214
20 15      -0.108972       -0.24386
20 16      -0.084032      -0.044778
20 17      -0.164272      -0.116886
20 18       0.176292      0.0099978
20 19         -0.392       -0.21534
20 20     -0.0114914      0.0196914
21  0      -0.070641              0
21  1       0.023154       0.039194
21  2      -0.196872        0.29128
21  3       0.114768       0.044248
21  4      -0.180356       0.095254
21  5      -0.159032       0.059768
21  6      -0.105476        0.23828
21  7      -0.078154        0.04337
21  8          0.225       0.197696
21  9       0.027234       -0.26466
21 10        0.25428       0.053376
21 11        0.30122      -0.137008
21 12       -0.23978         0.2877
21 13      -0.061136       -0.30396
21 14     -0.0168844        -0.2246
21 15        0.20432      0.0104296
21 16       0.159184       0.046482
21 17      -0.149472       0.185528
21 18       0.084024      -0.189054
21 19       0.032146       0.107914
21 20        0.20802     0.00143564
21 21       -0.11005     -0.0171142
22  0      0.0097967              0
22  1      -0.070484       0.194478
22  2        0.06899       0.128198
22  3       0.041996      -0.050762
22  4        0.17033        0.25076
22  5      -0.171766      -0.093064
22  6      -0.043494      -0.146642
22  7       0.147624      0.0119222
22  8       0.115956        0.03494
22  9       0.111838       0.198682
22 10        0.25782       -0.20866
22 11        0.20694       -0.02721
22 12      -0.112272      -0.034936
22 13      -0.150854        0.38696
22 14      -0.137226      -0.061522
22 15      -0.080246      0.0117496
22 16       0.120136      0.0127938
22 17     -0.0151402        0.34678
22 18       0.021776       0.052886
22 19      -0.093278       -0.20742
22 20        0.21172      -0.078262
22 21      -0.101296       0.169346
22 22       0.154586      -0.091992
23  0       0.069987              0
23  1      -0.099844        0.30264
23  2       0.005517       0.086272
23  3       -0.06179      -0.196838
23  4        0.21312      0.0175554
23  5       -0.03753      -0.116762
23  6        0.10734      -0.163318
23  7     -0.0176864      -0.139476
23  8      -0.187228       -0.40916
23  9      -0.075914        0.35538
23 10         -0.241      0.0193664
23 11         0.2009      -0.022316
23 12      -0.081138       0.023588
23 13      -0.068058        0.04387
23 14     -0.0174114       -0.16091
23 15      -0.056816      0.0198198
23 16      -0.077012       -0.31308
23 17       0.134236      -0.120728
23 18       0.152308      -0.181996
23 19      -0.060636       -0.02397
23 20         0.1023        0.33376
23 21      -0.046874      -0.026264
23 22        0.38012       0.079488
23 23     -0.0141374        0.22902
24  0         0.1681              0
24  1      -0.047978        0.12398
24  2      -0.012665       0.087762
24  3       0.083426      0.0051468
24  4       -0.16103       0.095458
24  5      -0.158262      -0.129886
24  6      -0.164102       0.189492
24  7        0.03549      -0.065378
24  8       -0.19636      -0.089072
24  9       -0.22088      -0.028148
24 10      -0.077634       -0.16008
24 11       0.141422       -0.15689
24 12      -0.094832        0.35126
24 13       -0.12731       -0.12303
24 14       0.188806       -0.10352
24 15       0.080226       -0.26458
24 16      -0.072806        0.18522
24 17       0.130866      -0.151876
24 18       0.035572        0.06191
24 19      -0.120658      -0.147188
24 20       0.132342        0.08094
24 21       0.127456       0.104486
24 22     -0.0063832       0.190012
24 23     -0.0104204       -0.33492
24 24        0.41252       -0.29442
25  0      0.0094752              0
25  1       0.034604       -0.22714
25  2      -0.133882      -0.035008
25  3       -0.25236         0.2265
25  4        0.29686       0.066128
25  5       0.063078      0.0072826
25  6       -0.19452      -0.039906
25  7     -0.0143418     -0.0099788
25  8      -0.124624       0.047916
25  9      -0.185524       0.041854
25 10       0.004561      -0.082732
25 11      -0.099578      -0.039884
25 12       0.169236       0.110364
25 13      -0.063302        -0.3874
25 14       0.190968       0.068966
25 15       -0.06903        -0.3071
25 16       -0.02657       0.066074
25 17      -0.089256       0.007055
25 18      -0.125984       0.185964
25 19       -0.41054       0.090688
25 20       0.029272        0.13386
25 21       0.077578       0.142384
25 22       0.059836      -0.078008
25 23      -0.142326       -0.32102
25 24      -0.127674       -0.15143
25 25        0.25256      -0.023566
26  0      -0.042533              0
26  1     -0.0053182      -0.027088
26  2      -0.137546     -0.0054684
26  3        -0.3434       -0.02891
26  4      -0.174764       -0.05514
26  5      -0.075604       0.058806
26  6      -0.021266     -0.0058962
26  7        -0.2353       0.018016
26  8       -0.13537      -0.095936
26  9       -0.25324      -0.130694
26 10       0.161192        0.08097
26 11      -0.197422       0.154726
26 12          0.227         0.2954
26 13      0.0100034        -0.3666
26 14       0.144678      -0.149828
26 15      -0.063418        0.23438
26 16       0.164154      -0.188476
26 17      -0.057234        0.06484
26 18       0.065602       -0.16978
26 19       -0.26688      -0.182006
26 20       0.045666       0.113816
26 21      0.0159378      -0.143352
26 22          -0.28      -0.196326
26 23       0.089188      -0.152724
26 24       0.086996      -0.145932
26 25      -0.123824        0.12541
26 26       -0.02886      -0.131598
27  0       -0.05858              0
27  1       0.074018        0.25988
27  2       0.025136       0.169556
27  3        0.04874       0.114056
27  4       -0.22438       0.055176
27  5       -0.12787       0.141814
27  6       0.083212      -0.046848
27  7       -0.22478        0.23928
27  8       0.107714       0.035856
27  9      -0.127622       -0.06371
27 10       0.168642       -0.03734
27 11      -0.053362      0.0118798
27 12        0.27262       0.108446
27 13      -0.059122       0.088782
27 14      -0.042556       -0.32082
27 15       -0.07559       0.132114
27 16      -0.032608      0.0043054
27 17      -0.132914       0.047502
27 18      -0.057206       0.163248
27 19      -0.064638      -0.092702
27 20       0.094134      -0.048614
27 21        0.02598      -0.032792
27 22       0.087122     0.00019834
27 23     -0.0086874      -0.070634
27 24     -0.0077146       -0.07116
27 25      -0.109958       0.109042
27 26        0.05416       0.084644
27 27      -0.085714       -0.26048
28  0       0.033528              0
28  1     -0.0068336       0.181392
28  2       0.031566       0.076758
28  3        0.24086       0.128366
28  4      -0.048488        0.22258
28  5       0.138454       0.101314
28  6       0.183672       -0.04753
28  7     -0.0066118       0.183634
28  8      0.0080086       0.060386
28  9      -0.164872       0.026698
28 10      -0.085182      -0.040802
28 11      -0.073364        0.08599
28 12       0.094158      0.0191182
28 13        0.11228    -4.3162e-05
28 14        0.17304      -0.148966
28 15       -0.03608       -0.22754
28 16      -0.129222        0.03544
28 17       0.029752       0.093352
28 18     -0.0096314      0.0039308
28 19       -0.02495       0.159946
28 20        -0.2711       0.076396
28 21       0.056368       0.157428
28 22       0.067434       0.092066
28 23        0.07208       0.112212
28 24       0.192036        0.21842
28 25       0.041932     0.00098158
28 26      -0.102958        0.04902
28 27        0.20504        0.20152
28 28      -0.020732       -0.27352
29  0       0.058251              0
29  1       0.070262       0.154766
29  2       0.125316     -0.0067408
29  3       0.146472      -0.119802
29  4        -0.1025       0.149786
29  5      -0.031792       0.086276
29  6       0.066824      -0.141688
29  7       0.126052      -0.113444
29  8     -0.0145372       0.085048
29  9       0.036738       -0.03448
29 10      -0.109178      0.0163486
29 11      0.0111462     -0.0045528
29 12      0.0071288        0.11701
29 13       0.117626       -0.04399
29 14       -0.19318      -0.005984
29 15       0.162584      -0.119476
29 16      0.0087148       0.033516
29 17       0.079406      -0.088802
29 18       -0.13305      -0.033092
29 19      -0.079298      -0.114696
29 20      -0.095628      -0.196054
29 21      -0.036718     -0.0111806
29 22        0.02252        0.02798
29 23       0.160752       -0.03476
29 24       0.096746      -0.094294
29 25       -0.11181        0.20768
29 26       0.174192       -0.02662
29 27      0.0044466       0.040584
29 28       0.122922      -0.064286
29 29        0.20604      -0.055106
30  0       0.029934              0
30  1      0.0146794       0.150704
30  2        0.21966      -0.114238
30  3       0.185286      -0.104594
30  4      -0.187764      -0.002743
30  5      0.0115834       0.054646
30  6       0.022912      -0.040234
30  7       0.004791        -0.1412
30  8       0.078542       -0.05125
30  9       0.097268      -0.138496
30 10       0.031298       0.070726
30 11      -0.133584      -0.175518
30 12       0.128024       0.053512
30 13       0.071122      -0.071518
30 14         0.2217       0.082212
30 15      -0.060996      -0.075038
30 16      -0.045134     -0.0100058
30 17       0.069948      -0.064388
30 18      -0.090118      -0.020192
30 19      -0.059904      -0.077842
30 20        -0.0911      -0.113424
30 21      0.0107906       -0.20646
30 22        0.11126       0.052814
30 23       0.174234      -0.132718
30 24      -0.101882      -0.196604
30 25      -0.122812       -0.29972
30 26       -0.27676       -0.12531
30 27       0.140172      -0.188208
30 28       0.098232      -0.037596
30 29       0.097374     -0.0187638
30 30       -0.13788       0.161566
31  0       0.033542              0
31  1        0.15981      -0.120912
31  2       0.096924      -0.034596
31  3       0.052546      -0.057726
31  4       -0.22988       0.021656
31  5      -0.147622      0.0195352
31  6       0.080196       0.032912
31  7     -0.0142218      -0.027058
31  8      0.0136754      -0.085604
31  9       0.150678       0.107254
31 10        0.16113       0.082836
31 11      -0.030642       -0.10504
31 12      -0.046274      -0.053784
31 13       0.081354      -0.023348
31 14         0.3262      -0.078652
31 15      0.0072958     -0.0185604
31 16      0.0148358       0.076758
31 17       -0.23426       0.150262
31 18     -0.0047122      -0.172394
31 19       0.064484       0.083746
31 20      -0.114188        0.21592
31 21      -0.030938       0.056012
31 22    -0.00033582       -0.03083
31 23       0.030814      0.0059024
31 24       0.140604      -0.067104
31 25       -0.07053      -0.179726
31 26       -0.23904       -0.09722
31 27       0.119982       -0.12388
31 28       0.156318       0.063718
31 29      -0.168146      0.0017303
31 30      -0.125844      -0.095114
31 31       -0.20888       -0.22016
32  0         -0.104              0
32  1       0.158184       0.037816
32  2      -0.170534      -0.077604
32  3      -0.010715     -0.0005886
32  4       0.049496       0.069122
32  5        0.03372      0.0186794
32  6       -0.14453        0.03523
32  7       0.016603      -0.115876
32  8       -0.11465       0.064758
32  9       0.081072       0.187876
32 10      -0.169724      -0.062846
32 11      -0.088794       0.158904
32 12      -0.049492        0.11711
32 13       -0.14164       0.070848
32 14       0.130386      -0.128042
32 15       0.038458       0.038882
32 16        0.16863      -0.025854
32 17      -0.138246         0.2177
32 18     -0.0043862       0.080146
32 19       0.055456       0.075898
32 20        0.02334      -0.155764
32 21       0.029612       0.053126
32 22       -0.22856        0.15999
32 23       0.159582        0.02401
32 24       -0.09644        0.03095
32 25       0.062456     -0.0186734
32 26       0.057454       0.041728
32 27      -0.117058        0.24606
32 28       -0.27886         0.1504
32 29        -0.3368       0.076212
32 30       0.042634      -0.065276
32 31      -0.094414      -0.020158
32 32      -0.092866      -0.173562
33  0      -0.024161              0
33  1      -0.103014       0.079472
33  2      -0.197564      -0.138756
33  3      -0.180938      -0.030778
33  4       0.083958       0.078432
33  5       0.120806       0.114898
33  6       0.090918        0.19646
33  7        0.02732     -0.0162226
33  8      0.0074924      -0.056178
33  9      0.0061624         0.2175
33 10      -0.115776       -0.22988
33 11      -0.170984       0.112642
33 12      -0.032906     -0.0082322
33 13      -0.057174      -0.089972
33 14       0.035686       0.053688
33 15      -0.022974     -0.0195568
33 16      -0.029882       0.088342
33 17        0.16371      -0.026286
33 18      -0.028986      -0.170872
33 19      -0.052268       0.157068
33 20       0.069794       0.067902
33 21      -0.023208      -0.100826
33 22       0.097924       0.035326
33 23        0.15555       -0.03607
33 24        0.07026        0.13926
33 25       0.081262      -0.033794
33 26       0.017733       -0.20194
33 27       0.094632       0.142938
33 28       -0.10805      0.0171378
33 29       -0.20568       0.020944
33 30      0.0081144      -0.024528
33 31       0.078738      0.0149342
33 32       0.029378       0.071584
33 33      -0.094856        0.08194
34  0        0.13762              0
34  1       0.037758       0.085916
34  2      -0.081898       0.075292
34  3       -0.14803     -0.0155412
34  4       0.031248      -0.087014
34  5      -0.022536       0.037074
34  6     -0.0146556       0.056854
34  7     -0.0148146      -0.010111
34  8     -0.0038104        0.03933
34  9      -0.057258         0.2229
34 10       0.191614      -0.044602
34 11       0.111436      -0.093466
34 12       0.092518       0.013624
34 13      9.055e-05       -0.16681
34 14       0.109402      -0.005081
34 15      -0.063626      -0.111404
34 16      -0.197316        0.05425
34 17       0.038298      -0.064874
34 18      -0.038334      -0.049442
34 19      0.0143866         0.0201
34 20       0.078502       -0.03636
34 21      -0.111626      -0.034268
34 22        0.11201       0.061318
34 23       0.026434      -0.046658
34 24       0.171888      -0.094272
34 25     0.00147544      -0.021588
34 26      -0.087338       -0.13833
34 27       0.112824      -0.118346
34 28       0.066128       0.049962
34 29       0.099048       0.092448
34 30       0.146688       0.072688
34 31       0.087442       0.194164
34 32      -0.103592       0.052874
34 33      -0.027552        0.16314
34 34      -0.191394       0.168566
35  0        0.04917              0
35  1        0.08528       0.017775
35  2      -0.057762       0.075332
35  3      0.0032788       0.065082
35  4        0.11325      -0.052452
35  5       0.057706      -0.038944
35  6     -0.0124846      -0.136604
35  7      -0.101492      -0.124612
35  8      -0.025684      -0.180958
35  9       -0.24926       0.022966
35 10      -0.026666      -0.146178
35 11        0.18713       0.065396
35 12       0.060354       0.034332
35 13       0.138186      -0.024706
35 14     -0.0146596     0.00107692
35 15       0.059548       -0.15994
35 16        0.10278      0.0084844
35 17       -0.02654       -0.07157
35 18      -0.021596       0.040064
35 19         -0.179       -0.05134
35 20      -0.015824       0.034382
35 21       0.195664        0.06482
35 22       -0.05252       0.092704
35 23     -0.0101934      0.0186772
35 24     -0.0189556       -0.23842
35 25       0.109754       0.049352
35 26       0.065122      -0.154608
35 27       0.077066      -0.101112
35 28      -0.068154      -0.023238
35 29       0.049926     -0.0195842
35 30        0.17718       0.053386
35 31       0.045352       0.053554
35 32       0.004607       0.110338
35 33       0.085494       0.088642
35 34      -0.011711       0.124546
35 35      -0.025668       0.098808
36  0       0.035287              0
36  1       0.083194      -0.031552
36  2       0.015626     -0.0114216
36  3      -0.023274      -0.063712
36  4      -0.074942      -0.056918
36  5        0.08306      -0.077882
36  6      0.0023224      0.0032276
36  7       0.033538      -0.078638
36  8       0.104708        0.03674
36  9     -0.0150786       0.012893
36 10       -0.07214      -0.092626
36 11       0.024836      -0.043718
36 12        0.04804       0.139302
36 13      -0.163296      -0.038206
36 14      -0.080512       0.100106
36 15      -0.058814      -0.145208
36 16          0.098      -0.068962
36 17       0.049162      -0.052964
36 18        0.15302       0.042006
36 19      -0.197424       0.161352
36 20      -0.031696       -0.12248
36 21       0.062184      -0.029488
36 22      -0.081716       0.145818
36 23     -0.0193558       0.106366
36 24       0.063756      -0.070232
36 25     -0.0084214        0.02281
36 26        0.03123      -0.056398
36 27       0.029718       0.054704
36 28      0.0157136       0.025048
36 29      -0.060114       0.062882
36 30       0.084968      -0.049222
36 31       0.145328      -0.129254
36 32      0.0021284      -0.116778
36 33       0.086996        0.14206
36 34       0.131804      -0.031212
36 35       0.044138       0.060332
36 36        0.08564        0.20006
37  0       0.080126              0
37  1      -0.106658      -0.036404
37  2      -0.022664       0.060236
37  3      0.0060726      -0.040118
37  4      -0.154214      0.0084568
37  5      0.0026466      -0.043302
37  6      0.0177008       0.079748
37  7       0.023586      -0.058796
37  8      -0.083378       0.056748
37  9       0.096564       0.173088
37 10        0.18936       0.021292
37 11       0.080674      0.0119442
37 12       0.022542       0.031206
37 13      -0.078198       0.063296
37 14      -0.050252       0.024082
37 15     -0.0052596      -0.112996
37 16      -0.117882      -0.022144
37 17       0.021744      -0.144648
37 18        0.08938       0.075192
37 19       0.078418         0.2176
37 20      -0.026798       -0.18201
37 21       0.042796       -0.15138
37 22       0.080236      0.0027352
37 23     -0.0145118      -0.044392
37 24       0.060982       0.051624
37 25      -0.005189       0.078422
37 26      0.0092738        0.09234
37 27       0.093576       0.075016
37 28      -0.040024       0.088854
37 29       -0.02104        0.16646
37 30       0.139108      0.0140462
37 31        0.05114      -0.028482
37 32       0.104084      -0.102246
37 33       -0.05737       -0.21856
37 34        0.10315     -0.0197892
37 35       0.167558      -0.041586
37 36       0.095034       0.128302
37 37       0.101342      0.0082166
38  0         0.0552              0
38  1        -0.0458      -0.029722
38  2       0.068584       0.076752
38  3       0.096822       0.154282
38  4      -0.053446     -0.0188474
38  5      -0.045546       0.063562
38  6      0.0033086       0.058838
38  7       0.098526         0.1288
38  8      -0.151256       -0.08113
38  9       0.034746     -0.0053224
38 10          0.214       -0.03148
38 11       0.025538      0.0033326
38 12       0.041534      -0.031974
38 13       0.062094       0.160698
38 14      -0.070262     -0.0191688
38 15      0.0154082      -0.026114
38 16       0.005842      0.0195066
38 17      -0.066132     -0.0039554
38 18      -0.103082      -0.064034
38 19       0.041384     -0.0115346
38 20      -0.061584       0.031642
38 21       0.026938      -0.096816
38 22       0.038222      -0.057768
38 23      -0.023462      -0.026692
38 24        0.20394       0.037612
38 25    -0.00170386       0.130968
38 26      -0.092564     -0.0138778
38 27       0.044462      -0.056612
38 28       0.069532       0.054624
38 29      -0.066994        0.10948
38 30      -0.008109       0.109304
38 31       0.120064      -0.011692
38 32      -0.088398        0.04611
38 33      -0.013606       -0.11266
38 34       0.054218      0.0079502
38 35      -0.049182     -0.0195216
38 36      -0.152132      -0.051394
38 37       0.090988      -0.103822
38 38        0.02046       -0.09855
39  0       0.012729              0
39  1      -0.045264       -0.11762
39  2       0.023848      -0.082542
39  3     -0.0079752       0.099446
39  4       0.035376       0.025666
39  5      0.0147726      -0.037752
39  6      -0.090032      -0.096432
39  7       0.100798        0.10076
39  8       0.114208      -0.030316
39  9       0.020576      -0.012327
39 10       0.051312      -0.176066
39 11      -0.002415      -0.127548
39 12       0.048514       -0.08488
39 13      0.0122646       0.105284
39 14       -0.05864       -0.08473
39 15       0.085904       0.099624
39 16      0.0076932       -0.00519
39 17     -0.0182202        0.07257
39 18      -0.029914       0.101874
39 19      -0.126108      -0.147746
39 20      -0.107752     -0.0083716
39 21        0.02956      -0.074378
39 22       0.061934      0.0025474
39 23      -0.198598       0.038878
39 24      0.0020706     -0.0106584
39 25        0.05734    -0.00091562
39 26       -0.05445       -0.03102
39 27       -0.05852      -0.024064
39 28       0.004208       0.004205
39 29       -0.02674       0.020318
39 30        0.05969       0.126058
39 31      -0.116038      -0.043242
39 32        0.10597      -0.130674
39 33       0.074642      -0.113696
39 34       0.089292      0.0055784
39 35      -0.070634       0.156226
39 36      -0.123114      -0.056784
39 37      -0.166458      -0.199362
39 38      -0.029152      -0.163528
39 39       0.034736       0.081624
40  0      -0.028683              0
40  1       -0.23784       -0.09937
40  2       0.032966       -0.12397
40  3      -0.048978      -0.043026
40  4       0.050704        0.03662
40  5      0.0184668       0.054132
40  6       0.016224      -0.033234
40  7      -0.038154      -0.031022
40  8       0.122242      -0.092288
40  9       0.036116      0.0056226
40 10       0.138234      0.0173248
40 11      -0.020544      -0.119038
40 12       0.113288      -0.151632
40 13       0.088296       0.038894
40 14       -0.08782      -0.062532
40 15        0.05485      -0.108738
40 16    -0.00024318       0.074692
40 17    -0.00137632     -0.0027232
40 18      -0.060782       0.036396
40 19       0.083114       0.066298
40 20       -0.05004       0.081326
40 21      -0.084356     -0.0058814
40 22       0.075406      -0.060818
40 23      -0.148764        0.03609
40 24      -0.116354     -0.0122486
40 25       -0.16141      -0.034728
40 26       0.071708      -0.114424
40 27        0.06894      0.0039722
40 28      -0.022026     -0.0132966
40 29      0.0196738       0.106484
40 30       0.064476         0.0884
40 31         0.0705       0.128828
40 32       0.108376       -0.03357
40 33       0.115446       -0.08488
40 34        0.13215     0.00084096
40 35       0.090792    -0.00025854
40 36      -0.130788       0.086266
40 37      -0.037606       0.077962
40 38       -0.06683       0.009425
40 39      -0.084892       0.048582
40 40       -0.14437       0.186372
