 0  0       -0.14818              0
 1  0        -4.0376              0
 1  1         2.9194         2.6862
 2  0        -1.8477              0
 2  1         2.5294         5.0858
 2  2          4.997        0.20202
 3  0         0.9776              0
 3  1       -1.17504         2.0726
 3  2         3.3744        -4.1868
 3  3        1.54826         4.3428
 4  0       -0.28774              0
 4  1        -2.2246       -0.75794
 4  2         2.8442         -2.005
 4  3         2.5422       -1.05652
 4  4        0.69944        -2.8544
 5  0         2.2861              0
 5  1       -1.38064       -1.49206
 5  2       -0.34722        0.55444
 5  3        0.61532      -0.156648
 5  4        -2.7674       -0.45806
 5  5       -0.28884        1.47618
 6  0       -0.93144              0
 6  1        -0.1145       -0.47796
 6  2       -0.61856        1.90304
 6  3       0.031526         0.7525
 6  4       -1.18582        1.75678
 6  5        -2.0688       -1.62692
 6  6       -0.96464        -0.4654
 7  0        0.45586              0
 7  1        0.37482         0.8073
 7  2       -0.93662        0.30382
 7  3      -0.102712       0.065646
 7  4        1.16566         0.2616
 7  5        0.32642        0.55212
 7  6         0.9496        0.65858
 7  7       0.198098       -0.93302
 8  0       -0.36953              0
 8  1         0.4227        0.35554
 8  2       -1.26688       0.195126
 8  3       0.080396      -0.187616
 8  4         0.2848       -1.17438
 8  5       -0.60514       0.067464
 8  6       -0.21332       -0.88546
 8  7        1.72874        0.70762
 8  8        0.75514        1.04126
 9  0         1.2188              0
 9  1        0.62236        1.02352
 9  2        0.29936        -0.6419
 9  3       -0.72104       -0.32714
 9  4        -0.0146       0.078598
 9  5        0.34506          0.659
 9  6        0.40782        -1.0469
 9  7        0.39848       -1.20318
 9  8       -1.47298       -0.80478
 9  9       -1.54116       -0.21226
10  0        0.33688              0
10  1       0.102216      -0.173214
10  2        1.06844        0.29622
10  3      -0.071072      -0.188924
10  4         0.8093       -0.29834
10  5      -0.070054        0.29456
10  6       0.120696       0.161406
10  7      -0.111954       -0.44436
10  8       -0.97686        0.52724
10  9        0.65974       -0.28468
10 10       -0.20484       0.098834
11  0        0.67566              0
11  1        0.82184        -0.5866
11  2       0.127442      -0.131704
11  3        -0.3001        -0.8497
11  4       -0.54176         0.4172
11  5        0.65324        0.51656
11  6      -0.044008        0.31526
11  7       -0.34482       0.039138
11  8      -0.034464       -0.32338
11  9       -0.90812        0.81776
11 10       -0.21292         0.2563
11 11        0.30332       -0.58746
12  0      -0.071614              0
12  1      -0.094676       -0.85106
12  2         0.5804       0.113746
12  3       0.031438      -0.142524
12  4        0.23752          0.348
12  5      -0.127488      -0.158054
12  6       0.099032       0.045028
12  7        -0.5402       -0.60072
12  8       0.119814       -0.38092
12  9         0.2863        0.48394
12 10         0.0821        0.21456
12 11      0.0062022       -0.24714
12 12        0.52568      -0.059564
13  0       -0.37254              0
13  1       0.037406       0.082286
13  2       0.041218        0.14041
13  3       -0.78448        0.15069
13  4      -0.183684       0.058964
13  5        0.11697      -0.140432
13  6       0.171122      -0.063492
13  7        0.16482       -0.81566
13  8        0.32096      -0.115348
13  9        0.29726        0.37074
13 10        0.02268        0.55798
13 11       0.102042       -0.35594
13 12        0.28638       -0.31426
13 13       -0.61684        0.22194
14  0        0.11905              0
14  1         0.3338       0.197894
14  2        0.76546         0.7162
14  3      0.0054592       0.111386
14  4        -0.2831         0.2129
14  5        0.25156       0.035918
14  6       0.178372      -0.196202
14  7        0.45668       0.188432
14  8       0.048814         -0.228
14  9      -0.051176        0.32596
14 10       0.096838        -0.0755
14 11      -0.177036       -0.73882
14 12       -0.36536        0.55814
14 13       0.077886      -0.106842
14 14       0.151348        0.34456
15  0       -0.15285              0
15  1       0.179786        -0.0494
15  2       0.196022        0.22102
15  3       0.052016       0.028178
15  4         0.5601        0.63482
15  5       -0.17956       0.072236
15  6       -0.27686        0.36928
15  7         0.2478        0.18901
15  8        0.11624       -0.25452
15  9        0.41762        0.37804
15 10       0.063068      -0.134298
15 11      -0.120106      0.0168904
15 12     -0.0132124       -0.73604
15 13      -0.168194       -0.20294
15 14      -0.077614       0.100964
15 15        0.42382       -0.43694
16  0         0.1989              0
16  1       -0.36302         -0.254
16  2      -0.028876       0.121402
16  3       -0.67366       -0.35462
16  4        0.02754      -0.049402
16  5      -0.060842      -0.036526
16  6         0.4596        0.27834
16  7        0.25202       0.052052
16  8      -0.068664       -0.24702
16  9      -0.073486       -0.45282
16 10      -0.093198      -0.033778
16 11        0.20574        0.52782
16 12       -0.27166      -0.153714
16 13        0.37262       -0.40084
16 14        0.16009         0.3597
16 15        0.57848       -0.32252
16 16      -0.056908        0.40854
17  0       0.089639              0
17  1      -0.189916        -0.6994
17  2     -0.0040688       0.144522
17  3         0.3484         0.3863
17  4      -0.075342       -0.04025
17  5       -0.25018      -0.129114
17  6         0.1062       -0.43488
17  7       0.063754      -0.144654
17  8       0.027672        -0.3304
17  9       -0.32042       -0.49632
17 10        0.26384       -0.36796
17 11       -0.60384         0.4314
17 12       -0.29662       -0.05214
17 13       0.072218      0.0151932
17 14       -0.02721      -0.131266
17 15         0.2211       0.134066
17 16        0.67534       -0.56914
17 17       -0.40036       -0.42022
18  0        0.11218              0
18  1      -0.057338       -0.31262
18  2       -0.37194        -0.2616
18  3       -0.27882       0.082726
18  4       0.127884        0.33148
18  5      -0.166032      -0.043162
18  6        0.04583      -0.078924
18  7       -0.04846       0.112202
18  8      -0.191464        0.31052
18  9      -0.069816         0.2698
18 10       0.061322       -0.07728
18 11       -0.47222        0.20042
18 12     -0.0059098      -0.115388
18 13       0.131374       -0.50196
18 14       -0.30318       0.077742
18 15       0.060074       -0.31062
18 16      -0.080098        -0.4849
18 17       0.121852       -0.29836
18 18       -0.21028       -0.47402
19  0       -0.12815              0
19  1      -0.101074        0.29058
19  2       0.129378        0.10869
19  3       -0.32682       -0.08295
19  4      -0.085704       0.101046
19  5        0.02972        0.05094
19  6       -0.24456      -0.020512
19  7       -0.27854       0.150892
19  8       0.015769        0.60284
19  9       -0.11494      -0.198246
19 10         0.2367        0.10432
19 11        0.04741       0.181736
19 12        0.18515       0.122946
19 13        0.23414      -0.192338
19 14      -0.153054        0.16314
19 15       0.011266      0.0197056
19 16     -0.0152496        -0.3584
19 17      -0.091846       0.026606
19 18       -0.40788        0.28042
19 19      -0.145172       0.146568
20  0       -0.12637              0
20  1       0.088162      -0.126446
20  2      -0.089372        0.31692
20  3      -0.142538         0.2128
20  4      -0.054726       0.135048
20  5      -0.117652       0.075642
20  6       -0.11671      -0.171184
20  7       -0.38714      -0.119514
20  8        0.36688        0.22462
20  9         0.2419        -0.3035
20 10       0.030914        0.13389
20 11        0.27152      -0.104024
20 12       0.026144        0.20866
20 13        0.33912      -0.034748
20 14       0.049606        0.22896
20 15      -0.085556       -0.26514
20 16      -0.074438      -0.071194
20 17      -0.153516       -0.07595
20 18        0.21702      -0.004057
20 19       -0.22662      -0.124754
20 20      -0.064286       0.042344
21  0      -0.054346              0
21  1       0.049294        0.09655
21  2       -0.20962        0.26232
21  3       0.039538       0.067916
21  4       -0.23662        0.14507
21  5      -0.187484       0.071862
21  6      -0.110884        0.25782
21  7       -0.07574        0.06293
21  8        0.21314       0.197672
21  9     -0.0094314       -0.27768
21 10        0.24332       0.028248
21 11        0.28334       -0.17314
21 12      -0.198696        0.24696
21 13      -0.103308       -0.28816
21 14      -0.032522      -0.184786
21 15        0.23292      -0.076504
21 16       0.055382       0.060108
21 17      -0.137904        0.16937
21 18       0.118484      -0.135738
21 19     -0.0103588        0.12162
21 20        0.23146      -0.037302
21 21      -0.130434        0.05862
22  0       0.015934              0
22  1      -0.043604        0.20308
22  2       0.044082       0.124732
22  3       0.074848      -0.088566
22  4       0.155418         0.2349
22  5      -0.123136      -0.119536
22  6      -0.027126       -0.11095
22  7       0.173844      -0.116396
22  8       0.122746      -0.024318
22  9       0.130354       0.182134
22 10        0.23946       -0.20906
22 11        0.12095      -0.095718
22 12       -0.14148       -0.04078
22 13       -0.20628        0.39952
22 14        -0.2397      -0.070142
22 15      -0.051244      -0.031884
22 16       0.031952       0.060412
22 17     -0.0029762        0.24682
22 18     -0.0198318       0.097784
22 19      -0.093764       -0.24842
22 20        0.20494      -0.126746
22 21      -0.023672        0.21198
22 22       0.071782      -0.048102
23  0       0.077676              0
23  1      -0.108588        0.24746
23  2       0.021416       0.070966
23  3      -0.033318      -0.176092
23  4       0.188548      -0.090238
23  5      -0.084922      -0.128112
23  6       0.130138      -0.152554
23  7     -0.0056764      -0.130168
23  8      -0.196894       -0.39178
23  9      -0.106074        0.31458
23 10       -0.21116       0.020538
23 11       0.149902      0.0027132
23 12       -0.14738      -0.009372
23 13       -0.04527       0.056606
23 14      -0.030862      -0.138276
23 15      -0.100842      -0.032778
23 16      -0.098428       -0.31016
23 17       0.056148      -0.097472
23 18        0.13542      -0.176952
23 19      -0.027928      -0.051062
23 20       0.153466        0.34464
23 21      -0.088464    -0.00190574
23 22         0.3947       0.110572
23 23     -0.0190652        0.27008
24  0        0.12253              0
24  1      -0.048848       0.096766
24  2      0.0089908       0.067326
24  3       0.067844      0.0163332
24  4      -0.139586       0.125874
24  5       -0.14924      -0.149544
24  6       -0.18688        0.16909
24  7      -0.053932      -0.089618
24  8        -0.2335       -0.07062
24  9        -0.2646      -0.051322
24 10       -0.09551      -0.153794
24 11         0.1079      -0.062874
24 12      -0.090288        0.33174
24 13      -0.120308       -0.10455
24 14       0.165266      -0.083844
24 15       0.021552         -0.263
24 16      -0.097376        0.23578
24 17         0.1307      -0.110064
24 18       0.026614      0.0188714
24 19      -0.138678      -0.094278
24 20       0.139576        0.10302
24 21        0.09925       0.107136
24 22     -0.0122438       0.180742
24 23       0.049002       -0.34844
24 24        0.36248       -0.20738
25  0      -0.036695              0
25  1        0.10008      -0.195894
25  2      -0.129286      -0.022326
25  3       -0.25066        0.15795
25  4        0.21096       0.060516
25  5       0.071486       0.022868
25  6       -0.20352       0.031694
25  7      -0.020574        0.02034
25  8      -0.138646    -0.00062212
25  9      -0.158192      0.0136658
25 10      0.0154422      -0.128444
25 11      -0.100516      -0.043684
25 12       0.160016       0.041988
25 13      -0.032538         -0.342
25 14       0.173654        0.07654
25 15      -0.135682       -0.34914
25 16       -0.06199       0.090482
25 17      -0.136748       -0.02057
25 18      -0.192436       0.150296
25 19       -0.32214       0.124852
25 20      0.0037042       0.126338
25 21       0.090898        0.10304
25 22       0.041118      -0.118796
25 23      -0.139376       -0.26496
25 24      -0.111162      -0.111954
25 25       0.147046      0.0047156
26  0      -0.046982              0
26  1      0.0166762      -0.022912
26  2      -0.141804       -0.02058
26  3        -0.3705      0.0104898
26  4      -0.133168      -0.038588
26  5       0.013296      0.0041844
26  6     -0.0170516      -0.013661
26  7      -0.185612      0.0122396
26  8      -0.086548      -0.102772
26  9       -0.26594      -0.140816
26 10       0.180076       0.064766
26 11       -0.20064       0.114588
26 12        0.23592         0.2468
26 13       0.063466       -0.34236
26 14         0.0958      -0.085188
26 15       -0.07464       0.165976
26 16        0.16484      -0.185366
26 17       -0.04064       0.116802
26 18     0.00016248      -0.097264
26 19       -0.25326      -0.164848
26 20     -0.0107902       0.086124
26 21       0.032888       -0.20264
26 22        -0.2746       -0.17344
26 23        0.06677       -0.12388
26 24       0.084578      -0.123874
26 25      -0.025608        0.09534
26 26      -0.054468       -0.03505
27  0      -0.082168              0
27  1       0.066506       0.197076
27  2       0.044436        0.18884
27  3      0.0167778       0.107336
27  4       -0.22818       0.039148
27  5      -0.080654       0.102412
27  6       0.121906      -0.085244
27  7       -0.21302       0.186632
27  8        0.10699       0.022796
27  9      -0.093408       -0.04781
27 10       0.176328       0.044184
27 11      -0.106754      -0.078024
27 12        0.26032       0.078944
27 13      -0.052026        0.13317
27 14      -0.159678       -0.26428
27 15      -0.100208       0.079884
27 16       -0.07154      -0.043524
27 17       -0.12126       0.109242
27 18      -0.075012       0.182814
27 19      -0.096886       -0.07774
27 20       0.087764      -0.071484
27 21     -0.0124096       -0.05099
27 22       0.052868      -0.026202
27 23       0.029644      -0.042202
27 24      -0.094824       -0.04413
27 25      -0.032142        0.15479
27 26       0.058404       0.061938
27 27      -0.108984      -0.185612
28  0      0.0050291              0
28  1      -0.041404       0.132252
28  2       0.095494        0.08797
28  3         0.2471        0.15388
28  4      -0.096794        0.20278
28  5       0.107666       0.086904
28  6       0.151292        -0.0489
28  7     -0.0065098       0.158918
28  8      -0.013412       0.096178
28  9      -0.196544      -0.026514
28 10      -0.042284      -0.020978
28 11      -0.092072       0.073764
28 12       0.094826      -0.024356
28 13        0.09189     -0.0032584
28 14       0.190356       -0.04553
28 15      -0.063608       -0.20348
28 16        -0.2005      -0.045844
28 17       0.041862       0.132984
28 18      -0.060374       0.049728
28 19      0.0112356       0.120516
28 20       -0.26204       0.052484
28 21       0.027026       0.112322
28 22       0.066776       0.066164
28 23      0.0149386        0.10402
28 24       0.172168       0.161538
28 25       0.049086      -0.064742
28 26      -0.140166       0.072408
28 27        0.20466          0.219
28 28      -0.020942       -0.25364
29  0       0.050003              0
29  1       0.058998        0.12817
29  2       0.103116      -0.031194
29  3        0.07732      -0.159258
29  4      -0.091272       0.145918
29  5      -0.026392       0.079912
29  6       0.034052      -0.078044
29  7       0.066072      -0.112658
29  8       0.025312       0.071212
29  9       0.077658     -0.0046082
29 10      -0.112804       0.023628
29 11       0.049508      -0.052642
29 12     -0.0056802       0.095912
29 13       0.101264       -0.05896
29 14       -0.17216        0.02511
29 15       0.143682       -0.09159
29 16      0.0025338       0.025296
29 17       0.065506      -0.078802
29 18       -0.17418      -0.022268
29 19      -0.063088      -0.034594
29 20      -0.134942      -0.177534
29 21       -0.02008       0.042728
29 22     0.00119194       0.027326
29 23       0.174098      -0.054068
29 24        0.05344      -0.026264
29 25      -0.139382       0.164616
29 26        0.22992     -0.0051848
29 27       0.010393      0.0122714
29 28       0.113766       0.043926
29 29       0.180516      -0.022376
30  0     -0.0021757              0
30  1       -0.02619        0.12466
30  2        0.20186      -0.059112
30  3       0.170878      -0.097296
30  4      -0.178012       0.025602
30  5       0.069912     -0.0071778
30  6        0.07014      -0.012398
30  7       0.012614      -0.135166
30  8       0.063416      -0.094484
30  9       0.119988       -0.11167
30 10       0.057168       0.119382
30 11      -0.136434       -0.15315
30 12       0.090404        0.03367
30 13       0.032888      -0.097182
30 14        0.22552       0.152132
30 15      -0.061474      -0.121094
30 16      -0.031922     -0.0087774
30 17       0.038342      -0.051028
30 18      -0.092312       0.024806
30 19      -0.052554      -0.069906
30 20      -0.092584      -0.110746
30 21      -0.032572      -0.193708
30 22        0.07879       0.076762
30 23       0.167312      -0.145352
30 24      -0.108416      -0.166804
30 25       -0.08777       -0.28316
30 26       -0.29406      -0.124546
30 27       0.149382      -0.148566
30 28       0.079346     -0.0184424
30 29       0.063296      -0.050412
30 30      -0.125212       0.181036
31  0       0.070563              0
31  1        0.13051      -0.135398
31  2       0.052358      -0.086628
31  3       0.035006     -0.0088836
31  4      -0.188578        0.05161
31  5      -0.176604      0.0099058
31  6       0.105508     -0.0135378
31  7      0.0073884     -7.494e-06
31  8       0.041702       -0.08758
31  9       0.170658       0.142396
31 10       0.141412       0.049824
31 11       0.004977      -0.073676
31 12       -0.06861      -0.039036
31 13       0.035534       -0.02403
31 14         0.3041      -0.070082
31 15     -0.0121952     -0.0084146
31 16     -0.0196942       0.088694
31 17        -0.2332       0.141512
31 18      0.0050578      -0.191446
31 19       0.027642       0.091084
31 20      -0.087646        0.18001
31 21      -0.058352       0.085786
31 22       0.025172     -0.0097618
31 23       0.053214      0.0147752
31 24       0.073468      -0.029172
31 25      -0.057736       -0.21898
31 26      -0.198934      -0.042444
31 27       0.105834      -0.102858
31 28       0.102056       0.054414
31 29      -0.168148      0.0062538
31 30      -0.065572      -0.083948
31 31       -0.26364      -0.172962
32  0       -0.12226              0
32  1       0.126106     -0.0145826
32  2      -0.171538      -0.113656
32  3       -0.03813      0.0111934
32  4       0.076764       0.049806
32  5      -0.026774     -0.0168218
32  6      -0.137032       0.036838
32  7      0.0068676        -0.0688
32  8      -0.119614        0.07449
32  9       0.096186       0.164388
32 10      -0.164238       -0.03453
32 11       -0.06672        0.16238
32 12      -0.064446       0.081434
32 13      -0.123766       0.056614
32 14       0.111026       -0.10716
32 15       0.037892       0.042114
32 16       0.148178     -0.0046836
32 17      -0.154908        0.25674
32 18      -0.024628       0.087686
32 19       0.087204       0.059098
32 20       0.080008      -0.093734
32 21       0.027728       0.085318
32 22       -0.24776       0.153322
32 23        0.12771       0.076254
32 24       -0.09285     -0.0032308
32 25       0.049354      -0.023674
32 26       0.021886      0.0100902
32 27      -0.094202        0.22128
32 28       -0.30066       0.182764
32 29       -0.29756       0.090046
32 30      -0.007383      -0.072796
32 31      -0.095062      -0.020946
32 32      -0.107802      -0.174982
33  0      -0.043772              0
33  1      -0.164566       0.073142
33  2      -0.196582      -0.086176
33  3       -0.13192      -0.045516
33  4        0.05168       0.072934
33  5        0.16402       0.059192
33  6       0.089096       0.182888
33  7      0.0168216       0.031198
33  8       -0.04728      0.0115814
33  9      0.0169298       0.169196
33 10      -0.128012       -0.20922
33 11      -0.165644       0.121396
33 12      -0.046118        0.02811
33 13      -0.033738        -0.1068
33 14       0.033364       0.050148
33 15       -0.02767     -0.0090452
33 16     -0.0165984        0.10715
33 17       0.167246      -0.040106
33 18      -0.052912      -0.097328
33 19      -0.023584       0.141084
33 20       0.050438       0.072246
33 21      -0.025834      -0.070232
33 22       0.059368       0.051668
33 23       0.132204     -0.0179764
33 24       0.063974       0.154004
33 25       0.089944      -0.089002
33 26      0.0020676       -0.15455
33 27       0.046444       0.151728
33 28      -0.099006      -0.022374
33 29       -0.17744      0.0183046
33 30      0.0044524     0.00069102
33 31       0.072994       -0.00475
33 32       0.043756       0.095292
33 33      -0.083212       0.090884
34  0         0.1543              0
34  1       0.032196       0.086486
34  2      -0.106146       0.065324
34  3      -0.109576       -0.03999
34  4       0.013034      -0.099692
34  5     -0.0033288       0.024368
34  6       0.026752       0.055492
34  7     -0.0037858        0.07306
34  8     -0.0135238       0.041278
34  9     -0.0073868       0.184568
34 10          0.166       0.005674
34 11       0.094372      -0.132154
34 12        0.10476       0.024056
34 13      0.0150714      -0.172924
34 14       0.095158       0.030474
34 15      -0.035236      -0.137296
34 16      -0.171512       0.053684
34 17       0.063192      -0.074252
34 18      -0.027048      -0.030242
34 19      0.0080256       0.075574
34 20       0.081486     -0.0075084
34 21      -0.144002      -0.064664
34 22       0.142862       0.062574
34 23       0.033352      -0.054662
34 24       0.175204      -0.065594
34 25      0.0149144      -0.032016
34 26      -0.121684      -0.133884
34 27       0.108806      -0.070854
34 28      0.0034468       0.034984
34 29       0.107242       0.071306
34 30       0.163826       0.035462
34 31        0.07226       0.176764
34 32      -0.111786       0.092908
34 33       -0.04639        0.16064
34 34      -0.198964       0.169712
35  0       0.021182              0
35  1       0.040874       0.005844
35  2       -0.05051       0.030758
35  3      0.0163274        0.04017
35  4       0.080102     -0.0133964
35  5       0.039488      -0.050034
35  6    -0.00120782      -0.118608
35  7      -0.107538      -0.091176
35  8     -0.0178542      -0.192834
35  9       -0.25948       -0.02283
35 10      0.0010273      -0.115288
35 11       0.157248       0.080824
35 12       0.038128        0.03165
35 13       0.128126      -0.049488
35 14     -0.0165274       0.026534
35 15       0.090086      -0.153234
35 16       0.097912      0.0073964
35 17      -0.057896      -0.060276
35 18      0.0030136       0.048426
35 19      -0.175724      -0.081996
35 20       -0.03475       0.071074
35 21       0.174928       0.074408
35 22      -0.048764        0.11882
35 23       0.026144        0.03214
35 24      -0.052726       -0.20594
35 25        0.09197       0.052856
35 26        0.04992      -0.100626
35 27       0.035232      -0.101494
35 28      -0.057632      -0.028764
35 29     0.00128208       0.005496
35 30       0.161666       0.021944
35 31      0.0194454       0.042498
35 32       0.040106       0.146316
35 33        0.04873       0.067066
35 34      0.0076664         0.1453
35 35      -0.042712       0.097534
36  0       0.029026              0
36  1        0.05302       -0.05118
36  2      -0.023614      -0.020412
36  3       -0.00763      -0.099348
36  4     -0.0086104       -0.04419
36  5       0.082046      -0.094876
36  6        0.00472      0.0093706
36  7     -0.0163272       -0.09962
36  8       0.082408       0.067274
36  9     -0.0030962      0.0025374
36 10       -0.04664      -0.093842
36 11       0.023706      -0.028524
36 12      0.0161206        0.17177
36 13      -0.174476      -0.027802
36 14      -0.092976       0.065682
36 15      -0.035438      -0.121396
36 16       0.075446     -0.0151822
36 17        0.02835      -0.039994
36 18         0.0844       0.039626
36 19      -0.186074        0.11748
36 20      -0.045574      -0.102226
36 21         0.0545      -0.054808
36 22      -0.075298        0.11061
36 23      -0.042784       0.157308
36 24    -0.00102174      -0.073456
36 25      -0.036798       0.042232
36 26       0.027944      -0.077142
36 27        0.03187       0.042504
36 28    -0.00159998       0.048226
36 29      -0.084492       0.047398
36 30       0.115468      -0.015385
36 31       0.112218      -0.122282
36 32      -0.054148      -0.118808
36 33       0.121528        0.09904
36 34        0.15997     -0.0109078
36 35       0.028676       0.048194
36 36       0.042368       0.166472
37  0       0.052284              0
37  1      -0.130266      -0.079972
37  2      0.0055358       0.056594
37  3      0.0027912      -0.064666
37  4      -0.143074       -0.03178
37  5     -0.0136466      -0.042968
37  6       0.028456        0.11741
37  7        0.04459      -0.036886
37  8      -0.084026       0.058578
37  9       0.092726       0.161566
37 10       0.173818       0.024884
37 11        0.10202       0.034474
37 12      0.0078366       0.023778
37 13       -0.11123       0.062434
37 14       -0.04299      0.0179674
37 15        0.03685       -0.09818
37 16      -0.110758     -0.0062968
37 17        0.01699      -0.108034
37 18       0.053114       0.076592
37 19       0.076274        0.21884
37 20     -0.0061478       -0.17986
37 21       0.051932      -0.136548
37 22       0.065454     -0.0183394
37 23     -0.0154732      -0.036226
37 24        0.06963       0.081986
37 25      -0.028516       0.068698
37 26       0.005541       0.046692
37 27       0.087458        0.06398
37 28      -0.042648        0.09656
37 29      -0.038824        0.20796
37 30       0.117398       0.006063
37 31       0.088262      -0.046444
37 32        0.06787      -0.104826
37 33      -0.033936       -0.23054
37 34        0.10174      -0.021262
37 35       0.143086      -0.035812
37 36       0.079722       0.106696
37 37       0.108886      0.0088572
38  0       0.032717              0
38  1      -0.059966       -0.03521
38  2       0.048548       0.096902
38  3       0.084874       0.133002
38  4       -0.02866      0.0029932
38  5      -0.054818       0.065414
38  6      0.0195396        0.03493
38  7          0.134       0.098222
38  8      -0.126504      -0.044574
38  9        0.01351        0.02681
38 10       0.187388      -0.040056
38 11         0.0502      0.0134404
38 12      0.0186456    -0.00137334
38 13       0.092032       0.160904
38 14       -0.05872       0.028896
38 15     -0.0110476      0.0032806
38 16       0.051568       0.050638
38 17      -0.044922       0.029564
38 18       -0.10196      -0.037144
38 19       0.024848      -0.020362
38 20      -0.018193       0.070402
38 21       0.040196      -0.084248
38 22       0.024964       -0.04812
38 23     -0.0193356      -0.025872
38 24       0.173654       0.025548
38 25        0.02685       0.145892
38 26       -0.10708      0.0111372
38 27       0.054676      -0.045228
38 28       0.039958       0.069992
38 29      -0.093682        0.11765
38 30      -0.047342       0.154784
38 31       0.100462     -0.0080334
38 32      -0.122398       0.010734
38 33      -0.014297      -0.078956
38 34        0.03664        0.04134
38 35      -0.074804      -0.025544
38 36      -0.144712      -0.050768
38 37        0.05885      -0.073878
38 38     -0.0177532      -0.099074
39  0      0.0050038              0
39  1     -0.0041544      -0.055586
39  2      0.0004364      -0.070164
39  3       0.003454       0.080802
39  4        0.05165     -0.0041256
39  5        0.02624      -0.027804
39  6      -0.113804      -0.112998
39  7       0.111982       0.043096
39  8       0.063822       -0.03794
39  9      0.0110176      -0.024594
39 10      0.0199822      -0.152888
39 11       0.027948      -0.132678
39 12        0.02786      -0.058662
39 13       0.042408       0.075988
39 14      -0.052462      -0.055774
39 15       0.054556       0.133328
39 16      0.0135508      0.0119296
39 17     -0.0105914       0.070374
39 18      -0.063768       0.108252
39 19      -0.120904      -0.144658
39 20      -0.106496     -0.0027404
39 21       0.031846      -0.097572
39 22       0.033044      0.0071546
39 23       -0.17213       0.038938
39 24        0.02322      -0.026406
39 25       0.042418     -0.0136872
39 26      -0.020096       -0.03746
39 27      -0.066222       -0.02792
39 28      0.0072598       0.023436
39 29      -0.040866       0.029804
39 30       0.045892        0.12163
39 31       -0.13546        -0.0285
39 32       0.059414       -0.10652
39 33       0.024082      -0.106026
39 34       0.050092      0.0124886
39 35      -0.072076       0.123466
39 36       -0.11999      -0.085844
39 37      -0.181116      -0.186742
39 38      -0.023698      -0.153844
39 39       0.004227       0.100388
40  0      -0.028735              0
40  1       -0.20924      -0.091004
40  2      0.0120902      -0.125112
40  3      -0.042414      -0.045032
40  4       0.075606         0.0297
40  5       0.058422       0.044646
40  6     -0.0195714      -0.038358
40  7      -0.031362     -0.0150628
40  8       0.079826      -0.049404
40  9       0.047238     -0.0058928
40 10       0.134568       0.035378
40 11      -0.008528        -0.1208
40 12        0.10598      -0.114252
40 13       0.082498       0.041996
40 14       -0.09694      -0.059346
40 15       0.044218      -0.107884
40 16      0.0153632       0.099722
40 17     -0.0112782       0.012557
40 18      -0.101834        0.02245
40 19       0.071614       0.053952
40 20      -0.060848       0.100778
40 21       -0.11305        0.02378
40 22        0.04409         -0.067
40 23       -0.15174       0.035366
40 24      -0.067832      0.0191978
40 25      -0.186202      -0.026752
40 26       0.039458      -0.086772
40 27        0.03742      0.0080842
40 28      -0.047934     -0.0084022
40 29        0.00833       0.086982
40 30       0.027588       0.067048
40 31        0.03752       0.142348
40 32        0.11991      -0.020708
40 33       0.064616      -0.058972
40 34       0.058004     -0.0170066
40 35       0.049662     -0.0065106
40 36      -0.146922        0.06174
40 37      -0.049636       0.074544
40 38      -0.039862       0.003913
40 39      -0.098904       0.106216
40 40      -0.171378       0.190714
