 0  0        -0.1835              0
 1  0        -3.3551              0
 1  1         2.4252         2.3272
 2  0        -1.5619              0
 2  1         2.2898          4.634
 2  2         4.6438      0.0004321
 3  0        0.96292              0
 3  1       -1.11528        1.89564
 3  2         2.9964        -3.5682
 3  3        1.61094         3.9622
 4  0       -0.17534              0
 4  1        -2.0064       -0.65632
 4  2          2.433       -1.73484
 4  3         2.3702       -1.20604
 4  4        0.70198         -2.265
 5  0         2.0673              0
 5  1       -1.28478       -1.45056
 5  2        -0.4854        0.49924
 5  3        0.69114       -0.21426
 5  4        -2.1864       -0.61586
 5  5       -0.43486         1.2149
 6  0       -0.84556              0
 6  1       0.020108        -0.3214
 6  2        -0.6472        1.90758
 6  3      -0.078384        0.41114
 6  4       -1.03034        1.63654
 6  5       -1.99762       -1.37828
 6  6        -0.8323       -0.23746
 7  0        0.46208              0
 7  1        0.57024           0.64
 7  2       -0.97672        0.39592
 7  3     -0.0060364       0.026282
 7  4        0.96546        0.31822
 7  5         0.2919        0.51738
 7  6        0.79848        0.48244
 7  7        0.21384       -0.82248
 8  0       -0.37614              0
 8  1        0.38162        0.43598
 8  2        -1.3694        0.23592
 8  3      0.0153792      -0.140246
 8  4         0.3292       -1.03682
 8  5       -0.52002       0.161204
 8  6       -0.09461       -0.72658
 8  7        1.64542        0.42458
 8  8        0.74672        0.89386
 9  0         1.0695              0
 9  1        0.58124        0.99496
 9  2       0.182228       -0.49716
 9  3       -0.73788       -0.27184
 9  4      -0.100654       0.146404
 9  5        0.35204        0.48424
 9  6        0.34872       -0.98532
 9  7       0.182002       -1.21726
 9  8       -1.41302       -0.66302
 9  9        -1.3389       -0.13409
10  0        0.29127              0
10  1       0.133194      -0.120986
10  2        1.07828        0.22246
10  3      -0.073118      -0.153838
10  4        0.93886       -0.27182
10  5     0.00116686        0.20012
10  6        0.18436       0.156352
10  7       -0.15666        -0.3953
10  8       -0.74848        0.39076
10  9        0.74886      -0.187508
10 10       -0.26578        0.11132
11  0        0.55247              0
11  1        0.64724       -0.55242
11  2       0.169852        -0.0304
11  3      -0.176382       -0.79054
11  4       -0.47584        0.40368
11  5         0.5074        0.47742
11  6       -0.03815        0.33654
11  7       -0.46102      -0.070172
11  8      -0.036298       -0.34494
11  9       -0.76182        0.95268
11 10       -0.22212        0.31024
11 11        0.30014        -0.5817
12  0      -0.047299              0
12  1      0.0028168       -0.73144
12  2        0.52854       0.038766
12  3     -0.0174052       -0.12382
12  4        0.24402        0.44482
12  5      -0.109832      -0.151328
12  6       0.187568      0.0142598
12  7       -0.49344       -0.54456
12  8       0.105246       -0.33444
12  9        0.33502         0.4256
12 10      0.0121448       0.176636
12 11      -0.048158      -0.174648
12 12        0.45644       0.041952
13  0       -0.36736              0
13  1      -0.072266       0.033108
13  2       -0.03101        0.27324
13  3       -0.72254       0.186238
13  4       -0.23176       0.039872
13  5        0.22418      -0.171952
13  6        0.24862      0.0156994
13  7       0.081556       -0.66212
13  8        0.21448      -0.086228
13  9        0.29868        0.41814
13 10      0.0017054        0.54922
13 11       0.147274       -0.34428
13 12        0.33896       -0.34648
13 13        -0.5567        0.21098
14  0        0.10817              0
14  1        0.34612        0.26366
14  2         0.5646         0.5101
14  3      0.0050682       0.053672
14  4       -0.22472        0.25658
14  5       0.192654      -0.043238
14  6         0.1887       -0.22002
14  7        0.42686        0.19617
14  8       0.094446       -0.27612
14  9      -0.071276         0.3138
14 10       0.114658       -0.07584
14 11      -0.116048        -0.7588
14 12      -0.161858        0.52004
14 13       0.179838      -0.002415
14 14        0.29144          0.427
15  0       -0.18234              0
15  1       0.035538       -0.11441
15  2       0.099958       0.181378
15  3        0.23936       0.103206
15  4        0.51182        0.65824
15  5      -0.110088      -0.054626
15  6       -0.15266        0.29106
15  7        0.22274       0.133334
15  8         0.2537       -0.26878
15  9        0.33928        0.39794
15 10       0.089088      -0.166708
15 11      -0.044786      -0.059606
15 12        0.03195       -0.68412
15 13      -0.197792      -0.172474
15 14      -0.190688      0.0173778
15 15        0.26248       -0.32306
16  0        0.17439              0
16  1         -0.351      -0.195048
16  2       0.104182       0.055412
16  3       -0.57996       -0.40778
16  4      -0.041816      -0.083784
16  5      -0.116272       -0.09077
16  6         0.3654        0.24716
16  7        0.16838      -0.011551
16  8      -0.106384      -0.181336
16  9      -0.097128       -0.41844
16 10      -0.078244      -0.035708
16 11        0.19147        0.55766
16 12       -0.26498      -0.186594
16 13        0.33396       -0.28952
16 14       0.141534        0.47738
16 15         0.5357       -0.32684
16 16      -0.047918        0.28916
17  0       -0.01983              0
17  1      -0.129886       -0.66238
17  2       0.123672     -0.0079868
17  3        0.33948        0.39472
17  4      -0.117692       -0.05208
17  5       -0.26954       -0.21788
17  6        0.19777       -0.39152
17  7       0.129906      -0.123782
17  8       0.119436       -0.33604
17  9       -0.30614       -0.55124
17 10       0.192128       -0.34476
17 11       -0.43338         0.3408
17 12       -0.35962      -0.057488
17 13       0.107598      -0.053578
17 14      -0.055148      -0.140046
17 15       0.186016       0.133426
17 16         0.6474       -0.49712
17 17       -0.22924       -0.36376
18  0        0.16545              0
18  1       0.035162       -0.34234
18  2        -0.2857       -0.28612
18  3        -0.2878       0.086752
18  4       0.057752         0.3492
18  5       -0.04427       0.118668
18  6       0.061264      -0.067756
18  7      -0.107576       0.108896
18  8       -0.20014        0.27436
18  9      -0.106058        0.25762
18 10       0.092042     -0.0087952
18 11       -0.50548         0.2161
18 12      0.0072442      -0.095586
18 13       0.177804       -0.41154
18 14      -0.191224       0.062724
18 15       0.118044       -0.26112
18 16      -0.142376       -0.38616
18 17       0.145786        -0.3207
18 18       -0.33344       -0.24976
19  0       -0.10344              0
19  1       -0.07701        0.20896
19  2      0.0079664       0.049412
19  3       -0.26162      -0.026138
19  4      -0.101638         0.1151
19  5     -0.0024408      -0.037096
19  6      -0.178688      -0.052292
19  7       -0.24712       0.104798
19  8       0.038188        0.47822
19  9      -0.088622      -0.170938
19 10        0.33112        0.11191
19 11       0.096198       0.156872
19 12       0.190334       0.136774
19 13       0.193498       -0.29004
19 14      -0.182578        0.21342
19 15      -0.026108       0.044158
19 16      -0.042858       -0.32846
19 17        0.11939      -0.046772
19 18       -0.42144        0.24304
19 19      -0.129516     -0.0111554
20  0       -0.17075              0
20  1       0.039846      -0.013682
20  2       -0.08238        0.31486
20  3      0.0083874        0.30394
20  4      -0.114786       0.093534
20  5        -0.0453       0.103734
20  6      -0.078694      -0.162892
20  7       -0.29712      -0.101246
20  8        0.36854         0.2277
20  9        0.21188        -0.2039
20 10       0.133056       0.126654
20 11         0.2242       -0.11025
20 12       0.099986        0.21292
20 13        0.38686      -0.051294
20 14       0.084968         0.2365
20 15      -0.023618       -0.23766
20 16      -0.071886      -0.095664
20 17      -0.089472     -0.0029574
20 18       0.133678       0.074506
20 19      -0.092074         -0.039
20 20      -0.081936       0.110924
21  0       -0.10007              0
21  1       0.012294        0.21852
21  2      -0.175196        0.22274
21  3       0.041346       0.078262
21  4       -0.28134        0.13462
21  5       -0.18377     0.00147796
21  6      -0.044956         0.1813
21  7      -0.078276        0.01519
21  8       0.160934       0.154698
21  9       0.079558       -0.23734
21 10        0.18956     -0.0171774
21 11        0.20636       -0.25474
21 12         -0.107       0.157918
21 13      -0.146938        -0.2767
21 14       -0.02756      -0.131232
21 15        0.21326      -0.108364
21 16      -0.041604       0.007444
21 17      -0.152864       0.132958
21 18       0.077592      -0.021034
21 19      -0.113522       0.119486
21 20        0.20362      -0.151464
21 21      -0.120248       0.132352
22  0      -0.039981              0
22  1      0.0198276       0.151634
22  2        0.08916       0.072528
22  3       0.059374      -0.101608
22  4       0.129192       0.198066
22  5      -0.092332      -0.164028
22  6      -0.036868      -0.066078
22  7       0.126866       -0.20846
22  8       0.190514       0.034954
22  9       0.157046       0.158304
22 10       0.183768       -0.23734
22 11       0.086846      -0.141972
22 12       -0.12487      -0.031036
22 13      -0.174752        0.44436
22 14       -0.26384      -0.065376
22 15       0.033936      -0.078522
22 16      -0.025682       0.096606
22 17        0.08934       0.168106
22 18      -0.002803        0.21172
22 19      -0.027448        -0.2835
22 20        0.20884      -0.127888
22 21       0.027904        0.25636
22 22     -0.0123396      -0.049894
23  0        0.10542              0
23  1       0.033738       0.108688
23  2       0.068162       0.025578
23  3      -0.091186      -0.165778
23  4        0.18192       -0.08637
23  5      -0.048128       -0.09299
23  6       0.116052      -0.106276
23  7     -0.0020958      -0.133618
23  8      -0.111646       -0.32964
23  9      -0.102278        0.23924
23 10      -0.133386      0.0081646
23 11        0.11673      0.0118346
23 12      -0.132072      -0.038538
23 13      -0.043612        0.04619
23 14      -0.068744      -0.142878
23 15      -0.115802      -0.060384
23 16      -0.092592       -0.24866
23 17       0.085202      -0.071776
23 18       0.085242       -0.15371
23 19       0.016573      -0.074962
23 20       0.087818        0.35044
23 21      -0.185256       0.084872
23 22        0.33696       0.086562
23 23       0.089912        0.27322
24  0        0.11448              0
24  1     -0.0053202       0.023758
24  2       0.027824       0.064714
24  3      0.0136904       0.062724
24  4      -0.058168       0.095024
24  5        -0.0759      -0.180058
24  6      -0.168862       0.092234
24  7      -0.042168      -0.103872
24  8         -0.227      -0.087756
24  9       -0.25772      -0.110638
24 10      0.0115866      -0.183474
24 11       0.147404      0.0154048
24 12      -0.085602        0.34462
24 13      -0.081628      -0.089996
24 14       0.132094      -0.013554
24 15        0.08709       -0.27672
24 16      -0.101242        0.23036
24 17       0.090046      0.0109914
24 18       0.046862       0.026682
24 19      -0.119864       -0.04341
24 20        0.14123       0.171272
24 21       0.135994       0.147486
24 22      -0.042602       0.132856
24 23       0.094344       -0.26752
24 24        0.22892      -0.173114
25  0      -0.045582              0
25  1       0.130674      -0.142014
25  2       -0.23052       0.035378
25  3      -0.185392        0.06422
25  4       0.106378       0.012276
25  5       0.035432      0.0101412
25  6      -0.183456       0.074836
25  7       0.045358       0.034668
25  8      -0.111442      -0.100458
25  9      -0.191348       0.040188
25 10      -0.021736      -0.168534
25 11      -0.093072      -0.037694
25 12        0.18459       -0.03654
25 13      -0.029862       -0.27474
25 14       0.154966       0.049618
25 15      -0.193256       -0.34564
25 16      -0.095266       0.098008
25 17      -0.139028      -0.042422
25 18       -0.14582       0.095276
25 19       -0.25816       0.061326
25 20      -0.029946       0.112082
25 21       0.123672       0.102742
25 22      -0.021856       -0.16363
25 23      -0.094004       -0.19718
25 24      -0.118094      -0.102818
25 25       0.099704      -0.061536
26  0       -0.10772              0
26  1      -0.025136       0.021316
26  2      -0.115526     -0.0094584
26  3       -0.35418     -0.0115554
26  4      -0.121232      -0.037634
26  5       0.146362      -0.049392
26  6      -0.056852       0.052748
26  7      -0.144678       -0.05387
26  8       -0.06264       -0.08125
26  9       -0.32126      -0.095716
26 10        0.21292       0.056182
26 11       -0.18663       0.083516
26 12         0.2237        0.14944
26 13        0.08547       -0.26762
26 14       0.109076     -0.0024372
26 15        -0.0781       0.071574
26 16       0.188212       -0.21068
26 17      -0.024064        0.08575
26 18    -0.00048984       0.039992
26 19      -0.154738      -0.111626
26 20      -0.036064       0.087722
26 21        0.11844       -0.15486
26 22        -0.2381      -0.144908
26 23       0.002604      -0.054772
26 24       0.043358      -0.055326
26 25       0.043786       0.043878
26 26     -0.0199358       0.036962
27  0      -0.099759              0
27  1       0.037848       0.107122
27  2        0.09669       0.096494
27  3      0.0131998        0.06997
27  4       -0.25726       0.038138
27  5     -0.0161346       0.151994
27  6       0.160248      -0.031398
27  7      -0.154734       0.156804
27  8       0.062948       0.055172
27  9      -0.055542      -0.062742
27 10       0.158952       0.116798
27 11      -0.072254      -0.111272
27 12        0.23648       0.091688
27 13      -0.052278       0.131632
27 14       -0.24538       -0.26294
27 15      -0.100304       0.057782
27 16      -0.127776       -0.10877
27 17       -0.04935       0.153126
27 18      -0.073138        0.20118
27 19       -0.11175         -0.049
27 20       0.111566       -0.08908
27 21      -0.043666      -0.035734
27 22         0.0245      -0.079876
27 23       0.089482       0.050914
27 24      -0.146146      -0.056552
27 25      -0.040604       0.125482
27 26       0.065812     0.00021316
27 27      -0.103384      -0.146054
28  0       -0.01697              0
28  1     -0.0136506       0.078582
28  2       0.137192       0.106316
28  3        0.23714        0.15024
28  4      -0.122002       0.196686
28  5       0.076878       0.131376
28  6       0.140076      -0.073314
28  7       -0.02358       0.125648
28  8       0.021648       0.105584
28  9      -0.157914      -0.058838
28 10       0.057216      -0.013114
28 11      -0.095772       0.055112
28 12       0.124708      -0.087022
28 13       0.109522      0.0091958
28 14       0.173434        0.08541
28 15      -0.100452      -0.154348
28 16       -0.21538       -0.11956
28 17        0.08881       0.132158
28 18      -0.117926       0.110108
28 19     -0.0050424       0.131556
28 20      -0.160348       0.025368
28 21      0.0092914       0.045858
28 22       0.065256       0.030588
28 23      0.0181364       0.120586
28 24       0.111628       0.159748
28 25       0.043774       -0.05995
28 26       -0.12509       0.071356
28 27       0.144166        0.21374
28 28      0.0185424       -0.27058
29  0       0.051166              0
29  1       0.064074        0.09599
29  2       0.091984      -0.037414
29  3       0.041444       -0.13096
29  4       -0.05969       0.164072
29  5      -0.033988       0.024874
29  6       0.030806      -0.088358
29  7     -0.0056114      -0.124566
29  8       0.128034      0.0119934
29  9       0.109926     0.00054344
29 10      -0.119984        0.03702
29 11      0.0107248      -0.114906
29 12       0.032704       0.083564
29 13       0.057624      -0.080298
29 14      -0.111724     -0.0114324
29 15        0.06916       -0.03284
29 16        -0.0447       0.028664
29 17       0.020066      -0.077542
29 18       -0.19427       0.030894
29 19      -0.067866     -0.0138026
29 20      -0.160908      -0.141764
29 21     -0.0102104       0.078552
29 22     -0.0131944       0.031848
29 23        0.22684      0.0017488
29 24       0.047278       0.042808
29 25      -0.130624       0.143588
29 26        0.23908       0.007921
29 27       -0.02793       0.049548
29 28       0.086388       0.055326
29 29       0.169602      -0.022658
30  0      0.0020546              0
30  1      -0.057318       0.132012
30  2        0.16055       -0.02737
30  3       0.158194      -0.081998
30  4      -0.114432       0.029264
30  5       0.094374      -0.090746
30  6       0.084404       -0.03646
30  7      -0.024374        -0.0934
30  8       0.061218      -0.104364
30  9        0.11627      -0.053654
30 10       0.050254       0.125622
30 11      -0.121158      -0.187952
30 12        0.07007      0.0105288
30 13       -0.03758      -0.093254
30 14        0.15942        0.13924
30 15      -0.063986       -0.13991
30 16      0.0164224      -0.031666
30 17     -0.0043418      -0.089264
30 18      -0.028546       0.031078
30 19      -0.045728      -0.113722
30 20      -0.032008      -0.115784
30 21     -0.0093382      -0.101762
30 22       0.045084       0.044916
30 23       0.155338       -0.13236
30 24      -0.144706      -0.150034
30 25       -0.05697       -0.24528
30 26       -0.24698      -0.139496
30 27       0.131726      -0.100832
30 28       0.038212      0.0160284
30 29       0.021892      -0.071844
30 30       -0.10823       0.105956
31  0       0.071107              0
31  1       0.081138      -0.117072
31  2       0.041588      -0.095998
31  3       0.042582      0.0025856
31  4      -0.140022       0.031672
31  5      -0.174472      0.0099686
31  6       0.131772      -0.033068
31  7       0.098206       0.078376
31  8       0.067602        -0.0635
31  9       0.165066       0.167264
31 10       0.054974     -0.0178722
31 11      0.0196542      -0.020518
31 12      -0.028964       0.020142
31 13      -0.024096       0.039158
31 14        0.30518      -0.078762
31 15      -0.036626     -0.0184074
31 16      -0.033722       0.055072
31 17       -0.24812       0.088384
31 18       0.045374      -0.178138
31 19      0.0184526       0.091162
31 20      -0.043016       0.103034
31 21      -0.122386       0.159644
31 22       0.056834     -0.0146562
31 23       0.046282       0.020326
31 24       0.031544      0.0105088
31 25     -0.0171918       -0.24046
31 26      -0.136776      -0.020318
31 27        0.02743      -0.027222
31 28        0.04372       0.026846
31 29       -0.12756    -0.00039928
31 30      -0.034648      -0.136524
31 31       -0.21942        -0.1633
32  0       -0.13404              0
32  1       0.076072      -0.077172
32  2      -0.137784      -0.137068
32  3     -0.0087156      0.0188776
32  4       0.072646       0.014359
32  5      -0.070882    -5.4612e-05
32  6      -0.108002      0.0071884
32  7       0.030344      -0.004131
32  8       -0.09644       0.095978
32  9       0.085604       0.159814
32 10      -0.143854       -0.04244
32 11     -0.0093908       0.129244
32 12      -0.034616      0.0099542
32 13       -0.11009       0.042826
32 14       0.098166       -0.09307
32 15       0.028326       0.052858
32 16       0.093964      0.0083114
32 17      -0.155922        0.26944
32 18      0.0026708       0.066832
32 19       0.078584      0.0099774
32 20       0.101522      -0.057792
32 21      0.0033884       0.120192
32 22      -0.181646       0.103216
32 23       0.151912       0.071438
32 24      -0.106822     -0.0009876
32 25       0.054166      -0.019383
32 26     -0.0075448       0.024336
32 27       -0.07299        0.19411
32 28       -0.27888       0.157306
32 29        -0.2489        0.11122
32 30      -0.065672      -0.057182
32 31      -0.114338      -0.042114
32 32      -0.116088      -0.187408
33  0      -0.036435              0
33  1      -0.176012       0.052268
33  2      -0.140044      -0.035534
33  3      -0.122992      -0.045442
33  4       0.023796       0.078394
33  5       0.196814       0.045424
33  6       0.058612       0.115488
33  7      -0.025336         0.0494
33  8      -0.063664         0.0409
33  9        0.03763       0.105586
33 10      -0.094742      -0.194544
33 11      -0.115266       0.069528
33 12       0.026386      -0.003545
33 13     -0.0079864      -0.103456
33 14       0.043002       0.019163
33 15       0.027658      -0.023416
33 16      -0.032274        0.06636
33 17       0.119092      -0.033962
33 18      -0.031748     -0.0144098
33 19      -0.029012       0.127668
33 20     -0.0031848        0.05567
33 21       -0.06549       -0.06242
33 22       0.021578       0.046198
33 23       0.150026      -0.013261
33 24       0.052168       0.157068
33 25       0.104854      -0.110674
33 26      0.0139236      -0.122012
33 27      0.0164276       0.174362
33 28      -0.084916     -0.0182202
33 29      -0.147788       0.063276
33 30      -0.037172       0.026486
33 31       0.059762       -0.02937
33 32       0.030106       0.096554
33 33      -0.036454       0.024176
34  0        0.14556              0
34  1     -0.0052196        0.11153
34  2      -0.106876       0.068822
34  3      -0.057448       -0.03057
34  4       0.041528      -0.054818
34  5       0.030364      -0.031176
34  6       0.071974      0.0186334
34  7      0.0096972       0.148604
34  8      0.0164962       0.058538
34  9     -0.0100116       0.110908
34 10       0.147246       0.029816
34 11        0.06261      -0.142534
34 12       0.126548      0.0056092
34 13      -0.029412       -0.16102
34 14       0.065318       0.050302
34 15     -0.0191874      -0.156046
34 16       -0.09831       0.044528
34 17       0.084042      -0.088126
34 18      0.0150692       0.029232
34 19     -0.0092462       0.097522
34 20       0.062004        -0.0223
34 21      -0.162764      -0.061494
34 22       0.182546       0.048612
34 23       0.053722      -0.058792
34 24       0.186216     -0.0155776
34 25       0.023922      -0.061618
34 26      -0.121326      -0.102792
34 27        0.08819      -0.015428
34 28     -0.0138382      0.0086796
34 29       0.050574       0.067096
34 30        0.16917       0.032626
34 31       0.042054       0.160982
34 32      -0.111398       0.106458
34 33      -0.083972       0.153286
34 34      -0.146082        0.11142
35  0       0.028362              0
35  1      0.0145398       0.033726
35  2      0.0020532      -0.018189
35  3       0.029138      0.0050442
35  4       0.070374      0.0047782
35  5      0.0127726      -0.067406
35  6     -0.0037854      -0.118874
35  7      -0.057898      -0.039598
35  8        0.03387      -0.131114
35  9       -0.23638      -0.043622
35 10      0.0115806      -0.051466
35 11        0.09303        0.08565
35 12      0.0037566       0.028168
35 13         0.0715      -0.056896
35 14      -0.031352       0.058036
35 15       0.067932      -0.065598
35 16        0.04782       0.006169
35 17      -0.095756       -0.06883
35 18       0.034898       0.098482
35 19      -0.157002      -0.064408
35 20      -0.064086       0.051124
35 21        0.15876       0.045518
35 22      -0.033872       0.123436
35 23    -0.00137918      0.0040246
35 24      -0.040632      -0.170782
35 25       0.063336     -0.0078124
35 26       0.037746       -0.05065
35 27      0.0130902       -0.09563
35 28       -0.03788       -0.07446
35 29      -0.035316       0.029244
35 30       0.196424      0.0082156
35 31      0.0090888       0.034176
35 32       0.062766       0.177612
35 33       0.018558       0.020146
35 34       0.054076       0.129086
35 35      -0.040416       0.094936
36  0       0.028574              0
36  1       0.044978       -0.04502
36  2      -0.026324      -0.026604
36  3       0.006152       -0.11504
36  4       0.043196      -0.045706
36  5        0.07403      -0.093204
36  6       0.051928      0.0001598
36  7      -0.058984      -0.067766
36  8       0.096478       0.052604
36  9     0.00086162      0.0086766
36 10      0.0097146      -0.092318
36 11     -0.0080344     0.00040366
36 12     -0.0155974       0.135288
36 13      -0.172746       0.002137
36 14      -0.063756       0.049354
36 15      -0.024562      -0.032922
36 16       0.072028    -0.00077766
36 17     -0.0091676     -0.0114806
36 18      0.0180156    -0.00104434
36 19       -0.18046       0.050872
36 20      -0.049502      -0.095906
36 21      0.0108386      -0.080968
36 22      -0.055164       0.063542
36 23     -0.0099516       0.163138
36 24     -0.0065658      -0.066194
36 25      -0.039978        0.01525
36 26       0.029642      -0.109072
36 27       0.034308       0.023786
36 28       0.011159       0.048216
36 29      -0.072634      0.0075234
36 30       0.155202      -0.034796
36 31       0.078912      -0.071746
36 32      -0.111374      -0.124614
36 33         0.1662       0.058216
36 34       0.153552       -0.04845
36 35       0.009221      0.0161264
36 36       0.024302        0.05216
37  0       0.046593              0
37  1      -0.096812      -0.063338
37  2       0.023564       0.040932
37  3      0.0133752      -0.050012
37  4       -0.07748      -0.036196
37  5     -0.0182102      -0.015465
37  6       0.085328       0.103688
37  7       0.041028      -0.004194
37  8      -0.093554        0.03959
37  9       0.083188         0.0922
37 10       0.179238       0.021442
37 11       0.099474     -0.0033912
37 12       0.028414       0.023208
37 13      -0.111862        0.06342
37 14      -0.024198        0.03167
37 15       0.071468      -0.078848
37 16      -0.053972     -0.0084158
37 17       0.030564       -0.05605
37 18      0.0131116       0.048338
37 19       0.015007        0.17176
37 20       0.024022      -0.180266
37 21       0.047228      -0.115386
37 22       0.057674     -0.0115244
37 23     -0.0139092      -0.021008
37 24       0.063264       0.101356
37 25      -0.041982       0.100508
37 26      -0.016398      -0.042652
37 27       0.073786       0.022764
37 28      -0.083786       0.082498
37 29      -0.051504        0.23224
37 30        0.04676     0.00134246
37 31       0.113818      -0.048248
37 32       0.052444       -0.11116
37 33      0.0183198       -0.24172
37 34       0.090064      -0.021112
37 35       0.095518      -0.064914
37 36       0.044926       0.050284
37 37       0.155386      -0.021214
38  0       0.033651              0
38  1      -0.078166     -0.0100314
38  2        0.04831       0.082722
38  3        0.06824       0.125552
38  4      0.0046012          0.045
38  5      -0.025912       0.080282
38  6        0.03109     -0.0142346
38  7       0.115408       0.073166
38  8      -0.113532     -0.0074088
38  9     -0.0075468        0.06348
38 10       0.132178      -0.048784
38 11        0.09605        0.02518
38 12       0.044112       0.036958
38 13       0.124564        0.15079
38 14      -0.025616       0.069164
38 15      -0.035626       0.019697
38 16       0.071138       0.027752
38 17      -0.012731       0.027198
38 18      -0.060974      -0.054918
38 19        0.05291     -0.0025552
38 20      0.0114624       0.062218
38 21      0.0163682      -0.089606
38 22       0.027388      -0.071598
38 23      -0.031232        -0.0415
38 24        0.14496    -0.00129584
38 25       0.028842        0.12125
38 26      -0.102804       -0.02818
38 27        0.06071      -0.089892
38 28      0.0125844        0.08324
38 29      -0.071692       0.108534
38 30      -0.053848       0.173994
38 31       0.105792     -0.0040114
38 32      -0.132412      0.0112798
38 33      0.0194354      -0.038772
38 34       0.023278        0.07321
38 35      -0.094772      -0.046086
38 36      -0.146818       -0.09123
38 37       0.035748      -0.070136
38 38      -0.030238      -0.127882
39  0     -0.0087336              0
39  1      -0.029344      0.0128294
39  2     -0.0154386      -0.041202
39  3      -0.001628       0.101684
39  4       0.072478      -0.022294
39  5       0.017713     0.00081776
39  6      -0.104906      -0.115564
39  7        0.11282      0.0141662
39  8        0.06978      -0.032922
39  9       0.034976     -0.0154536
39 10       0.018829      -0.121146
39 11       0.031688       -0.09192
39 12       0.023506      -0.040758
39 13      0.0177986       0.026996
39 14      -0.045516      -0.031892
39 15     -0.0134006       0.172916
39 16      0.0171522       0.032456
39 17     -0.0128292        0.03168
39 18      -0.088262       0.055056
39 19      -0.063494      -0.148804
39 20      -0.061954    -0.00081266
39 21     -0.0051428      -0.086842
39 22       0.055144      -0.012093
39 23      -0.142258       0.023972
39 24       0.046242      -0.024284
39 25       0.059946      -0.003245
39 26       0.034162      -0.052024
39 27      -0.043448       -0.04811
39 28      0.0037804       0.082254
39 29      -0.034028       0.020366
39 30       0.045344       0.135016
39 31      -0.118146      -0.020804
39 32       0.055444      -0.074504
39 33       -0.04955      -0.082938
39 34     -0.0073604     -0.0087158
39 35      -0.084116       0.072514
39 36      -0.112302      -0.074102
39 37      -0.192988      -0.166112
39 38      -0.023132      -0.136088
39 39       0.021098       0.048482
40  0      -0.030672              0
40  1       -0.12578      -0.037658
40  2       0.050404      -0.100842
40  3      -0.026534       -0.04221
40  4       0.090446      0.0046064
40  5       0.099348        0.05438
40  6      -0.020902      -0.039638
40  7      -0.007163      -0.026444
40  8       0.045004       -0.02109
40  9        0.10577      -0.022188
40 10       0.129566       0.061316
40 11      -0.021074      -0.111054
40 12        0.10652      -0.054214
40 13       0.058804      0.0114404
40 14      -0.062166      -0.052874
40 15      0.0048592      -0.066318
40 16       0.042494       0.110008
40 17       -0.05355       0.023252
40 18      -0.084114       0.079042
40 19       0.053248       0.055114
40 20      -0.069132       0.103594
40 21      -0.137642       0.037262
40 22       0.068774       -0.06638
40 23      -0.134102      0.0163554
40 24       -0.07831    -0.00025232
40 25       -0.14404       -0.03887
40 26      0.0100206      -0.025276
40 27      0.0098644       0.020534
40 28      -0.050392     -0.0087188
40 29      -0.021102       0.099356
40 30       0.019106      0.0124094
40 31       0.024802       0.107696
40 32        0.12041       -0.04619
40 33      0.0170964      -0.063718
40 34        0.04725      -0.025168
40 35       0.024066      -0.020312
40 36      -0.139394       0.034842
40 37      -0.085574       0.046422
40 38      -0.024678      -0.026858
40 39      -0.112898       0.102982
40 40      -0.134632       0.143884
