 0  0      -0.088506              0
 1  0        -2.4155              0
 1  1         1.7563        1.82382
 2  0        -1.2087              0
 2  1        1.90272         4.0728
 2  2         4.1772      -0.172682
 3  0        0.92609              0
 3  1       -0.99158        1.60204
 3  2          2.446        -2.7848
 3  3        1.69518         3.4018
 4  0      -0.043391              0
 4  1       -1.82242       -0.56844
 4  2        1.87552       -1.30502
 4  3         2.1154       -1.23958
 4  4         0.6816       -1.51734
 5  0         1.6887              0
 5  1        -1.1477       -1.27096
 5  2       -0.70822        0.46666
 5  3        0.76352       -0.37304
 5  4       -1.44672       -0.84222
 5  5         -0.656          0.974
 6  0       -0.73694              0
 6  1        0.21356      -0.098068
 6  2       -0.83008        1.79458
 6  3      -0.108922       0.090658
 6  4       -0.91672        1.47012
 6  5        -1.9388       -1.15184
 6  6       -0.67314      -0.120424
 7  0         0.3335              0
 7  1         0.5571        0.40016
 7  2       -0.89172        0.50478
 7  3       0.176806      -0.039204
 7  4        0.84042        0.50902
 7  5        0.33016        0.53636
 7  6        0.69602       0.147574
 7  7         0.3106        -0.6264
 8  0        -0.4457              0
 8  1        0.34612        0.52766
 8  2        -1.4162       0.145448
 8  3      -0.056758       -0.03906
 8  4        0.35446       -0.88284
 8  5        -0.4706       0.189052
 8  6        -0.1553       -0.45324
 8  7         1.3903        0.31116
 8  8         0.6407        0.70872
 9  0        0.86837              0
 9  1         0.5828        0.88974
 9  2        0.05019       -0.31782
 9  3        -0.8172       -0.31866
 9  4      -0.165838       0.115802
 9  5        0.46786        0.36336
 9  6        0.36734       -0.86804
 9  7         0.0889        -1.2572
 9  8        -1.3102       -0.59508
 9  9       -0.99394      -0.136854
10  0         0.1712              0
10  1       0.144456      -0.148616
10  2        0.88294        0.18993
10  3       -0.06163        -0.1678
10  4        0.93616       -0.24726
10  5        0.03706        0.20896
10  6        0.07842       0.043006
10  7        -0.2042       -0.42346
10  8       -0.57446        0.29584
10  9          0.674      -0.088772
10 10        -0.4132       0.124946
11  0        0.44649              0
11  1         0.4884       -0.46066
11  2        0.18943        0.03961
11  3       -0.07511       -0.67692
11  4       -0.38106        0.43202
11  5         0.3913        0.37392
11  6       0.099724        0.28746
11  7       -0.53556      -0.129804
11  8     -0.0106076       -0.37228
11  9       -0.58108         1.0778
11 10       -0.07557        0.37008
11 11       0.181514       -0.45792
12  0      0.0056631              0
12  1      -0.036492        -0.5673
12  2        0.52454      -0.045848
12  3       0.045004        -0.1421
12  4       0.188896        0.50608
12  5       -0.15153      -0.154782
12  6       0.185222        0.07636
12  7       -0.46594       -0.46492
12  8       0.065826       -0.24462
12  9        0.34076        0.47592
12 10       -0.09563        0.25742
12 11       -0.10148       -0.08626
12 12        0.51424      -0.079858
13  0       -0.38401              0
13  1       -0.18069      -0.026114
13  2      -0.043534        0.32408
13  3        -0.5705        0.23616
13  4       -0.28828       0.035002
13  5        0.36462       -0.23556
13  6        0.27812       0.038776
13  7       0.023646       -0.45546
13  8       0.093662       -0.12566
13  9        0.47006        0.41332
13 10      -0.020532          0.459
13 11       0.114814       -0.34934
13 12         0.3816       -0.38142
13 13       -0.51754        0.41144
14  0       0.081518              0
14  1         0.3234        0.29726
14  2        0.41698        0.43996
14  3        0.07138       -0.02766
14  4       -0.21776         0.2266
14  5       0.101828      -0.029302
14  6         0.2346      -0.171594
14  7         0.3677        0.10411
14  8        0.20254       -0.28608
14  9       -0.07174        0.33068
14 10       0.026886      -0.068778
14 11      -0.094376       -0.57482
14 12      -0.054558        0.40424
14 13        0.26298       0.064488
14 14        0.35212        0.40818
15  0       -0.23726              0
15  1      -0.146394      -0.075562
15  2       0.148988       0.116126
15  3         0.3916       0.143178
15  4        0.40366        0.60946
15  5      -0.039346      -0.099026
15  6      -0.062316       0.112234
15  7       0.184944       0.109132
15  8         0.2274        -0.3441
15  9       0.149856        0.22822
15 10        0.07186      -0.134748
15 11      0.0166444     -0.0055322
15 12      -0.050896       -0.52752
15 13       -0.22404      -0.104862
15 14       -0.31104      -0.029952
15 15        0.10691       -0.29852
16  0        0.12456              0
16  1       -0.23396      -0.189632
16  2       0.140716      -0.064028
16  3        -0.4822        -0.4007
16  4      -0.124298       -0.09423
16  5      -0.052252      -0.039574
16  6        0.27886       0.178934
16  7        0.07215      -0.043908
16  8      -0.139418      -0.124232
16  9      -0.157054       -0.32504
16 10      0.0172614       -0.10027
16 11        0.28454        0.59706
16 12       -0.25254       -0.33406
16 13         0.3126      -0.180676
16 14       0.098584        0.51546
16 15        0.49794        -0.3137
16 16       0.039168       0.184908
17  0      -0.054423              0
17  1      -0.196622       -0.61006
17  2       0.184964     -0.0069206
17  3        0.35226        0.39526
17  4      -0.048318      -0.042302
17  5       -0.21418       -0.31776
17  6       0.141404       -0.32154
17  7       0.186638      -0.078894
17  8       0.138344       -0.26852
17  9        -0.3033       -0.49354
17 10        0.12508       -0.32504
17 11       -0.34592        0.31854
17 12        -0.4123       -0.04058
17 13      0.0063526     -0.0019113
17 14      0.0136552      -0.066658
17 15       0.075778         0.1333
17 16        0.59564       -0.44016
17 17       -0.24114        -0.3481
18  0        0.11143              0
18  1       0.085066         -0.289
18  2        -0.2114       -0.23906
18  3       -0.21466        0.02569
18  4      -0.150886         0.3245
18  5       0.101634         0.2066
18  6       0.085712       -0.12588
18  7      -0.124388       0.058774
18  8       -0.24288       0.140902
18  9      -0.141952        0.22622
18 10       0.103464      -0.036128
18 11       -0.28692        0.24298
18 12      0.0134382      -0.039832
18 13         0.2066       -0.28676
18 14       -0.17709        0.03241
18 15       0.107596       -0.29036
18 16      -0.198202       -0.29556
18 17       0.108274       -0.37948
18 18       -0.26328      -0.193788
19  0      -0.096862              0
19  1      -0.067008       0.092282
19  2       -0.13342      -0.032718
19  3        -0.2135       0.024282
19  4       -0.11183      0.0162442
19  5      0.0085762     -0.0191052
19  6      -0.134246      -0.015876
19  7       -0.13867       0.099554
19  8       0.022486        0.39468
19  9      -0.103666      -0.096156
19 10        0.33574       0.113262
19 11       0.060348        0.09722
19 12        0.22734       0.138612
19 13       0.138676       -0.28696
19 14       -0.21096       0.111966
19 15      -0.091508       0.084472
19 16      0.0169748       -0.36494
19 17        0.20924      -0.111828
19 18        -0.3946        0.22502
19 19      -0.139812       0.060582
20  0       -0.14493              0
20  1      0.0056954       0.048258
20  2      -0.065662         0.2275
20  3       0.050314         0.2655
20  4      -0.117746        0.13037
20  5       0.036516       0.056386
20  6        0.02572      -0.121276
20  7       -0.21272      -0.174536
20  8        0.30342        0.24954
20  9         0.2195       -0.13468
20 10       0.104368       0.111264
20 11        0.26016      -0.138006
20 12        0.18259       0.141672
20 13        0.33316      -0.117104
20 14        0.12624        0.22736
20 15       0.016615        -0.1826
20 16      -0.101674      -0.045224
20 17      -0.068382       0.058288
20 18       0.015441       0.129566
20 19      -0.011744       0.030228
20 20       -0.10668       0.050736
21  0       -0.10652              0
21  1       0.068206        0.24252
21  2      -0.111056        0.20554
21  3        0.08235       0.094658
21  4        -0.3159       0.150252
21  5      -0.130692     -0.0135946
21  6         0.0423       0.170546
21  7       -0.12326        0.02689
21  8       0.176538       0.102392
21  9       0.096988      -0.198278
21 10       0.176204      0.0056564
21 11        0.10658       -0.22222
21 12      -0.076264       0.064062
21 13      -0.131872      -0.127692
21 14       0.035734      -0.136714
21 15        0.18372      -0.160928
21 16      -0.110482       0.033908
21 17      -0.156502       0.142238
21 18      0.0038444      -0.013988
21 19      -0.151846       0.081192
21 20       0.144996      -0.121398
21 21      -0.084392       0.155414
22  0     -0.0015376              0
22  1        0.04644        0.11976
22  2      0.0137224       0.037644
22  3        0.13055      0.0118336
22  4       0.113852       0.106972
22  5      -0.088866      -0.176542
22  6      -0.033456       0.024362
22  7       0.139316       -0.23118
22  8         0.1932       0.012219
22  9       0.125286       0.094308
22 10        0.17792      -0.182802
22 11        0.09762      -0.153296
22 12      -0.119918      -0.065196
22 13      -0.158912        0.40406
22 14       -0.24406      -0.053364
22 15       0.037052      -0.102428
22 16      0.0064538       0.124114
22 17       0.140934       0.069318
22 18       0.022572       0.186574
22 19      0.0061182       -0.21724
22 20       0.161724      -0.106936
22 21       0.077702        0.20794
22 22      -0.004008    0.000186882
23  0        0.13153              0
23  1      0.0103472       0.068946
23  2        0.13409      -0.024516
23  3        -0.1586      -0.128952
23  4       0.108222       -0.09327
23  5     -0.0098326      -0.070004
23  6        0.07822     -0.0135622
23  7      -0.087692      -0.150924
23  8      -0.066338      -0.191282
23  9       0.062948       0.154624
23 10      -0.060562      -0.057676
23 11       0.049248       0.041188
23 12      -0.148756      -0.060732
23 13     -0.0109324       0.061328
23 14      -0.042408      -0.120418
23 15      -0.082652      -0.146484
23 16       -0.11163      -0.157576
23 17     -0.0050778       -0.06856
23 18       0.055186       -0.06657
23 19       0.053976       0.037858
23 20       0.106682        0.33168
23 21      -0.146366       0.145914
23 22        0.35816        0.04254
23 23       0.037206        0.24194
24  0        0.10898              0
24  1      -0.003339     -0.0138674
24  2       0.046478      0.0154548
24  3       -0.03446       0.029988
24  4      -0.045704        0.11705
24  5      -0.073498       -0.17798
24  6       -0.19731       0.097716
24  7      0.0043028      -0.091842
24  8       -0.17209       -0.08442
24  9       -0.20518      -0.143594
24 10       -0.01269      -0.090858
24 11       0.192128       0.102482
24 12       -0.08127        0.25828
24 13     0.00137616       -0.06558
24 14       0.119574     -0.0049732
24 15       0.097958       -0.29118
24 16      -0.076268       0.190276
24 17       -0.03076       0.049538
24 18       0.058118       0.079598
24 19      -0.021684      -0.019821
24 20        0.11229       0.122448
24 21        0.13022       0.133144
24 22      -0.035362       0.065352
24 23       0.140178       -0.22838
24 24       0.181056      -0.117044
25  0      -0.048055              0
25  1       0.151914      -0.154002
25  2       -0.23756        0.08489
25  3       -0.12549     -0.0061682
25  4       0.009048       0.025712
25  5       0.011152      0.0099528
25  6      -0.167218       0.088856
25  7       0.078258     -0.0111772
25  8       -0.05265      -0.127024
25  9      -0.196346       0.104144
25 10       -0.04028       -0.12515
25 11      -0.118736      -0.046834
25 12       0.149608      -0.088376
25 13      -0.026398      -0.167366
25 14       0.140022       0.109124
25 15      -0.178704       -0.29074
25 16      -0.079982       0.145344
25 17      -0.149546    -0.00066628
25 18      0.0035378       0.064928
25 19      -0.139048        0.04843
25 20     0.00190816        0.05685
25 21        0.14419       0.053772
25 22       -0.02932      -0.152898
25 23       -0.07187       -0.07851
25 24      -0.096362      -0.070662
25 25       0.076592      -0.087512
26  0       -0.11784              0
26  1       0.024726     0.00066766
26  2      -0.112582     -0.0019985
26  3       -0.31354     -0.0139094
26  4      -0.150406       0.024882
26  5       0.175914      -0.015926
26  6      -0.075224       0.016473
26  7      -0.140892      -0.057996
26  8     -0.0164614      -0.058412
26  9       -0.27582      -0.025604
26 10        0.21318       0.032254
26 11      -0.186676       0.132662
26 12        0.20664       0.083332
26 13       0.097138       -0.27252
26 14       0.157738       0.054854
26 15      -0.073172     -0.0032322
26 16       0.107008      -0.180716
26 17      -0.040408       0.050878
26 18       0.061952      -0.036458
26 19       -0.21496      -0.104598
26 20      0.0160344       0.039746
26 21       0.156162       -0.08252
26 22      -0.147006      -0.062666
26 23     -0.0165746        0.03072
26 24        0.04346      -0.057234
26 25        0.03424     -0.0199088
26 26      -0.004681       0.025806
27  0      -0.071387              0
27  1      0.0127208       0.067492
27  2       0.070174       0.053688
27  3       0.019141       0.086904
27  4       -0.21554      -0.031214
27  5       0.028476       0.181672
27  6       0.115332       -0.04486
27  7      -0.088288       0.108958
27  8       0.085908         0.0669
27  9      -0.040314      -0.033716
27 10          0.176       0.090524
27 11      -0.060086      -0.118368
27 12        0.18288       0.064504
27 13        -0.0332       0.119214
27 14       -0.20734        -0.2081
27 15      -0.120706       0.038754
27 16      -0.131242      -0.094154
27 17     -0.0138708       0.089518
27 18      -0.073336       0.197764
27 19      -0.099042      0.0041744
27 20         0.1817       -0.06122
27 21      -0.024742       0.029156
27 22        0.03224      -0.053294
27 23      -0.024086       0.085494
27 24       -0.02657     -0.0047144
27 25      -0.059344       0.112096
27 26       0.047916      0.0063536
27 27      -0.033488       -0.06171
28  0      -0.013153              0
28  1     -0.0155588       0.079084
28  2       0.112836        0.04602
28  3         0.2079       0.086432
28  4      -0.128646       0.141654
28  5       0.087448       0.166716
28  6       0.139398      -0.044356
28  7       0.027646       0.090536
28  8     -0.0140906       0.123708
28  9       -0.18339      -0.063908
28 10       0.037066     -0.0068906
28 11        -0.1138       0.039056
28 12       0.080434      -0.057994
28 13       0.156592       0.028408
28 14       0.064598       0.070014
28 15      -0.114582      -0.093614
28 16       -0.22066      -0.110802
28 17       0.032728        0.04437
28 18       -0.12485       0.118348
28 19      -0.042188       0.146748
28 20      -0.092476       0.051764
28 21       0.043536       0.039844
28 22       0.051286       0.042622
28 23     -0.0073902       0.047444
28 24       0.113818       0.134882
28 25       0.065372      -0.025758
28 26       -0.11087     -0.0038862
28 27       0.067888       0.180664
28 28        0.03823       -0.20514
29  0       0.012605              0
29  1     -0.0062644        0.03061
29  2       0.125626      -0.090268
29  3      0.0091968      -0.091962
29  4       -0.02521       0.102588
29  5      0.0152018      -0.009804
29  6    -0.00130132      -0.066058
29  7      -0.022784      -0.054902
29  8       0.108678       0.038692
29  9        0.07149     -0.0068448
29 10      -0.181002         0.0739
29 11      0.0086426      -0.042696
29 12       0.063122       0.071524
29 13      0.0064102      -0.058496
29 14       -0.04929      -0.046656
29 15       0.042042       -0.08692
29 16      -0.072912     -0.0109548
29 17       0.015347      -0.090622
29 18      -0.146292       0.059412
29 19      -0.022554       0.077772
29 20      -0.116914      -0.078622
29 21     -0.0114078       0.046972
29 22     -0.0134774       0.046356
29 23        0.21306      -0.023034
29 24       0.073914       0.081408
29 25       -0.06003        0.17172
29 26        0.26358      -0.059288
29 27      -0.082906       0.055748
29 28       0.093718       0.055926
29 29        0.10501      -0.008156
30  0       0.036947              0
30  1       -0.06513       0.037642
30  2       0.104186       -0.02227
30  3       0.146196      -0.073702
30  4       -0.05989      0.0139236
30  5        0.11714     -0.0102254
30  6       0.100484     -0.0133454
30  7      -0.023562      -0.051698
30  8       0.013227      -0.091902
30  9       0.064218      -0.068532
30 10       0.045756       0.117132
30 11      -0.080024      -0.128848
30 12       0.069682       0.041514
30 13      0.0021474      -0.040668
30 14       0.127506       0.082022
30 15      -0.066802      -0.179138
30 16       0.053146      -0.043236
30 17     -0.0178846      -0.082314
30 18       0.039838      0.0066952
30 19      -0.058598      -0.038016
30 20       -0.03967      -0.132094
30 21      -0.045932      -0.081454
30 22       0.024528        0.03067
30 23       0.094752       -0.07546
30 24      -0.091338      -0.094114
30 25    -0.00194468        -0.2078
30 26       -0.20824      -0.096786
30 27       0.096488      -0.098974
30 28        0.06539       0.036448
30 29       0.025892      -0.071672
30 30      -0.052554       0.012609
31  0       0.030671              0
31  1       0.081826      -0.127514
31  2        0.03485      -0.027802
31  3       0.050212      -0.010429
31  4       -0.07977       0.037542
31  5      -0.151228       0.010894
31  6       0.095372       0.008082
31  7       0.113954       0.116616
31  8       0.076428      -0.037858
31  9       0.172114       0.093306
31 10       0.003474      -0.057806
31 11       0.051486      0.0101016
31 12     -0.0163416       0.036474
31 13    -0.00139736       0.054552
31 14        0.22814      -0.065806
31 15      -0.030716      0.0140466
31 16      0.0045078       0.034402
31 17         -0.224        0.06615
31 18       0.042626      -0.103506
31 19       0.033798       0.027788
31 20     -0.0187774        0.06918
31 21      -0.154574       0.115234
31 22       0.096808        0.03724
31 23       0.031618       0.114944
31 24        0.02741       0.021624
31 25      -0.036036       -0.21072
31 26       -0.09974     -0.0152048
31 27       -0.05646     -0.0073768
31 28      0.0125104     -0.0092532
31 29      -0.060594      0.0080472
31 30      -0.042814       -0.09764
31 31      -0.171356      -0.146318
32  0       -0.11698              0
32  1      0.0138024      -0.086198
32  2      -0.131068       -0.11793
32  3      -0.018239       0.004688
32  4       0.082244       0.055062
32  5      -0.080136     -0.0190882
32  6      -0.119734     -0.0151218
32  7       0.023256     -0.0035348
32  8      -0.105562        0.04849
32  9        0.06636       0.110938
32 10      -0.144226      -0.034616
32 11     -0.0160374        0.09292
32 12       -0.04977      -0.065608
32 13      -0.100834       0.039038
32 14          0.134      -0.066376
32 15       0.047738       0.040964
32 16       0.037832       0.020664
32 17      -0.144888        0.20026
32 18       -0.02712       0.034118
32 19    -0.00032616      -0.024458
32 20       0.081716      -0.053658
32 21       0.003624       0.110594
32 22       -0.06935       0.064624
32 23        0.10879       0.060772
32 24        -0.1028      -0.018602
32 25       0.018095     -0.0040086
32 26       -0.04086     -0.0057154
32 27      -0.072826       0.116886
32 28       -0.19245       0.145324
32 29      -0.192958       0.104296
32 30      -0.087378       -0.06471
32 31      -0.093168      -0.051124
32 32      -0.070522      -0.152994
33  0      -0.023263              0
33  1      -0.176632       0.029232
33  2       -0.11958      -0.010785
33  3        -0.0768      -0.063504
33  4       0.020048        0.04331
33  5       0.109438       0.040942
33  6      0.0072414       0.085454
33  7     -0.0088818       0.071842
33  8      -0.077568     -0.0146842
33  9       0.042396       0.091058
33 10      -0.035078       -0.13047
33 11      -0.171296       0.053718
33 12      0.0132012     -0.0098922
33 13     -0.0097612      -0.091238
33 14       0.083526       -0.04385
33 15       0.028504     -0.0081322
33 16      -0.055046       0.044034
33 17       0.104222     -0.0111748
33 18      -0.026846      0.0077296
33 19      -0.065516       0.053402
33 20        -0.0237       0.073612
33 21      -0.091296      -0.043716
33 22       0.028644       0.089812
33 23       0.139852     -0.0063968
33 24     -0.0081474        0.18392
33 25       0.097338       -0.08878
33 26      0.0024016      -0.054822
33 27        0.02833        0.17036
33 28      -0.068194        0.02187
33 29      -0.115398       0.069324
33 30        -0.0478       0.053788
33 31       0.030306      -0.051616
33 32       0.035364       0.077952
33 33      -0.035618       0.018902
34  0       0.090639              0
34  1      -0.002423       0.117382
34  2       -0.07041     -0.0127232
34  3     -0.0135104      -0.002823
34  4       0.043786      -0.072344
34  5       0.043702      -0.030466
34  6       0.052928    -6.5176e-06
34  7     -0.0019566       0.131656
34  8       0.027146         0.0319
34  9     -0.0078828       0.103962
34 10       0.126572       0.046034
34 11       0.005595      -0.101792
34 12         0.1062      0.0016712
34 13      -0.029676      -0.101652
34 14     -0.0016786       0.034966
34 15      0.0138136       -0.15794
34 16      -0.043954         0.0213
34 17       0.112784       -0.04983
34 18     -0.0112526        0.04564
34 19      0.0070352       0.060514
34 20      0.0127784       0.063086
34 21      -0.145228      -0.018326
34 22       0.155276       0.071724
34 23       0.056456      -0.030554
34 24        0.10369       0.036684
34 25       0.058978     -0.0005522
34 26      -0.060176      -0.064388
34 27       0.105782      -0.048118
34 28     -0.0184018       0.028964
34 29      0.0021024       0.053872
34 30        0.18313     -0.0008945
34 31    -0.00137358       0.142668
34 32      -0.085942       0.087264
34 33      -0.048332       0.124858
34 34      -0.084164       0.101308
35  0       0.042538              0
35  1    -0.00024948       0.040918
35  2      -0.039632      -0.072614
35  3      0.0142612      0.0047118
35  4        0.05077       0.035056
35  5       0.022732      -0.052376
35  6     -0.0189596      -0.106006
35  7      -0.018062      -0.049318
35  8       0.043506      -0.116426
35  9      -0.198598      -0.037008
35 10      0.0190274     -0.0158594
35 11       0.012915       0.049906
35 12      -0.032518        0.03698
35 13       0.041992      -0.021362
35 14      -0.038094       0.058206
35 15       0.056852      0.0037448
35 16      -0.040594     0.00158096
35 17       -0.05678      -0.056436
35 18     -0.0021292       0.105128
35 19       -0.11285       -0.05579
35 20      -0.039174     -0.0054316
35 21       0.128202       0.079712
35 22       0.032326       0.106656
35 23      -0.026908     -0.0197078
35 24      -0.050106      -0.165718
35 25       0.052924      -0.027262
35 26      0.0171798      -0.035424
35 27      0.0195318      -0.113834
35 28       -0.03934       -0.07677
35 29      -0.053416      0.0037722
35 30       0.149726      0.0094784
35 31     -0.0160882        0.02214
35 32        0.07669        0.16004
35 33       0.043632      0.0195736
35 34       0.015016       0.144368
35 35      -0.022816       0.049212
36  0       0.026443              0
36  1     -0.0106994      -0.065596
36  2       -0.02649      0.0093284
36  3     -0.0146702      -0.087766
36  4        0.04162       -0.09638
36  5       0.082488       -0.08831
36  6     -0.0088372     -0.0155848
36  7      -0.088016     -0.0171624
36  8       0.093618      0.0033534
36  9      0.0176418      0.0037406
36 10      0.0149704      -0.054834
36 11      -0.026886      0.0109674
36 12       0.028174       0.092828
36 13      -0.118812     -0.0075312
36 14     -0.0108764      0.0163664
36 15      -0.010535       0.042072
36 16       0.057924       0.017798
36 17      -0.055708       -0.02285
36 18       0.013429     -0.0152268
36 19      -0.129454     -0.0080784
36 20      -0.027028      -0.120136
36 21       0.002562      -0.037834
36 22     -0.0183146        0.06201
36 23     -0.0122544        0.12351
36 24     -0.0068316      -0.089168
36 25      -0.072974     -0.0097704
36 26       0.038168      -0.097272
36 27       0.038592      0.0199496
36 28    -4.9202e-05       0.076604
36 29      -0.033058     -0.0085976
36 30        0.16124      -0.021076
36 31      0.0173308      -0.044016
36 32      -0.107032      -0.125736
36 33        0.20122       0.077222
36 34       0.100218      -0.072728
36 35      0.0038498     -0.0140762
36 36      0.0159498       0.033686
37  0       0.024723              0
37  1      -0.093942      -0.079366
37  2     0.00027166       0.023806
37  3     -0.0076126      -0.039878
37  4      -0.040148      -0.031808
37  5      0.0194108       -0.02519
37  6        0.07153       0.022326
37  7      -0.024216       0.020034
37  8      -0.081234       0.021666
37  9       0.058502      0.0164214
37 10        0.12642       0.031456
37 11       0.118116       0.025498
37 12       0.027568      0.0186464
37 13      -0.051906     -0.0081252
37 14       0.034882     -0.0058596
37 15       0.028142       -0.03922
37 16      -0.060596      -0.047186
37 17      0.0177236        -0.0295
37 18      0.0108602       0.047562
37 19      -0.043356       0.111844
37 20       0.021564      -0.182666
37 21       0.049202      -0.062152
37 22      0.0194624     -0.0049184
37 23      -0.020692     -0.0194838
37 24       0.061664       0.045278
37 25      -0.025964        0.04122
37 26      -0.035754       -0.04626
37 27       0.051472      -0.022162
37 28      -0.051558       0.098178
37 29      -0.021452        0.20022
37 30     -0.0044038       -0.02433
37 31       0.071966      -0.064102
37 32       0.044646      -0.127336
37 33       0.046534       -0.20594
37 34       0.065838      -0.028728
37 35       0.064798      -0.098102
37 36       0.021936       0.008348
37 37       0.100016      -0.042468
38  0      0.0073963              0
38  1      -0.053884      -0.033376
38  2       0.014053       0.097982
38  3        0.02464       0.116632
38  4       0.020766      0.0118248
38  5     -0.0029684       0.056958
38  6      0.0039666       -0.05352
38  7       0.090948       0.049756
38  8       -0.07782      0.0111924
38  9       -0.04178      0.0104616
38 10       0.073114       -0.05652
38 11       0.117458       0.028104
38 12       0.026578       0.038632
38 13       0.084524       0.088764
38 14     -0.0068408       0.055498
38 15      -0.054448       0.028238
38 16       0.051684      -0.036946
38 17     -0.0109402      0.0044532
38 18     -0.0192448      -0.034308
38 19       0.038898       0.046424
38 20      0.0070594       0.042462
38 21       0.025722       -0.09913
38 22      0.0194726      -0.021528
38 23       0.005879       -0.05805
38 24       0.125992      -0.025436
38 25        0.02926       0.085858
38 26      -0.087602     -0.0066886
38 27       0.062806       -0.04089
38 28     -0.0122714       0.079636
38 29       -0.03228       0.041664
38 30      -0.083296        0.13569
38 31        0.09597      -0.039132
38 32      -0.107448     -0.0041494
38 33       0.034252     -0.0124928
38 34        0.02446       0.056898
38 35      -0.094986      -0.060626
38 36      -0.101104      -0.081066
38 37       0.030266      -0.036684
38 38      -0.035726      -0.120048
39  0       0.015778              0
39  1      -0.029958      0.0077842
39  2      -0.058708     -0.0105454
39  3     -0.0030096         0.1226
39  4        0.06145      -0.039896
39  5        0.05097         0.0278
39  6      -0.091396      -0.118548
39  7        0.05959     -0.0109432
39  8       0.040256     -0.0165578
39  9        0.03425     -0.0197468
39 10      -0.034018       -0.08511
39 11       0.055688       -0.06048
39 12       0.030414      0.0124766
39 13       -0.04504     -0.0029688
39 14      -0.046194      -0.052368
39 15      -0.043098       0.156536
39 16      0.0150756     -0.0070992
39 17       0.030006       0.030816
39 18      -0.097434       0.047382
39 19     -0.0021222      -0.099754
39 20       -0.02816       0.017202
39 21     -0.0191854       -0.03893
39 22        0.03259     -0.0125514
39 23       -0.09075      0.0041412
39 24       0.044396     -0.0078176
39 25       0.082542       0.028074
39 26       0.046936       -0.04565
39 27      -0.026564      -0.048964
39 28      0.0123134       0.088308
39 29      -0.033458        0.03502
39 30       0.048484       0.107952
39 31     -0.0185508      -0.039384
39 32       0.029734      -0.052334
39 33        -0.0682      -0.031208
39 34      -0.022824      0.0051752
39 35      -0.062358       0.029628
39 36      -0.079152      -0.063666
39 37       -0.11852      -0.130618
39 38      -0.026532      -0.074596
39 39       0.015597      0.0082152
40  0       0.026898              0
40  1      -0.060332      0.0197798
40  2       0.056346      -0.099254
40  3     -0.0179272      -0.041772
40  4       0.080664       -0.03473
40  5        0.10535       0.066348
40  6     -0.0179386        -0.0704
40  7      -0.008025     -0.0153986
40  8      0.0033772      0.0029048
40  9       0.130602      -0.049008
40 10       0.127158        0.06877
40 11     -0.0089566       -0.07079
40 12       0.063864        0.02889
40 13     0.00137092       0.009052
40 14      -0.042418      -0.081198
40 15      0.0040614      -0.020328
40 16        0.03112       0.094684
40 17      -0.029944        0.04563
40 18      -0.040548       0.050326
40 19       -0.02818       0.037242
40 20      -0.047856       0.099032
40 21      -0.073778       0.035584
40 22       0.060506      -0.096938
40 23      -0.115942      0.0054516
40 24      -0.035318    -0.00078742
40 25       -0.13282      -0.090956
40 26      -0.023804      -0.009813
40 27      -0.022416       0.075878
40 28      -0.033392       -0.04319
40 29      -0.025352       0.129094
40 30       0.011957        0.02139
40 31       0.040832       0.082068
40 32         0.0742      -0.044078
40 33       -0.02014       -0.06026
40 34       0.021632      0.0052042
40 35     -0.0171704     -0.0083624
40 36      -0.121762     -0.0050696
40 37      -0.078436       0.032468
40 38     -0.0049846      -0.056456
40 39      -0.096074       0.096662
40 40      -0.100296       0.087992
