 0  0        0.14082              0
 1  0        -1.8749              0
 1  1         1.1758        1.40746
 2  0       -0.79739              0
 2  1        1.74256          3.607
 2  2         3.7458       -0.29296
 3  0        0.78184              0
 3  1       -1.03136        1.39254
 3  2        1.94112         -2.127
 3  3        1.72564         2.9088
 4  0       0.072987              0
 4  1       -1.54082       -0.54736
 4  2        1.39764        -1.1296
 4  3        1.97376       -1.14642
 4  4        0.43746       -0.84204
 5  0         1.2956              0
 5  1       -1.12502        -0.9887
 5  2       -0.87528        0.52242
 5  3        0.84288       -0.42848
 5  4       -0.86164       -1.02562
 5  5       -0.83164         0.4971
 6  0       -0.60375              0
 6  1          0.336        0.07695
 6  2         -0.949        1.67964
 6  3      -0.176126      -0.169666
 6  4       -0.75538        1.21902
 6  5        -1.9731       -0.94044
 6  6        -0.4685        0.02458
 7  0        0.22383              0
 7  1          0.606        0.25612
 7  2       -0.79886         0.5514
 7  3        0.41628       -0.22664
 7  4        0.66148         0.6323
 7  5        0.27578         0.6486
 7  6        0.46746      -0.142666
 7  7        0.39004       -0.47818
 8  0       -0.49073              0
 8  1       0.123186        0.42626
 8  2       -1.56306       0.024086
 8  3       -0.23138        0.06081
 8  4        0.35728       -0.69118
 8  5      -0.175756        0.28432
 8  6      0.0069742       -0.34448
 8  7        1.07052        0.21622
 8  8        0.63276        0.49022
 9  0        0.50086              0
 9  1        0.61368        0.77278
 9  2      -0.065828       -0.23254
 9  3        -0.7657        -0.2734
 9  4       -0.17471       0.120728
 9  5        0.37926       0.169596
 9  6       0.093868        -0.7868
 9  7    -0.00188644       -1.10196
 9  8       -1.07542       -0.61518
 9  9       -0.74278       0.049714
10  0        0.14455              0
10  1       0.140934      -0.137024
10  2        0.75986         0.2348
10  3     -0.0145274      -0.135282
10  4        0.79754       -0.28958
10  5       0.033934        0.25836
10  6        0.30646       0.050844
10  7      -0.183432       -0.43816
10  8        -0.6176       0.180522
10  9        0.60844      0.0067188
10 10       -0.69732        0.22326
11  0        0.42555              0
11  1        0.43042       -0.39714
11  2       0.159094       0.163672
11  3      -0.035496        -0.6161
11  4        -0.2603        0.53842
11  5        0.33636        0.31038
11  6       0.088102        0.11176
11  7        -0.6269       -0.20452
11  8       0.077266       -0.30462
11  9       -0.45784        1.01696
11 10       -0.06006        0.33314
11 11       0.171484       -0.43382
12  0       0.096568              0
12  1      -0.131774       -0.32582
12  2        0.54082       -0.27226
12  3       -0.07384       -0.15729
12  4      -0.049814         0.4745
12  5      -0.146298      -0.023592
12  6        0.22668        0.25832
12  7       -0.40066      -0.178764
12  8      -0.054936        -0.2095
12  9        0.31192        0.44352
12 10      0.0093484         0.3537
12 11       0.043844      -0.004798
12 12        0.38338      -0.022284
13  0       -0.42565              0
13  1        -0.2614      -0.182604
13  2      -0.142396        0.27952
13  3       -0.40404         0.3331
13  4       -0.22926        0.07382
13  5         0.3943       -0.28416
13  6        0.26804       0.028042
13  7       0.060494        -0.5516
13  8        0.25552      -0.063214
13  9        0.50232        0.52758
13 10       0.024294        0.36592
13 11      -0.031968       -0.29416
13 12        0.33564        -0.2173
13 13       -0.64558        0.39574
14  0        0.13686              0
14  1         0.2759        0.32086
14  2        0.44652        0.39184
14  3       0.147652       -0.05605
14  4        -0.2312        0.26456
14  5       0.046942      -0.076714
14  6       0.181246      -0.182516
14  7       0.198106        0.06313
14  8        0.03792       -0.21602
14  9      -0.059156        0.30818
14 10      -0.098506      -0.157866
14 11        0.07073       -0.55044
14 12       0.078978       0.177712
14 13         0.2298        0.03166
14 14        0.39024        0.29878
15  0        -0.2617              0
15  1      -0.129082      -0.143572
15  2        0.20542         0.2037
15  3        0.39004        0.28438
15  4        0.30854        0.53402
15  5       -0.09805      -0.086028
15  6     -0.0170712       0.060808
15  7       0.154442       0.171608
15  8        0.26532        -0.3321
15  9       0.036494       0.184094
15 10       0.025638      -0.065244
15 11      0.0136626    -0.00173954
15 12     -0.0101578       -0.42254
15 13        -0.2765      -0.026376
15 14       -0.36088      -0.103626
15 15      0.0094032       -0.31422
16  0        0.10077              0
16  1     0.00182076      -0.050672
16  2       0.125962      -0.089388
16  3       -0.50514       -0.56568
16  4      -0.099554      -0.143926
16  5      0.0092426      -0.023994
16  6        0.22156       0.106818
16  7        0.06563        -0.0759
16  8      -0.081256      -0.098102
16  9      -0.064964       -0.27704
16 10       0.048316      -0.137458
16 11        0.22942        0.55242
16 12      -0.155484        -0.4245
16 13        0.21168       0.159826
16 14       0.082918        0.45904
16 15        0.32768       -0.29342
16 16      0.0033744       0.111712
17  0      -0.085027              0
17  1       -0.24942       -0.50818
17  2       0.137538      -0.063758
17  3        0.31962        0.42282
17  4    -0.00169684      -0.114948
17  5      -0.157494       -0.25908
17  6        0.09722      -0.149476
17  7       0.061294      0.0136224
17  8       0.170444       -0.28992
17  9       -0.42096       -0.42158
17 10        0.12765       -0.28684
17 11       -0.36598        0.30932
17 12       -0.32842       -0.05981
17 13      -0.040996    -0.00047096
17 14       0.084186      -0.074894
17 15       0.026568       0.080208
17 16        0.58226        -0.5098
17 17      -0.142024        -0.3146
18  0        0.07266              0
18  1       0.072172       -0.26304
18  2       -0.28256       -0.20332
18  3      -0.159824     -0.0113672
18  4       -0.20186         0.2086
18  5       0.091872        0.28898
18  6       0.125704     -0.0155228
18  7      -0.068954      -0.042498
18  8       -0.21584        0.07247
18  9      -0.163562          0.268
18 10       0.059428       0.004599
18 11      -0.107324        0.27618
18 12     -0.0068924      0.0100854
18 13        0.24056       -0.25834
18 14      -0.133778        0.08509
18 15        0.21464       -0.32878
18 16      -0.171704      -0.187788
18 17        0.12951       -0.44416
18 18       -0.33176      -0.082906
19  0      -0.068399              0
19  1     -0.0168584       0.036418
19  2     -0.0135312       -0.17114
19  3      -0.109568       0.062968
19  4      -0.114606       0.032574
19  5       0.029114       0.145352
19  6       0.133638      -0.077322
19  7      -0.183072       0.077614
19  8      -0.027342        0.27924
19  9      -0.077356      -0.078492
19 10        0.34268       0.042352
19 11      -0.049466        0.16866
19 12        0.21514       0.160888
19 13      0.0133562       -0.23984
19 14      -0.107886      -0.041546
19 15      -0.154538       0.074226
19 16      -0.159412       -0.27068
19 17        0.07018      -0.119734
19 18        -0.3624         0.2298
19 19        -0.2069     0.00146966
20  0        -0.1317              0
20  1       0.031876      -0.002983
20  2      -0.095654       0.034206
20  3      -0.066926         0.2786
20  4        -0.2092       0.115032
20  5       0.122678      -0.023062
20  6      -0.036456     -0.0164828
20  7      -0.191274      -0.172436
20  8        0.22048          0.272
20  9       0.073194      -0.081064
20 10       0.066634       0.085554
20 11        0.34118      -0.126746
20 12        0.24512      0.0195624
20 13        0.24534        -0.1538
20 14       0.079206        0.21058
20 15      -0.038678      0.0126884
20 16      -0.092598       0.044876
20 17      -0.041466       0.031752
20 18     -0.0103472       0.106074
20 19       0.107468       0.083398
20 20      -0.063922       0.095832
21  0      -0.084203              0
21  1       0.094088        0.24254
21  2      -0.087236        0.22506
21  3       0.059104       0.107194
21  4       -0.20946       0.148728
21  5     -0.0109212      0.0049956
21  6      0.0098156       0.101434
21  7       -0.04414      -0.064552
21  8        0.23604       0.066192
21  9       0.050878      -0.099194
21 10        0.25782      -0.007922
21 11        0.13863       -0.21506
21 12      -0.064526       0.038458
21 13      -0.098478      -0.086378
21 14       0.022428      -0.061318
21 15       0.075676       -0.18982
21 16      -0.094978       0.033932
21 17      -0.104434       0.098718
21 18       -0.07048      -0.073004
21 19      -0.136504        0.15322
21 20       0.182264      -0.079618
21 21       -0.19124       0.128318
22  0       0.022052              0
22  1       0.156602       0.064328
22  2      -0.067372       0.061298
22  3       0.049548      0.0160896
22  4       0.172794      0.0034352
22  5      -0.131004      -0.090236
22  6      -0.082556       0.109758
22  7       0.095686      -0.126156
22  8       0.197906       0.112788
22  9       0.166116      0.0136926
22 10       0.097844       -0.27306
22 11       0.123998      -0.084712
22 12      -0.136932      0.0102174
22 13      -0.094318        0.34336
22 14       -0.22178       -0.07213
22 15       0.020528      -0.112838
22 16      -0.020958       0.082918
22 17       0.133796       0.143082
22 18       0.028866       0.148912
22 19       0.086336       -0.09252
22 20       0.143644      -0.063754
22 21       0.143736         0.2225
22 22         0.0646        0.04472
23  0         0.1269              0
23  1       0.025038       0.092744
23  2        0.10414       -0.13859
23  3      -0.043818      -0.074898
23  4       0.161114      -0.124074
23  5      -0.032694      -0.098896
23  6       0.034676       0.048708
23  7      -0.082676      -0.068438
23  8     -0.0063132       -0.20238
23  9       0.059932       0.109396
23 10      -0.071056       -0.12651
23 11      -0.058792       0.081498
23 12       -0.23128      -0.062168
23 13      0.0032978       0.081918
23 14       0.009794       -0.17824
23 15      -0.033196      -0.186072
23 16       -0.12059      -0.088068
23 17      -0.028304      -0.052648
23 18       0.099016       0.036016
23 19       0.072232     0.00141576
23 20       0.136318       0.198066
23 21      -0.041196       0.108994
23 22          0.346     0.00051652
23 23       0.064056        0.21908
24  0       0.016454              0
24  1       0.023398        0.09112
24  2        0.05722        0.06144
24  3       0.020582      -0.089996
24  4      -0.177772        0.03537
24  5      -0.100264      -0.115748
24  6      -0.050558       0.022478
24  7       0.044988      -0.062794
24  8      -0.106596      -0.032438
24  9      -0.110434      -0.088058
24 10      -0.041778       -0.10203
24 11       0.194116      -0.027938
24 12       0.006825       0.176262
24 13       0.091346      -0.073626
24 14       0.094768      0.0182784
24 15       0.149558       -0.26112
24 16      -0.057514        0.19189
24 17     0.00104508        0.03184
24 18       0.143278      0.0020792
24 19      -0.032048      -0.090726
24 20       0.032942      -0.014946
24 21       0.109052        0.15671
24 22      -0.045428        0.05043
24 23       0.120398      -0.086688
24 24       0.101262       -0.02454
25  0      0.0076816              0
25  1       0.110768      -0.100438
25  2      -0.134176     -0.0071286
25  3      -0.112448       0.029954
25  4      -0.024702        0.11918
25  5      -0.064702      -0.105108
25  6        -0.1657        0.05889
25  7      -0.036484       0.117716
25  8       0.128036      -0.114436
25  9        -0.2751       0.123112
25 10      -0.045482       -0.06031
25 11       -0.25218      0.0113808
25 12       0.147248      -0.122116
25 13      0.0196836      0.0137448
25 14       0.149964       0.153184
25 15       -0.20338        -0.2036
25 16      -0.020118       0.098112
25 17      -0.160532       0.093158
25 18      -0.049728       0.143964
25 19      -0.108044       0.084816
25 20      0.0144766       0.042998
25 21       0.087196       0.100304
25 22       0.021176      -0.079354
25 23       -0.13379       -0.06736
25 24      -0.061144       -0.09285
25 25     -0.0117796       -0.14879
26  0      -0.070714              0
26  1        0.02554     -0.0041328
26  2      -0.101854     -0.0083338
26  3       -0.24808      -0.062984
26  4       -0.20868       0.017694
26  5       0.192776       0.024596
26  6       -0.07459        0.09926
26  7       -0.03908       -0.08609
26  8      0.0198214      -0.051008
26  9       -0.25486      0.0112912
26 10        0.24128       0.051148
26 11      -0.166836        0.15851
26 12        0.20312         0.0763
26 13       0.138486      -0.179752
26 14       0.157616       0.110702
26 15       -0.10002      -0.107524
26 16       0.136668      -0.176088
26 17      -0.078838       -0.02681
26 18       0.136708      -0.103816
26 19        -0.2112     -0.0131456
26 20      -0.040832       0.036426
26 21       0.195646      -0.088156
26 22       -0.04659      -0.070146
26 23       0.058076     -0.0149466
26 24        0.06177      -0.036674
26 25       0.053656      0.0148238
26 26      0.0088756       0.062728
27  0      -0.055459              0
27  1     -0.0193138       0.026344
27  2       0.036116        0.02123
27  3      0.0115938       0.067906
27  4      -0.167594       -0.11244
27  5       0.083954       0.128316
27  6       0.043198      -0.056028
27  7        -0.0599      -0.004625
27  8      -0.038598       0.046428
27  9     -0.0070912     0.00131152
27 10       0.130398       0.073092
27 11       0.042796      -0.117036
27 12        0.14121        0.04025
27 13     -0.0118698       0.076208
27 14       -0.14317      -0.179892
27 15      -0.090284       0.135446
27 16      -0.099222      -0.132802
27 17      -0.050046       0.083212
27 18       0.042698       0.142446
27 19      -0.158326      -0.096346
27 20        0.23248      -0.029422
27 21      -0.051758     -0.0057244
27 22       0.107744      -0.030376
27 23       -0.05494       0.088372
27 24       0.140326        0.08954
27 25      -0.031046       0.186044
27 26        0.05565        0.05332
27 27      -0.023696      0.0126862
28  0      -0.040934              0
28  1      -0.081704       0.030074
28  2        0.07929       0.084794
28  3       0.073552       0.124198
28  4      -0.094924       0.163332
28  5       0.084954       0.108754
28  6       0.137064      0.0105394
28  7      -0.020712       0.156844
28  8      -0.049418       0.088914
28  9      -0.124132       0.005472
28 10      -0.096516       0.046476
28 11        -0.0728     -0.0174074
28 12       0.076528      -0.029982
28 13       0.055972      -0.034384
28 14       0.090956       0.056978
28 15        -0.1354      -0.098354
28 16      -0.131358       -0.06339
28 17       0.027328       -0.07934
28 18      -0.035416       0.130206
28 19     -0.0127908       0.083228
28 20      0.0133396       0.102596
28 21     -0.0055334       -0.01739
28 22       0.103344        0.05081
28 23      -0.088098      -0.037834
28 24       0.061052        0.20578
28 25        0.04099      -0.028396
28 26      -0.145152      -0.009409
28 27       0.085708       0.151132
28 28         -0.058      -0.122398
29  0       -0.02194              0
29  1        0.06335    0.000174378
29  2       0.117598      0.0162018
29  3      -0.058558      -0.090766
29  4       0.089122       0.048198
29  5       0.028746       0.032242
29  6      -0.020334      -0.137504
29  7      -0.071048     -0.0180822
29  8       0.101664       0.105976
29  9       0.114072        0.02248
29 10       -0.20594     -0.0101824
29 11      -0.026772      0.0092552
29 12      0.0063802       0.074722
29 13      -0.033212      0.0042026
29 14      -0.032478      -0.076058
29 15      0.0133528      -0.073488
29 16      -0.110728       0.060558
29 17      0.0025392      -0.054744
29 18      -0.143578         0.1465
29 19       0.044084      0.0173696
29 20      -0.089462      -0.023514
29 21      -0.066448      -0.007021
29 22       0.033174       0.040104
29 23        0.20678      -0.033866
29 24        0.08596      0.0097122
29 25      -0.087844      0.0091506
29 26        0.21612      -0.099552
29 27      -0.076018      0.0075488
29 28       0.116378        0.08155
29 29       0.121398       0.050584
30  0       0.046746              0
30  1       0.032778      0.0047096
30  2       0.059376      -0.074176
30  3         0.1827       -0.02474
30  4      0.0046168       0.042322
30  5       0.169354     -0.0148894
30  6        0.12127     -0.0051778
30  7      -0.022684       -0.08216
30  8        0.04197       -0.10939
30  9       0.040396       -0.16113
30 10       0.025642       0.083476
30 11      -0.128562      -0.057736
30 12        0.06827       0.070028
30 13      -0.023844    -0.00026802
30 14        0.07332      0.0014631
30 15      0.0194146      -0.107934
30 16       0.093634      -0.065572
30 17      -0.028256      -0.080308
30 18        0.05885      0.0116276
30 19      -0.152938      -0.059374
30 20     -0.0035616      -0.108662
30 21      0.0057978      -0.021148
30 22     -0.0195718      -0.026162
30 23      0.0191676       -0.06158
30 24      -0.107864      -0.099236
30 25       0.083258        -0.2203
30 26      -0.084978      -0.141096
30 27       0.063026      -0.099932
30 28       0.006724       0.046858
30 29       0.040566      -0.078004
30 30      -0.027702     -0.0100286
31  0     0.00039896              0
31  1       0.115288      -0.111796
31  2       0.050602       0.050436
31  3       0.080086      -0.090062
31  4      -0.081352       0.044036
31  5       -0.13522      -0.028586
31  6       0.094444        0.07894
31  7       0.059346       0.065918
31  8       0.120136     -0.0145292
31  9       0.149316       0.013807
31 10      -0.043664      -0.064442
31 11      0.0004094        0.02759
31 12     -0.0010029       0.157658
31 13        0.03307       0.110264
31 14        0.26568      -0.077014
31 15       0.040586       0.043838
31 16      0.0194272      0.0131252
31 17      -0.165198       0.029392
31 18       0.036066      -0.035868
31 19       0.027588      0.0171074
31 20       0.070454          0.066
31 21      -0.141896        0.09168
31 22       0.051926       0.033382
31 23    -0.00151672       0.109564
31 24        0.05432       0.023094
31 25        0.03021      -0.107276
31 26      -0.035116       0.032128
31 27       0.032506        0.04517
31 28        0.00707      -0.020426
31 29      -0.078078      -0.033338
31 30       -0.07605      -0.100078
31 31       -0.13574      -0.098846
32  0    -0.00079509              0
32  1      -0.069556      -0.038144
32  2      -0.074022       -0.10434
32  3       0.028656      0.0099874
32  4       0.029954       0.069866
32  5      -0.094984      -0.046814
32  6       -0.10582       0.014228
32  7       0.066912       -0.05064
32  8      -0.060164        -0.0084
32  9      0.0060062       0.025776
32 10      -0.145712      0.0198696
32 11      -0.062568       0.064158
32 12       0.018609      -0.101242
32 13      -0.044868       0.093132
32 14       0.167352      -0.062384
32 15      0.0052338      0.0175456
32 16       0.031352       0.027028
32 17      -0.114484        0.14414
32 18     -0.0101744      -0.016724
32 19       0.032282      -0.082482
32 20        0.03083      -0.042232
32 21     -0.0078848       0.111128
32 22       0.017795      0.0077972
32 23       0.047406       0.009947
32 24      -0.085046       0.061402
32 25      -0.025554      0.0024122
32 26       0.020598       0.025138
32 27      -0.111176       0.046798
32 28      -0.117416       0.064542
32 29      -0.110388       0.056786
32 30      -0.099718      -0.095114
32 31      -0.017155      0.0079864
32 32       -0.05173       -0.07947
33  0     -0.0049081              0
33  1      -0.087852         0.0302
33  2       -0.12665     -0.0121274
33  3      -0.110786      -0.120364
33  4        0.04239     -0.0085562
33  5       0.023212       0.040324
33  6      0.0066544       0.050222
33  7     -0.0091978       0.038412
33  8      -0.063536      -0.023108
33  9       0.050278       0.048124
33 10     -0.0100246        -0.0651
33 11       -0.23548     -0.0103624
33 12       0.034168      -0.037532
33 13       -0.05477       -0.03399
33 14        0.04539      -0.071814
33 15        0.05142       0.022796
33 16      -0.078556       0.031534
33 17       0.053846      0.0173646
33 18      -0.032722       0.036022
33 19     -0.0049746       0.105872
33 20       -0.04754        0.13397
33 21       -0.06297      -0.044154
33 22       0.069432        0.19422
33 23       0.081146      0.0093618
33 24      -0.042332       0.160898
33 25       0.078794      -0.065932
33 26       0.090002     -0.0034864
33 27       0.026572        0.08128
33 28      -0.024462      -0.010851
33 29      -0.016376        0.05533
33 30      -0.061922      0.0177118
33 31     -0.0080472      -0.031614
33 32     -0.0157624        0.09864
33 33      -0.075828       0.059334
34  0       0.054813              0
34  1      -0.021842       0.111342
34  2      -0.035374      -0.043714
34  3      0.0028042       0.033978
34  4       0.088246      -0.020864
34  5       0.033536      -0.049678
34  6       0.039238        0.01514
34  7     -0.0070014        0.08664
34  8      0.0176876     -0.0093626
34  9       0.022422       0.070234
34 10       0.108106      0.0089322
34 11      0.0057784       -0.11381
34 12       0.042228       0.060456
34 13        -0.0376      -0.083292
34 14      -0.016741    -0.00137462
34 15      0.0125856      -0.092402
34 16      -0.043858      -0.005429
34 17       0.118948      -0.043354
34 18     -0.0040706       0.054286
34 19       0.049978       0.058398
34 20       -0.03565       0.117292
34 21      -0.144622      -0.021204
34 22       0.144344       0.050376
34 23       0.021692    -0.00087918
34 24       0.045682      0.0162142
34 25     0.00051804     -0.0077866
34 26      -0.020072     -0.0093924
34 27       0.151572      0.0183436
34 28     -0.0026472      0.0036214
34 29      -0.031754       0.108358
34 30       0.194772      -0.036456
34 31      -0.045164       0.095392
34 32      -0.035644      0.0170394
34 33     -0.0159184       0.035274
34 34      -0.035648       0.093776
35  0       0.066221              0
35  1      -0.026986       0.076772
35  2       0.024138       -0.08736
35  3       0.042348      -0.045378
35  4       0.061016       0.063076
35  5     -0.0143598        -0.0678
35  6        -0.0566      -0.026188
35  7      -0.020782     -0.0196378
35  8      0.0107694       -0.07772
35  9       -0.08569       0.050806
35 10       0.061496      0.0082914
35 11       0.070244       0.027442
35 12      -0.075068      -0.040554
35 13       0.060274      0.0198024
35 14       -0.08434         0.0427
35 15       0.072124       0.048174
35 16      -0.089284    -0.00047682
35 17      -0.028808      0.0127154
35 18    -0.00125258        0.09225
35 19      -0.058902      -0.050906
35 20      -0.040292      -0.021396
35 21       0.078986       0.146732
35 22       0.051488       0.075748
35 23      -0.050924     -0.0114922
35 24       -0.04422      -0.104502
35 25       0.050892      -0.045858
35 26      0.0092016     -0.0099008
35 27     -0.0033156      -0.119194
35 28       0.005974     0.00076528
35 29      -0.100826     -0.0041892
35 30       0.084196       0.050472
35 31      -0.044134      0.0089564
35 32        0.08483       0.148754
35 33        0.05176     -0.0128468
35 34     -0.0180544       0.115708
35 35     -0.0158544       0.074568
36  0       0.043524              0
36  1       0.027272       -0.06566
36  2      -0.031552       0.056394
36  3      -0.053306      -0.060932
36  4       0.075232      -0.086462
36  5        0.09644      -0.049002
36  6      -0.039596      -0.043556
36  7      -0.118802      -0.058466
36  8       0.065038     -0.0033738
36  9      0.0167256       0.076326
36 10       0.035792     -0.0113802
36 11      -0.066436      0.0063452
36 12       0.083926        0.03741
36 13      -0.091832       0.024522
36 14     -0.0170836        0.02925
36 15       -0.04149       0.130746
36 16       0.069104     -0.0048384
36 17      -0.094794      -0.056696
36 18     -0.0198024      -0.070134
36 19      -0.120476      -0.029982
36 20      -0.028248      -0.102436
36 21       0.032224      -0.015725
36 22     -0.0129932       0.049546
36 23        0.01423       0.076504
36 24      -0.025808        -0.1193
36 25      -0.082828      0.0052398
36 26      -0.029366      -0.020824
36 27      0.0078756     -0.0047616
36 28       -0.02074       0.031402
36 29      0.0146394      -0.031792
36 30       0.094008     -0.0088572
36 31     0.00188222       0.020484
36 32      -0.048692       -0.14373
36 33        0.24538        0.12151
36 34       0.051812      -0.078766
36 35       0.063484       0.020256
36 36      -0.003668        0.02151
37  0      0.0085405              0
37  1      -0.026568      -0.126184
37  2     -0.0190126       0.022968
37  3      0.0047268       -0.02208
37  4      -0.052122      -0.022292
37  5       0.061346     -0.0123728
37  6       0.046912     -0.0060568
37  7      -0.034944      -0.024874
37  8      -0.056068     -0.0060968
37  9       0.024836     -0.0127612
37 10       0.093988       0.030398
37 11       0.057732     -0.0077522
37 12      -0.008528      -0.026856
37 13      -0.032974      0.0077064
37 14       0.036482       0.049256
37 15      -0.073198       0.017332
37 16       0.050846      -0.033556
37 17       0.105046      0.0020046
37 18     -0.0155964     -0.0069398
37 19     -0.0095252        0.04996
37 20      0.0099876      -0.127668
37 21       0.068898        -0.0374
37 22      0.0099358     0.00142056
37 23      -0.029198        0.02873
37 24       0.041134        0.07142
37 25     -0.0096596     0.00035404
37 26      -0.090306      -0.015954
37 27       0.035284     -0.0068798
37 28      -0.043676       0.066706
37 29      -0.010147        0.21586
37 30       0.015653      0.0053716
37 31       0.045534      0.0090006
37 32       0.073098      -0.084454
37 33       0.047346      -0.102734
37 34       0.051964     -0.0064876
37 35       0.087784      -0.100388
37 36      0.0121742       0.021068
37 37        0.06177      -0.042604
38  0       0.002635              0
38  1      -0.039382      -0.084424
38  2       -0.02347       0.060424
38  3     -0.0074224     -0.0092294
38  4      0.0165696      -0.050534
38  5      -0.036032       0.020526
38  6     -0.0191528      -0.089638
38  7     -0.0070192       0.032554
38  8     -0.0178698        0.03143
38  9      -0.021816      0.0011289
38 10        0.02686      -0.046332
38 11        0.06938     -0.0165256
38 12      0.0182804       0.047966
38 13       0.076788        0.03682
38 14      -0.026254       0.026434
38 15    -0.00041062      0.0078588
38 16      0.0060776       -0.04057
38 17     -0.0109032       0.039132
38 18      -0.027334      -0.022912
38 19      0.0084952       0.064966
38 20    -0.00054162       0.043572
38 21      0.0116382      -0.063746
38 22     0.00185126     -0.0101502
38 23      -0.067402      -0.057296
38 24       0.086654       0.025072
38 25      0.0177516       0.032162
38 26      -0.063022      -0.018776
38 27       0.120418        0.02502
38 28     -0.0097822       0.063106
38 29      -0.067594       0.025672
38 30      -0.102644       0.134862
38 31       0.061456     -0.0030322
38 32      -0.083116      -0.037072
38 33      0.0195866        0.05123
38 34     0.00182008         0.0546
38 35      -0.058682       -0.06334
38 36       -0.02352      -0.067998
38 37       0.037122      -0.033624
38 38     -0.0168522      -0.079532
39  0       0.038131              0
39  1     -0.0128024     0.00132572
39  2      -0.083114       0.073394
39  3      -0.013516       0.093314
39  4       0.088162      -0.071192
39  5      -0.041566     -0.0106674
39  6      -0.054324      -0.143484
39  7       0.040484       -0.07241
39  8       0.033206       0.031658
39  9      -0.025332      -0.037454
39 10     0.00029868      0.0025382
39 11       0.046008      -0.068534
39 12       0.047778      -0.029156
39 13      -0.059004      -0.030612
39 14       -0.06149       -0.03598
39 15      0.0120852       0.119472
39 16      0.0113152       -0.05248
39 17       0.021456      0.0090048
39 18      -0.107904     -0.0020472
39 19      -0.037242       -0.09787
39 20       -0.03041         0.0623
39 21     -0.0195538      -0.047242
39 22       0.022282      0.0085922
39 23       -0.02472      0.0106374
39 24       0.075104     -0.0039368
39 25       0.100102       -0.02408
39 26       0.032092      0.0049188
39 27      -0.024698     -0.0190556
39 28      -0.026326       0.091316
39 29      -0.027906      0.0055734
39 30        0.04798       0.080722
39 31      -0.030962       -0.10152
39 32       0.039344        -0.0931
39 33      -0.060164      -0.083954
39 34      -0.079166        0.03503
39 35      -0.083168      0.0149122
39 36      -0.066702      -0.056042
39 37      -0.060652      -0.087932
39 38     -0.0044036      -0.021492
39 39      -0.009028      -0.034932
40  0       0.048463              0
40  1      -0.099398      0.0049948
40  2        0.09153      -0.089074
40  3   -0.000184218       0.035132
40  4      0.0076856     -0.0033556
40  5         0.0688       0.030116
40  6      0.0153742       -0.01301
40  7      -0.041854      0.0063106
40  8       0.048818      0.0187678
40  9        0.14256       -0.06304
40 10       0.103194        0.08461
40 11      0.0088518      -0.023494
40 12       0.041086     -0.0038168
40 13      0.0028138      0.0086166
40 14      -0.084934      -0.088876
40 15     -0.0184148      -0.022186
40 16      0.0189006        0.08352
40 17      -0.016801       0.087742
40 18       -0.08514       0.024126
40 19      -0.023988      0.0161992
40 20       -0.04068       0.061776
40 21      -0.023746       0.024584
40 22   -0.000170462      -0.123328
40 23       -0.07163     -0.0083798
40 24     -0.0182354     -0.0034896
40 25      -0.103392      -0.091476
40 26       -0.06729      -0.062438
40 27      -0.037172       0.084144
40 28      -0.031024        -0.0256
40 29       -0.06037       0.069828
40 30    -0.00113546       0.019361
40 31       0.028068      0.0160452
40 32       0.024372       -0.06158
40 33       -0.02062      -0.028826
40 34      -0.031736       0.021786
40 35      -0.053326       0.029408
40 36      -0.085136     -0.0054758
40 37       -0.03977       0.057778
40 38      0.0168862      -0.087886
40 39     -0.0157698       0.038712
40 40      -0.106238       0.049698
