 0  0         0.4267              0
 1  0        -1.0845              0
 1  1         0.4916        0.84776
 2  0       -0.39428              0
 2  1        1.41148         2.9688
 2  2         3.1894       -0.53198
 3  0        0.67559              0
 3  1        -1.0824         0.9729
 3  2        1.30716       -1.41288
 3  3        1.69982         2.3746
 4  0        0.27579              0
 4  1        -1.2337       -0.46308
 4  2         0.6453       -0.69052
 4  3        1.80774       -0.95096
 4  4        0.30594      -0.158278
 5  0        0.72535              0
 5  1       -1.12046       -0.91096
 5  2       -1.23194         0.5059
 5  3        0.97062       -0.65874
 5  4      -0.197694       -1.16742
 5  5       -0.98378       0.096372
 6  0       -0.35243              0
 6  1        0.49868         0.3271
 6  2       -1.04888        1.61452
 6  3       -0.20386        -0.5467
 6  4        -0.5892        0.91384
 6  5        -1.8184       -0.63376
 6  6       -0.29712        0.36042
 7  0       0.013938              0
 7  1        0.46874       -0.05495
 7  2       -0.64338        0.49394
 7  3        0.46572       -0.39006
 7  4        0.53948         0.7643
 7  5        0.28356         0.7065
 7  6          0.318       -0.49442
 7  7        0.42474       -0.34874
 8  0       -0.33352              0
 8  1        0.30358        0.23476
 8  2       -1.49076      -0.083296
 8  3         -0.291       0.063542
 8  4        0.24772       -0.52908
 8  5       -0.03246        0.29594
 8  6      -0.041354       -0.12601
 8  7        0.78812        0.24406
 8  8        0.63104        0.36896
 9  0        0.26227              0
 9  1        0.41784        0.73296
 9  2      -0.129764      -0.042806
 9  3       -0.88628      -0.192984
 9  4      -0.076384       0.135668
 9  5         0.4375      -0.028142
 9  6      -0.084972       -0.62958
 9  7      0.0171564       -1.01458
 9  8       -0.87508       -0.52604
 9  9       -0.59588       -0.04811
10  0        0.11638              0
10  1        0.27502      -0.091332
10  2        0.60566         0.2139
10  3       0.050864      -0.078154
10  4         0.6596       -0.33432
10  5     -0.0152202        0.30272
10  6         0.3591       0.181276
10  7      -0.143272       -0.42034
10  8       -0.40668        0.20162
10  9         0.3732        0.14167
10 10       -0.68856       0.164726
11  0        0.29656              0
11  1       0.098516      -0.148164
11  2      -0.095738       0.140444
11  3      -0.083236        -0.5402
11  4       -0.23558        0.56076
11  5        0.32938        0.39832
11  6        0.17509      -0.049224
11  7       -0.71468      -0.191922
11  8      -0.075768       -0.26516
11  9       -0.29796        0.91436
11 10       0.040052        0.31614
11 11       0.171238       -0.23942
12  0        0.12352              0
12  1       -0.16108       -0.08867
12  2        0.61338        -0.4104
12  3      -0.071726      -0.126904
12  4      -0.025824        0.42788
12  5      -0.043988      -0.162468
12  6       0.157768        0.30378
12  7       -0.26558     -0.0039718
12  8     -0.0152824      -0.199818
12  9         0.4352        0.53688
12 10      -0.037154        0.34208
12 11       0.025994         0.1235
12 12        0.20472      -0.187698
13  0       -0.37755              0
13  1       -0.39332      -0.198148
13  2      -0.059722         0.1522
13  3          -0.33         0.4531
13  4      -0.186966        0.19033
13  5        0.40408      -0.152228
13  6        0.24294         0.0258
13  7      0.0023528       -0.43994
13  8       0.100678      -0.038856
13  9        0.43434         0.5111
13 10       0.039252        0.26938
13 11      -0.126792       -0.22374
13 12        0.46154        -0.4093
13 13        -0.4968        0.50486
14  0      -0.016661              0
14  1       0.182938        0.30408
14  2        0.33644        0.21564
14  3        0.30438       0.083082
14  4       -0.38634        0.18338
14  5       0.102022        -0.2002
14  6      0.0093056      -0.158244
14  7        0.21802       0.059756
14  8       0.112218       -0.29034
14  9      0.0196348          0.205
14 10      -0.044058      -0.053284
14 11    -0.00191714       -0.40544
14 12       0.072778       0.100562
14 13        0.13752        0.19582
14 14        0.31438        0.25478
15  0        -0.2305              0
15  1      -0.158736      -0.029894
15  2       0.101488        0.30876
15  3         0.3405        0.27994
15  4        0.24164        0.34852
15  5     -0.0029574      0.0056636
15  6      -0.038112      0.0174626
15  7       0.121626        0.27058
15  8       0.190266      -0.159226
15  9        0.06925       0.166052
15 10      -0.111426      -0.028074
15 11      -0.036748       0.031916
15 12      -0.126338       -0.40178
15 13       -0.36562       0.025066
15 14       -0.22564      -0.158922
15 15     0.00151338       -0.31376
16  0       0.026494              0
16  1      -0.021436     -0.0072924
16  2        0.14988       -0.11838
16  3       -0.28646       -0.41862
16  4      -0.072566       -0.23744
16  5     0.00030306     -0.0022754
16  6       0.178556        0.19897
16  7        0.08154      -0.093022
16  8      -0.187644       -0.27042
16  9       -0.21634       -0.20594
16 10     -0.0027106      -0.164042
16 11        0.25306        0.45826
16 12      -0.085708       -0.52148
16 13        0.15539       0.164618
16 14        0.02564        0.30204
16 15        0.22058       -0.30828
16 16       0.029414       0.072022
17  0      -0.076811              0
17  1      -0.156182        -0.3953
17  2       0.189346      -0.056316
17  3        0.37882         0.2598
17  4      -0.100284      -0.167868
17  5      -0.164732        -0.2471
17  6       0.108718      -0.164834
17  7       0.080596      0.0118834
17  8       0.066624      -0.138296
17  9       -0.39318       -0.36558
17 10       0.124334       -0.24364
17 11        -0.2578        0.20368
17 12       -0.35558       -0.06241
17 13      -0.039008       0.085914
17 14       0.056304      -0.069848
17 15       -0.03192      0.0136802
17 16        0.35594        -0.3507
17 17       -0.16448      -0.150056
18  0        0.11129              0
18  1       0.066388       -0.25786
18  2        -0.2398      -0.131222
18  3      -0.106448     -0.0004533
18  4       -0.31656       0.199468
18  5       0.138478        0.23462
18  6        0.04824      -0.031262
18  7      -0.171352      -0.040286
18  8       -0.25744       0.083504
18  9      -0.080098         0.2319
18 10        0.06011      0.0141992
18 11      -0.067646        0.20796
18 12     -0.0062934      -0.052262
18 13       0.103108        -0.2253
18 14      0.0175594       0.082954
18 15        0.21722        -0.3223
18 16      -0.152982      -0.131546
18 17       0.143182       -0.35928
18 18       -0.30118      -0.068582
19  0      -0.095832              0
19  1       0.029656       0.040094
19  2      -0.128388      -0.175462
19  3      -0.070278       0.082504
19  4      -0.099466     -0.0035608
19  5       0.082124       0.140312
19  6        0.14541      -0.103852
19  7      -0.030558       0.021722
19  8      0.0051944          0.315
19  9      -0.054696      -0.079022
19 10        0.37196      -0.042206
19 11       0.026662       0.160882
19 12       0.164256       0.094878
19 13      0.0139638      -0.180056
19 14      -0.042498      -0.052154
19 15       -0.22722       0.070316
19 16      -0.134568        -0.2102
19 17       0.082888      -0.133966
19 18       -0.26736       0.199758
19 19      -0.164984     0.00196412
20  0       -0.20125              0
20  1     -0.0095924       0.015338
20  2      -0.112124       -0.06992
20  3      -0.045008        0.30096
20  4       -0.22118       0.055768
20  5       0.116076      -0.036914
20  6      0.0034876      -0.041806
20  7       -0.19876       -0.07265
20  8       0.169902        0.20814
20  9       0.060524      -0.043748
20 10        0.03079       0.083376
20 11        0.26724       -0.18454
20 12       0.176766     -0.0115978
20 13        0.28304      -0.081274
20 14      0.0180482       0.153888
20 15       -0.03867      -0.033254
20 16       -0.11155        0.08917
20 17      -0.057582      -0.096292
20 18     -0.0190092        0.12996
20 19      -0.030882       0.043476
20 20      -0.078866       0.036886
21  0      -0.072738              0
21  1       0.073124        0.20384
21  2      -0.094732        0.23678
21  3       0.049026       0.162096
21  4        -0.2211       0.149498
21  5       0.032762      -0.016188
21  6       0.078262       0.129036
21  7     -0.0080852      -0.091886
21  8         0.2734       -0.03371
21  9      -0.018256      -0.078956
21 10        0.20414      -0.118426
21 11       0.063558      -0.194744
21 12      -0.055014       0.043266
21 13      -0.154386      -0.076132
21 14      -0.081312     -0.0168314
21 15       0.065076      -0.165212
21 16      -0.081366       0.075164
21 17      -0.085578        0.07948
21 18      -0.119202        0.02955
21 19      -0.141868        0.23136
21 20         0.2172     0.00157044
21 21        -0.2477       0.143112
22  0       0.015931              0
22  1       0.166244     -0.0033512
22  2        0.03507       0.144642
22  3       0.061414      0.0171214
22  4        0.26392      -0.013656
22  5      -0.102972       -0.12654
22  6       -0.15316      0.0036034
22  7       0.083248      -0.147726
22  8        0.18613       0.110806
22  9       0.132996      -0.022246
22 10        0.08153        -0.3872
22 11       0.027738       -0.08549
22 12      -0.047708       0.036022
22 13      -0.040618         0.2784
22 14      -0.102816      -0.027688
22 15       0.017588      -0.059594
22 16      -0.041434      0.0160786
22 17       0.060616        0.10233
22 18        0.05029       0.157758
22 19       0.110022      -0.036952
22 20       0.072906      -0.031418
22 21       0.166928       0.160234
22 22       0.060302       0.060386
23  0        0.15268              0
23  1       0.055006        0.07095
23  2       0.061064      -0.180288
23  3      -0.076674      -0.106128
23  4       0.184046      -0.144816
23  5      0.0036022      -0.087876
23  6       0.021744        0.09062
23  7      -0.044586      -0.021608
23  8      0.0137252        -0.2271
23  9       0.011605       0.118954
23 10      -0.086404      -0.142756
23 11      -0.024394       0.044322
23 12      -0.140866      -0.067754
23 13       -0.02119       0.081188
23 14    -0.00124886      -0.041352
23 15      0.0099834       -0.16603
23 16     -0.0084496      -0.043714
23 17      -0.045664      -0.029786
23 18       0.161668     -0.0170468
23 19       0.100658      -0.029206
23 20        0.14473       0.152494
23 21      -0.068998        0.04384
23 22        0.21652       0.060162
23 23       0.124154        0.24716
24  0       -0.02199              0
24  1       0.033934       0.059396
24  2      0.0034372       0.081356
24  3        0.04481      -0.126792
24  4     -0.0076152     -0.0101424
24  5      -0.082232      -0.150582
24  6      -0.097088       0.030198
24  7       0.075452      -0.027906
24  8      -0.049386      0.0103548
24  9      -0.123934      -0.036254
24 10      -0.060596      -0.088516
24 11       0.185868      0.0055892
24 12     -0.0168428       0.137388
24 13       0.049534      -0.044306
24 14      0.0147684      -0.015698
24 15       0.092592       -0.21986
24 16      -0.035514       0.130704
24 17      -0.044142         0.0688
24 18       0.100206       0.039274
24 19      0.0069402      0.0118978
24 20     -0.0152856     -0.0174264
24 21        0.04191       0.143164
24 22      0.0025632       0.046886
24 23       0.010138      -0.026516
24 24         0.1053     -0.0186906
25  0       0.027931              0
25  1       0.095366      -0.036548
25  2      -0.115158      -0.041556
25  3      -0.064046     -0.0133454
25  4      -0.068834       0.136944
25  5       -0.09104       -0.11413
25  6      -0.131658        0.03406
25  7     -0.0051438       0.099134
25  8       0.077076      -0.086316
25  9       -0.24626       0.081172
25 10      -0.068096      -0.049636
25 11       -0.20116       0.062588
25 12        0.10276      -0.061866
25 13       0.106768        0.02124
25 14       0.131624       0.170822
25 15      -0.124136      -0.137354
25 16       0.031844       0.048438
25 17      -0.117314       0.011498
25 18      -0.060708       0.112318
25 19      -0.074866       0.022326
25 20       0.015319       0.039966
25 21       0.051082       0.065488
25 22        0.07903      -0.042154
25 23       -0.07101      -0.030484
25 24      -0.043022       -0.06177
25 25     -0.0139038       -0.06958
26  0      -0.052575              0
26  1       0.075336       0.048018
26  2      -0.097582     -0.0173302
26  3       -0.21578      -0.026222
26  4      -0.178926       0.102128
26  5       0.193682      0.0072866
26  6      -0.109896       0.115844
26  7      -0.074718      -0.098552
26  8       0.120458      -0.039686
26  9      -0.184682        0.04368
26 10        0.18739       0.058162
26 11      -0.086552       0.089984
26 12       0.102602       0.043366
26 13       0.105036      -0.110824
26 14        0.12614       0.113108
26 15      -0.066106       -0.07414
26 16       0.113878      -0.126152
26 17      -0.092678      -0.065576
26 18       0.055804      -0.059492
26 19      -0.094812       0.024596
26 20      -0.061994      0.0032056
26 21       0.178584       -0.05861
26 22      0.0044322      -0.042252
26 23       0.068458        0.03205
26 24       0.028146      -0.031214
26 25       0.050164      -0.033232
26 26      -0.026886        0.03866
27  0       0.004498              0
27  1      0.0062204        0.03204
27  2       0.084138      -0.084502
27  3         0.0832       0.051746
27  4      -0.115856      -0.074812
27  5       0.086634       0.042538
27  6       0.080234      -0.114806
27  7      -0.113154      0.0081824
27  8      0.0101878       0.041234
27  9       0.035018      -0.005867
27 10       0.105824       0.020116
27 11      0.0196418      -0.131074
27 12       0.110832      -0.029742
27 13     -0.0159154       0.055424
27 14      -0.070414      -0.155144
27 15      -0.114968        0.11495
27 16      -0.066674      -0.119834
27 17      0.0110854       0.031694
27 18       0.047834       0.099226
27 19       -0.12005      0.0159776
27 20       0.189234        0.03606
27 21      -0.050726      -0.023766
27 22        0.08882      -0.013273
27 23      -0.062308       0.098838
27 24       0.173542       0.145336
27 25       0.057608       0.131056
27 26       0.089284       0.067368
27 27       0.070952     -0.0045992
28  0      -0.050513              0
28  1       -0.06065      0.0159634
28  2       0.142746        0.05811
28  3       0.058838       0.097812
28  4      -0.080382        0.12014
28  5       0.064942        0.04607
28  6       0.089624     -0.0098524
28  7      -0.058802       0.113128
28  8        0.03679       0.070324
28  9      -0.133064       0.047368
28 10     -0.0095622       0.072324
28 11       -0.07484      -0.029138
28 12       0.092712        -0.0373
28 13       0.043562      -0.066394
28 14       0.056312       0.021294
28 15      -0.159072      -0.129756
28 16        -0.0877     -0.0106016
28 17      0.0184556        -0.0602
28 18      -0.075726       0.120388
28 19      0.0050114       0.074548
28 20      -0.032146      0.0114156
28 21      -0.035972     -0.0098628
28 22        0.09733       0.034474
28 23      -0.129952      -0.121726
28 24       0.040628        0.11786
28 25       0.080046      -0.056352
28 26      -0.090542      -0.047976
28 27        0.10763       0.146922
28 28       -0.03343      -0.030764
29  0       0.032797              0
29  1       0.024182       0.034548
29  2       0.066798        0.07235
29  3      -0.066598     -0.0007234
29  4       0.073688       0.087178
29  5      0.0066092     -0.0152438
29  6      -0.023764       -0.10208
29  7      -0.064952     -0.0029078
29  8        0.14068       0.049372
29  9       0.078626     0.00144756
29 10       -0.20878      0.0170848
29 11      -0.022276     -0.0183104
29 12       0.011803       0.063498
29 13      -0.065264      0.0192122
29 14     -0.0155154      -0.072334
29 15     -0.0148648      -0.041054
29 16      -0.099034      0.0193416
29 17      0.0178168      -0.035102
29 18      -0.101388       0.120658
29 19     -0.0090124      -0.089696
29 20      -0.028406      -0.014955
29 21      -0.074108      -0.025718
29 22       0.057704     -0.0170966
29 23       0.174238     -0.0181232
29 24       0.065626       0.023862
29 25      -0.033128      0.0026434
29 26       0.093222      -0.085064
29 27       -0.05472      -0.031516
29 28       0.080692       0.104906
29 29       0.054802       0.025864
30  0       0.048359              0
30  1       0.031918      0.0157382
30  2       0.072252       0.043544
30  3       0.158634      0.0065328
30  4      -0.049524     -0.0179216
30  5       0.135636      -0.049594
30  6       0.058264       0.039752
30  7      -0.033984      -0.108468
30  8     -0.0021826        -0.0981
30  9       0.052552       -0.14175
30 10      0.0057322       0.042102
30 11      -0.101588       -0.07614
30 12       0.029962       0.054134
30 13      -0.038368     -0.0149444
30 14       0.067948     0.00042066
30 15      0.0197204      -0.106998
30 16       0.092758       0.034252
30 17       -0.06275      -0.088852
30 18       0.028614      0.0106318
30 19      -0.095108      -0.061512
30 20       0.047318      0.0115956
30 21      -0.054664       0.017582
30 22      0.0080724       0.081974
30 23      0.0024788      -0.045334
30 24      -0.142396      -0.035612
30 25       0.069456      -0.090176
30 26      -0.157226       -0.10931
30 27       0.052432      0.0146008
30 28     0.00098388        0.04081
30 29      -0.017001      -0.073738
30 30      -0.041388      0.0006768
31  0       0.016835              0
31  1       0.084464      -0.134448
31  2       0.041654        0.05016
31  3       0.097872      -0.037922
31  4      -0.071198        0.03874
31  5      -0.168806       -0.04944
31  6       0.024602       0.110974
31  7       0.055534        0.07355
31  8       0.083872      -0.022158
31  9       0.117986       0.044002
31 10       -0.04645      -0.027098
31 11      0.0118192      0.0175598
31 12     -0.0155462       0.194948
31 13       0.019512       0.059418
31 14       0.168634       -0.06055
31 15       0.077484     0.00152128
31 16     0.00081058       0.056612
31 17      -0.097544      0.0043412
31 18       0.040362   -0.000193572
31 19       0.046124     -0.0065744
31 20       0.050108       0.039978
31 21      -0.137766       0.103044
31 22        0.03211      0.0146458
31 23      -0.048776       0.060138
31 24       0.072486      -0.022786
31 25       0.021012       -0.13139
31 26       0.069838        0.02823
31 27      -0.030186        0.06987
31 28      0.0148944      -0.052828
31 29      -0.083908      -0.031882
31 30      -0.029144      -0.107412
31 31      -0.048574      -0.069968
32  0      -0.010804              0
32  1      -0.042782      0.0066944
32  2      -0.069038      -0.064298
32  3        0.02104       0.048928
32  4      -0.021092       0.086924
32  5      -0.085688     -0.0056916
32  6      -0.081838       0.059358
32  7       0.030468      -0.058344
32  8      -0.028214     -0.0116198
32  9      -0.102936      0.0030246
32 10      -0.085372       0.044018
32 11       -0.02408       0.097926
32 12       0.020602      -0.055272
32 13     -0.0164382         0.0384
32 14       0.113246      -0.054518
32 15        0.05129      -0.035864
32 16      0.0098748      -0.039114
32 17      -0.068792        0.10197
32 18        0.03477         0.0262
32 19        0.07982      -0.061574
32 20         0.0693      -0.036436
32 21      -0.015062      0.0136694
32 22      0.0063414       0.019071
32 23       0.004448      -0.002477
32 24      -0.023454       0.085522
32 25     -0.0083542      0.0166926
32 26       0.032548    -0.00037692
32 27      -0.066136        0.04317
32 28       -0.02371       0.031006
32 29      -0.054978       0.046152
32 30      -0.038236      -0.027898
32 31     -0.0062852       0.010622
32 32       -0.05332      -0.030506
33  0       0.030104              0
33  1      -0.031188       0.088254
33  2      -0.055456     -0.0100442
33  3       -0.10145       -0.04063
33  4      -0.023994     -0.0049482
33  5       0.002456      0.0099206
33  6         0.0342       0.055748
33  7      -0.079508       0.024446
33  8      0.0023978      -0.030124
33  9      0.0127658       0.077516
33 10       0.025286       -0.02508
33 11       -0.18907      -0.029798
33 12       0.048676     -0.0047068
33 13      -0.043506       -0.04972
33 14    -0.00128996      -0.083316
33 15       0.081096      0.0104824
33 16      -0.037962      -0.042174
33 17       0.003062       0.020154
33 18      -0.025896        0.03183
33 19       0.031796       0.035314
33 20     -0.0155848       0.122556
33 21       -0.10334      -0.051508
33 22       0.066712        0.16486
33 23       0.030678      -0.051126
33 24       -0.03791       0.098254
33 25       0.084014        0.03391
33 26       0.041566      0.0039632
33 27      -0.023014       0.093038
33 28      -0.041428     -0.0076766
33 29       0.042834       0.040684
33 30      -0.046798        0.02189
33 31      -0.022886      -0.096106
33 32      0.0028462        0.06885
33 33      -0.049806        0.06855
34  0        0.04771              0
34  1     -0.0073396       0.117186
34  2       0.013082      -0.053724
34  3       0.026244      0.0118066
34  4       0.054854      -0.042888
34  5     -0.0156736      -0.079694
34  6      0.0084838     -0.0164932
34  7      -0.022258        0.10391
34  8      0.0174148     -0.0146526
34  9      -0.052614        0.08517
34 10       0.109888       0.022564
34 11      -0.003235      -0.030952
34 12       -0.02521      0.0192024
34 13       -0.05183      -0.062274
34 14       0.032726      0.0097992
34 15        0.03075       -0.06003
34 16      -0.032128     -0.0158054
34 17       0.077258      -0.020428
34 18       -0.02973       0.036988
34 19       0.007402      0.0080848
34 20      -0.051722       0.082832
34 21      -0.110396       -0.04966
34 22       0.114284        0.05512
34 23      -0.036542      0.0082698
34 24       0.030622       0.041414
34 25      -0.033304     -0.0128514
34 26     -0.0022714      -0.009576
34 27       0.137356       0.070112
34 28      -0.065932       0.039496
34 29      -0.052412       0.066276
34 30       0.086522     -0.0180326
34 31     -0.0046106      0.0188514
34 32     -0.0154986       0.046216
34 33    -0.00069028       0.044678
34 34      -0.050838       0.064866
35  0       0.031413              0
35  1      -0.028066        0.10423
35  2      0.0160086      -0.105918
35  3       0.029094      -0.045638
35  4      0.0075538       0.072292
35  5      0.0153588      -0.042012
35  6      -0.053512     2.0796e-05
35  7     -0.0087346     -0.0160226
35  8      0.0125316      -0.060456
35  9      -0.065738        0.02752
35 10       0.066258       0.012348
35 11       0.039916      -0.032602
35 12      -0.111968      -0.046482
35 13      -0.040946      -0.029816
35 14      -0.033994         0.0262
35 15       0.071908       0.083334
35 16      -0.070924     -0.0062072
35 17      -0.073816     -0.0109852
35 18       0.033734       0.046244
35 19       -0.04368      -0.077982
35 20      -0.029244     -0.0091936
35 21       0.022714        0.12418
35 22         0.0481       0.063988
35 23      -0.065914      -0.027174
35 24       -0.00411      -0.024018
35 25      -0.036268      -0.026736
35 26       0.037326      0.0039916
35 27      0.0038494      -0.080582
35 28       0.030952       0.035434
35 29      -0.054314       0.039394
35 30       0.030472       0.035692
35 31      -0.076856    -0.00063986
35 32       0.038138       0.100248
35 33       0.061476      -0.020328
35 34      -0.053474       0.055802
35 35      0.0126058        0.07352
36  0       0.040041              0
36  1      -0.018886      -0.033898
36  2      0.0092242       0.022168
36  3      -0.031434      -0.031102
36  4       0.055294      -0.063828
36  5       0.026006       -0.04164
36  6     -0.0179244      -0.035916
36  7       -0.05271     -0.0137516
36  8        0.03292      0.0111588
36  9        0.03607        0.05033
36 10       0.043206      0.0076764
36 11      -0.027178      -0.033134
36 12       0.073636     -0.0193054
36 13       -0.07157      -0.040552
36 14      -0.035664       0.020708
36 15      -0.051712       0.118472
36 16       0.082418      0.0028844
36 17       -0.07238       -0.06001
36 18       0.013303      -0.051134
36 19      -0.118916       -0.01552
36 20      0.0188478     -0.0120386
36 21       0.037316       0.048182
36 22       -0.03585       0.039794
36 23       0.024548       0.043884
36 24       0.033448       -0.07614
36 25      0.0020534       0.032354
36 26      -0.040146       0.013726
36 27     -0.0117388      0.0154116
36 28       -0.02753       0.032456
36 29      0.0158346       0.042206
36 30        0.05477       0.027048
36 31      0.0108748       0.048242
36 32      -0.054928      -0.137142
36 33       0.168318       0.126502
36 34      0.0063106       -0.03514
36 35       0.049686        0.02302
36 36      0.0091858      -0.021116
37  0    -0.00043254              0
37  1      -0.045136      -0.070342
37  2       0.033888      -0.016584
37  3       0.023604      -0.004721
37  4      -0.072098       0.028072
37  5        0.03158     -0.0144316
37  6        0.05399     -0.0115834
37  7      0.0088076       0.049568
37  8      -0.038804      -0.024082
37  9      0.0077882      -0.033498
37 10       0.061894      0.0082982
37 11       0.036594      -0.011692
37 12      -0.049678      -0.017762
37 13     -0.0078906       0.030596
37 14       0.067548        0.02234
37 15      -0.088676    -0.00097982
37 16     -0.0142718     -0.0097982
37 17       0.117226     -0.0092128
37 18       0.060582       0.029992
37 19       -0.03776       0.049152
37 20      -0.020478      -0.088606
37 21        0.10506      -0.046536
37 22      -0.045864     -0.0079198
37 23       -0.02562      0.0160222
37 24     -0.0029122        0.04191
37 25      0.0036674      -0.026692
37 26      -0.066752     -0.0048774
37 27       0.033758       -0.02336
37 28      -0.062474      -0.035802
37 29     -0.0186916       0.179642
37 30       0.041072      -0.033446
37 31       0.043022      0.0195126
37 32       0.066068       -0.02159
37 33         0.0579      -0.064206
37 34      -0.025614        0.02302
37 35       0.063704      -0.061578
37 36       0.020568     -0.0058534
37 37       0.035072      -0.031874
38  0       0.010106              0
38  1       -0.03666      -0.042516
38  2       -0.01985       0.057552
38  3      0.0096832     -0.0067148
38  4        0.03613      -0.021862
38  5      -0.005278      0.0152104
38  6     -0.0163706       -0.09653
38  7      -0.023966        0.02648
38  8      0.0086488       0.038382
38  9      -0.039018       -0.03547
38 10      0.0152766       0.007618
38 11      0.0028808      -0.031104
38 12       0.059394       0.050016
38 13       0.064332       0.032226
38 14     -0.0158136       0.021612
38 15      -0.038882      0.0094844
38 16      -0.004061      -0.017856
38 17       0.004164       0.029386
38 18      0.0145364     -0.0091382
38 19       0.020112       0.034422
38 20       0.010732       0.037116
38 21       0.024116      -0.079432
38 22     -0.0190112     -0.0160888
38 23      -0.070572       -0.06521
38 24      0.0105246       0.021904
38 25       0.006239       0.023114
38 26      -0.011074      -0.027922
38 27       0.061436      0.0100402
38 28         0.0556       0.025536
38 29       -0.03261       0.021032
38 30      -0.075496       0.068652
38 31       0.108822     -0.0034424
38 32       -0.07999     -0.0129788
38 33       0.043276       0.043288
38 34     -0.0090946       0.085464
38 35       -0.02122      -0.084574
38 36       0.020646      -0.058674
38 37        0.02252     -0.0130386
38 38      0.0170716      -0.044006
39  0       0.072951              0
39  1      -0.070996      -0.016376
39  2      -0.063942       0.039256
39  3     -0.0139766       0.090646
39  4       0.047838      -0.051168
39  5      -0.051702      -0.008511
39  6      -0.078794      -0.080112
39  7       -0.02245      -0.090434
39  8        -0.0235       0.025588
39  9      -0.039094      -0.049422
39 10      0.0111024      0.0099998
39 11      -0.032906       -0.08237
39 12        0.03768      -0.002656
39 13       -0.04416      -0.035196
39 14       -0.05171      -0.020924
39 15      -0.039838       0.072806
39 16     -0.0131198      -0.020856
39 17      0.0118624      0.0095442
39 18       -0.07983      -0.019447
39 19       0.017012      -0.066698
39 20      0.0020264       0.039914
39 21        0.03169      -0.047912
39 22       0.042128       0.044594
39 23      -0.017315       0.024762
39 24       0.036774     -0.0096798
39 25       0.028618     -0.0147374
39 26       0.072864       0.045274
39 27       -0.05908      -0.030266
39 28      -0.014962        0.05868
39 29      -0.085316       0.007221
39 30       0.028392       0.070328
39 31    -0.00090156      -0.078046
39 32       0.038986       -0.05094
39 33      -0.068294      -0.069336
39 34      -0.066712      0.0066488
39 35      -0.072326     -0.0134698
39 36     -0.0175292       -0.03916
39 37       -0.02349      -0.075236
39 38       -0.03975     -0.0103742
39 39       0.017837      -0.036672
40  0       0.053434              0
40  1      -0.035188      0.0180054
40  2       0.034962      -0.060078
40  3      -0.015101      0.0076884
40  4      -0.046608    -0.00053818
40  5       0.030674       0.035568
40  6      -0.066308       0.009221
40  7      -0.073928       0.030272
40  8      0.0086326       0.029622
40  9       0.090138       -0.03908
40 10       0.081876       0.060488
40 11      -0.031712      -0.008512
40 12      0.0063976      0.0155982
40 13     -0.0022642      0.0162726
40 14      -0.028228      -0.051588
40 15      -0.028952      -0.024026
40 16      -0.027336       0.035084
40 17      -0.025544       0.091212
40 18     -0.0139008      0.0161842
40 19      -0.050822       0.006193
40 20       0.035446      -0.021614
40 21     0.00086756      0.0088424
40 22        0.03034       -0.04768
40 23      -0.067376      -0.028126
40 24      0.0078764      0.0154392
40 25      -0.085012      -0.024614
40 26     -0.0175916       0.021732
40 27      -0.025248        0.04923
40 28      -0.060176      -0.027958
40 29      -0.039856    -0.00041862
40 30      -0.018816        0.00766
40 31      0.0034566        0.07783
40 32      0.0198846      -0.048954
40 33       0.021312      -0.042712
40 34     -0.0051176     -0.0051608
40 35      -0.056658       0.007253
40 36      -0.062576      0.0069768
40 37     -0.0072526       0.049204
40 38       0.017881      -0.063088
40 39      -0.024882      0.0116668
40 40      -0.051986      0.0024288
