 0  0        0.64573              0
 1  0       -0.43009              0
 1  1       0.006205        0.29022
 2  0      0.0068264              0
 2  1         1.0759         2.3738
 2  2         2.7122       -0.79562
 3  0        0.55627              0
 3  1       -1.09002        0.58496
 3  2        0.70872       -0.68712
 3  3        1.61902         1.9443
 4  0        0.40325              0
 4  1       -1.07764        -0.3092
 4  2       0.111952        -0.3866
 4  3         1.7296       -0.78706
 4  4        0.29012        0.40848
 5  0        0.25825              0
 5  1       -0.99774       -0.76028
 5  2        -1.4431        0.57142
 5  3        1.00778        -0.6928
 5  4        0.38738        -1.3624
 5  5       -1.16218      -0.087766
 6  0       -0.20413              0
 6  1        0.45856         0.5329
 6  2       -1.06054        1.46048
 6  3       -0.17203       -0.83132
 6  4       -0.35614        0.80124
 6  5       -1.69948       -0.51288
 6  6       -0.15136        0.45064
 7  0       -0.11703              0
 7  1         0.3868        -0.3845
 7  2       -0.44108        0.62526
 7  3        0.50996       -0.42168
 7  4        0.42736        0.73238
 7  5        0.14466         0.7681
 7  6       0.173802        -0.5864
 7  7        0.44698      -0.097266
 8  0       -0.32016              0
 8  1         0.2308        0.19547
 8  2       -1.38024       -0.21322
 8  3        -0.3361       0.047854
 8  4         0.1266       -0.37818
 8  5       0.079486        0.28118
 8  6      -0.154338      -0.085932
 8  7        0.45318       0.175918
 8  8        0.62276        0.26936
 9  0       0.071442              0
 9  1        0.32196         0.6207
 9  2      -0.182254       0.133112
 9  3        -0.9504      -0.193004
 9  4      -0.029268       0.137414
 9  5        0.47752      -0.101056
 9  6        -0.2805       -0.45712
 9  7       0.073104       -0.87038
 9  8       -0.76896       -0.37626
 9  9        -0.4615      -0.170698
10  0      -0.075398              0
10  1        0.28716      -0.042318
10  2        0.38266       0.129746
10  3       0.099796       0.024098
10  4        0.42956       -0.26534
10  5      -0.050076        0.34828
10  6        0.31814       0.154022
10  7        -0.2118       -0.32108
10  8      -0.173002        0.20108
10  9         0.3064        0.15858
10 10       -0.61798       0.139196
11  0        0.18434              0
11  1      -0.035972    -0.00109434
11  2      -0.145312         0.2069
11  3      -0.146018       -0.51134
11  4      -0.166196         0.5216
11  5        0.32054        0.37928
11  6        0.20706      -0.042726
11  7       -0.68114       -0.22726
11  8        -0.0461       -0.29766
11  9       -0.28334        0.80222
11 10      -0.018914       0.191428
11 11      -0.043314      -0.198782
12  0        0.18634              0
12  1        -0.2323       0.040466
12  2        0.53256       -0.52126
12  3      -0.065946      -0.022224
12  4       -0.12981        0.41384
12  5     -0.0072076      -0.113628
12  6       0.163728        0.28276
12  7       -0.20476       0.126264
12  8      -0.037986      -0.164206
12  9        0.46146        0.54088
12 10      -0.072988         0.2949
12 11       0.134222        0.25654
12 12        0.24712       -0.29464
13  0       -0.34863              0
13  1       -0.41196      -0.162206
13  2      0.0043074       0.073056
13  3       -0.28302        0.53732
13  4      -0.039822       0.175652
13  5        0.49788      -0.175052
13  6       0.197928      -0.082454
13  7      -0.072924       -0.35818
13  8       0.047722       -0.07962
13  9        0.37366        0.43632
13 10       0.025122       0.195802
13 11      -0.154724       -0.19383
13 12        0.57758       -0.50986
13 13       -0.51338        0.59116
14  0       -0.10156              0
14  1       0.072894        0.23246
14  2        0.28904       0.098702
14  3        0.36964        0.18221
14  4       -0.40578       0.084638
14  5        0.08778       -0.30704
14  6      0.0043422       -0.12554
14  7        0.27878       0.020558
14  8       0.075076       -0.34202
14  9       0.071812        0.12999
14 10      -0.047918      -0.035792
14 11       0.139164       -0.36462
14 12       0.070218       0.043812
14 13       0.135126         0.2093
14 14        0.39596       0.192188
15  0       -0.24461              0
15  1      -0.121058       0.026574
15  2       0.101442        0.34164
15  3        0.30064       0.149428
15  4        0.22548       0.182562
15  5       0.032972      -0.046102
15  6      -0.070788      -0.081666
15  7       0.075406         0.2992
15  8       0.134982      -0.145358
15  9     -0.0099874        0.20104
15 10      -0.137318        -0.0668
15 11       0.030582       0.027274
15 12      -0.143392         -0.369
15 13       -0.38188       0.087856
15 14       -0.14982      -0.193152
15 15      -0.056344       -0.23332
16  0    -0.00096926              0
16  1       0.057468     -0.0131964
16  2       0.111138      -0.046814
16  3      -0.097366       -0.29802
16  4      -0.125936       -0.27602
16  5      -0.033382       0.040086
16  6       0.095748        0.23914
16  7       0.081806      -0.061534
16  8      -0.199522       -0.24842
16  9       -0.24098       -0.17815
16 10     0.00029126       -0.21622
16 11        0.31442        0.40846
16 12      -0.091894       -0.48184
16 13       0.186622        0.12411
16 14      -0.045098        0.22734
16 15        0.20678       -0.29038
16 16         0.0303       -0.06349
17  0      -0.093906              0
17  1      -0.058488       -0.26948
17  2        0.16846      -0.082466
17  3        0.32872        0.20144
17  4       -0.03911        -0.1407
17  5      -0.057892       -0.31018
17  6       0.128166       -0.09947
17  7       0.131936     -0.0182412
17  8      0.0169546      -0.111966
17  9       -0.38534       -0.30782
17 10       0.167122       -0.21108
17 11      -0.151168        0.13052
17 12       -0.28942       -0.05861
17 13      -0.055484       0.163916
17 14       0.099244       -0.05003
17 15      -0.171762      -0.021352
17 16        0.14793       -0.30146
17 17      -0.184844       -0.13561
18  0        0.12275              0
18  1      0.0165372       -0.22872
18  2      -0.163612       -0.08151
18  3      -0.060806       0.008469
18  4       -0.33752       0.197812
18  5        0.25688       0.178032
18  6      -0.029612      -0.071968
18  7        -0.2377        -0.0897
18  8        -0.2546       0.145028
18  9        -0.0271       0.172006
18 10     -0.0163262      -0.067954
18 11       0.027954       0.162124
18 12       0.063756      -0.081024
18 13       0.071138      -0.117518
18 14       0.182764       0.049208
18 15        0.15302       -0.29532
18 16      -0.103388      -0.123204
18 17        0.14631         -0.231
18 18       -0.19835     -0.0067318
19  0      -0.078971              0
19  1       0.049248       0.050578
19  2      -0.145208       -0.08902
19  3      -0.037888       0.139772
19  4      -0.052556       -0.05461
19  5       0.121306       0.081022
19  6       0.076312       -0.07259
19  7     -0.0048506      -0.064236
19  8        0.02709         0.2571
19  9      -0.090304      -0.062204
19 10        0.31916       -0.10698
19 11        0.08889       0.181286
19 12       0.113832       0.089212
19 13       0.091136      -0.099914
19 14      -0.061172      -0.036278
19 15         -0.228        0.10444
19 16      -0.029142       -0.13622
19 17        0.05538      -0.164326
19 18         -0.239        0.11668
19 19      -0.132904       0.052018
20  0       -0.21469              0
20  1       -0.03305       0.043254
20  2      -0.117284      -0.079348
20  3     -0.0174108        0.37802
20  4       -0.14805       0.042058
20  5        0.10244      -0.025828
20  6         0.0278       0.032184
20  7      -0.175196      -0.039514
20  8       0.078642        0.17035
20  9       0.062078      -0.047592
20 10       0.061206       0.027424
20 11       0.153256      -0.118684
20 12       0.165908      -0.020164
20 13        0.22312       -0.03256
20 14       -0.02265       0.126918
20 15      -0.052914    -0.00084336
20 16       -0.17398       0.037816
20 17       0.005786      -0.126532
20 18      -0.062458        0.04437
20 19      -0.022912       0.083472
20 20      -0.095648      -0.070068
21  0      -0.038344              0
21  1       0.069282       0.128962
21  2      -0.156662        0.21138
21  3       0.035922       0.158006
21  4      -0.143632        0.21762
21  5       0.029404      0.0158234
21  6        0.09131       0.115226
21  7     -0.0102782       -0.07527
21  8        0.22044      -0.049086
21  9       -0.08718       -0.04965
21 10          0.226        -0.1377
21 11       0.061664      -0.150824
21 12      0.0050186       0.045262
21 13      -0.114602      -0.113772
21 14      -0.072056      -0.005958
21 15        0.06154      -0.053972
21 16      -0.040756        0.05198
21 17       -0.18217       0.038084
21 18      -0.159768        0.07194
21 19      -0.098344        0.27836
21 20       0.171014       0.024104
21 21      -0.161268       0.141896
22  0      0.0051439              0
22  1       0.103252       0.026282
22  2       0.042258        0.10068
22  3       0.005796      -0.015544
22  4       0.192866       -0.02253
22  5      -0.031652      -0.123356
22  6      -0.121612      0.0171892
22  7    -0.00085168       -0.07585
22  8       0.131966       0.176154
22  9        0.12252      0.0113252
22 10       0.036156       -0.29144
22 11      0.0065488      -0.123812
22 12      -0.041176        0.08716
22 13      -0.044764        0.23016
22 14       -0.07372       -0.03704
22 15       -0.00569      -0.014827
22 16      -0.073596       0.092792
22 17       0.115374       0.090744
22 18       0.065936       0.105524
22 19       0.080748     -0.0149302
22 20       0.021516      -0.057968
22 21       0.162814       0.153906
22 22      -0.044264       0.075482
23  0        0.13299              0
23  1       0.036786       0.138222
23  2       0.059658      -0.166008
23  3      -0.111554      -0.096614
23  4       0.144186       -0.07042
23  5     -0.0191918     -0.0054074
23  6    -0.00067958       0.137756
23  7      -0.042852      -0.043574
23  8      -0.035778      -0.104794
23  9       0.064846       0.119504
23 10      -0.128426      -0.124398
23 11       0.015578       0.077236
23 12      -0.133562       -0.07324
23 13      -0.062598       0.073544
23 14       0.038274      0.0071492
23 15       0.003932      -0.104926
23 16       0.019754      0.0078116
23 17       -0.05766      -0.081608
23 18       0.155788     -0.0110996
23 19      0.0048096      0.0054206
23 20       0.086852       0.076102
23 21       -0.10091       0.124966
23 22       0.185308       0.028628
23 23       0.158222        0.20582
24  0      -0.022595              0
24  1       0.051484        0.01797
24  2      -0.031862       0.146328
24  3       0.038546      -0.120888
24  4       0.045794      -0.048924
24  5       -0.04047       -0.11367
24  6      -0.098554       0.128436
24  7       0.085834       -0.03115
24  8      -0.083302   -0.000114696
24  9      -0.127578      -0.062538
24 10      -0.089136      -0.098154
24 11       0.182096       0.034878
24 12      -0.084692       0.106048
24 13     -0.0106876       0.024598
24 14      -0.055126       0.022002
24 15      0.0045324       -0.20636
24 16      0.0100986       0.122656
24 17       0.051084       0.086898
24 18     -0.0094144     -0.0111896
24 19       -0.04714       0.068448
24 20      -0.045304       0.024232
24 21       0.044546       0.088412
24 22       0.032526      -0.024014
24 23       0.048032      -0.068336
24 24        0.09647       -0.02186
25  0      -0.026737              0
25  1       0.116878      -0.081234
25  2       -0.11365     -0.0050396
25  3      -0.014066        0.03676
25  4      -0.085064       0.106546
25  5      -0.067844      -0.083022
25  6        -0.0875       0.062732
25  7       0.045058        0.05797
25  8        0.03084      -0.007167
25  9       -0.18506       0.046064
25 10      -0.049252      -0.079136
25 11      -0.141462       0.077332
25 12       0.072812     -0.0136348
25 13       0.117076      0.0081498
25 14       0.053922       0.176782
25 15      -0.077136      -0.087658
25 16       0.036544      -0.024506
25 17       -0.11733       0.027396
25 18      -0.053372       0.084168
25 19     -0.0104196       0.076172
25 20        0.02991       0.039782
25 21       0.064712      0.0132168
25 22       0.107098      -0.043894
25 23      -0.045608       -0.00509
25 24      -0.099392      -0.016705
25 25        0.05634     -0.0105452
26  0      -0.031063              0
26  1       0.092322       0.022148
26  2      -0.053092      -0.069332
26  3      -0.150506     0.00031962
26  4       -0.11182       0.068786
26  5        0.10756     -0.0024478
26  6      -0.095392       0.082136
26  7      -0.039384       -0.11462
26  8       0.125746     -0.0091796
26  9      -0.196364       0.043044
26 10       0.096298       0.058372
26 11       -0.01067     -0.0166492
26 12       0.011209      0.0044904
26 13       0.119202      -0.047316
26 14        0.14034       0.107746
26 15      -0.049572        -0.0709
26 16       0.109412      -0.112962
26 17      -0.068812      -0.074924
26 18       0.026246       0.024652
26 19      -0.042286      0.0151602
26 20      0.0041248      0.0091258
26 21       0.082014      -0.044022
26 22     -0.0184442       -0.10626
26 23      0.0130768      0.0043202
26 24      0.0196596      -0.038852
26 25       0.047012      -0.050774
26 26      -0.020484       0.113896
27  0      -0.024383              0
27  1      -0.022214        0.04633
27  2       0.069306      -0.046558
27  3       0.069868       0.025602
27  4      -0.122864      -0.071242
27  5        0.09652       0.032076
27  6        0.07161      -0.098474
27  7      -0.117564      0.0189296
27  8      0.0155068        0.04417
27  9       0.042894     -0.0002876
27 10        0.09233     -0.0031118
27 11       0.048592      -0.191076
27 12       0.041892      -0.093898
27 13    -0.00101386       0.024658
27 14      -0.023108      -0.164462
27 15      -0.132264       0.027842
27 16      -0.004834      -0.114134
27 17       0.063098       0.068456
27 18       0.031452       0.029084
27 19      -0.043366       0.022774
27 20       0.176726       0.034804
27 21      -0.065486     -0.0097832
27 22       0.055968      -0.054642
27 23      -0.058766       0.086236
27 24       0.172076       0.100086
27 25       0.054458       0.107654
27 26        0.06314     -0.0049218
27 27       0.066686     -0.0172392
28  0      -0.037581              0
28  1       -0.04356      0.0131736
28  2       0.087842       0.023426
28  3       0.067172        0.07655
28  4      -0.084964       0.058908
28  5      -0.040892       0.031846
28  6        0.05018       -0.03283
28  7      -0.028572       0.091988
28  8       0.041972       0.065436
28  9      -0.118454       0.059382
28 10      0.0086916         0.0214
28 11      -0.075966       -0.02522
28 12     -0.0130138        0.02898
28 13       0.041998      -0.050678
28 14       0.058866      0.0032852
28 15      -0.128962      -0.076418
28 16      -0.060632      -0.007376
28 17       0.040818      -0.030508
28 18      -0.041812       0.050644
28 19       0.031186       0.050854
28 20     0.00077124      -0.029664
28 21     -0.0148472     -0.0196234
28 22       0.017036      -0.042122
28 23      -0.119808      -0.110386
28 24      -0.020536       0.075936
28 25       0.096006     -0.0102664
28 26      -0.089512      -0.079574
28 27       0.087492       0.127144
28 28      -0.019287       -0.02537
29  0       0.035558              0
29  1      0.0158862       0.073242
29  2       0.048476       0.059944
29  3      -0.063238      -0.035626
29  4       0.033136       0.034264
29  5      -0.024504      -0.058666
29  6      -0.028414      -0.066002
29  7      -0.054772     -0.0129996
29  8       0.083842        0.03648
29  9       0.037456     0.00048898
29 10       -0.20626        0.03496
29 11       -0.02264      -0.037312
29 12    -0.00021922       0.042344
29 13      -0.060568       0.037048
29 14       0.024202      -0.076026
29 15      -0.036694      -0.023472
29 16       -0.10391      0.0025168
29 17      0.0183058      0.0033686
29 18      -0.048114       0.066888
29 19      -0.032398      -0.066044
29 20       0.046882      0.0133684
29 21      -0.022584      -0.033102
29 22       0.047224      -0.042486
29 23       0.124704      -0.025306
29 24       0.026828        0.07274
29 25      -0.037456      0.0101338
29 26       0.061162        -0.0478
29 27      -0.082228      0.0039174
29 28       0.054276       0.065816
29 29        0.07081      -0.021232
30  0       0.018957              0
30  1     -0.0028194       0.020284
30  2        0.04711        0.08913
30  3       0.105956       0.003929
30  4      -0.041688      -0.050862
30  5       0.118152      -0.042488
30  6       0.034976          0.069
30  7      -0.081358      -0.113366
30  8      -0.031782      -0.071808
30  9       0.048258      -0.076992
30 10      -0.028238      0.0047534
30 11      -0.094928      -0.087334
30 12       0.056184        0.02465
30 13       -0.03562      -0.035402
30 14       0.049612       0.008663
30 15      0.0140128      -0.069448
30 16      0.0163948       0.031736
30 17      -0.059994      -0.115496
30 18       0.036754       0.017681
30 19      -0.044738      -0.068208
30 20       0.026848       0.027058
30 21      -0.086582     0.00162056
30 22       0.047556       0.099776
30 23        0.02427      -0.018804
30 24      -0.105988     -0.0172216
30 25       0.027878       -0.03933
30 26      -0.161704      -0.090222
30 27     -0.0070306     -0.0106716
30 28      -0.042322       0.078202
30 29      -0.022392      -0.069088
30 30      -0.035198        0.02285
31  0       0.012389              0
31  1       0.078676      -0.112446
31  2    -0.00149644       0.038352
31  3       0.105392     -0.0097108
31  4    -0.00199566       0.020882
31  5       -0.15354      -0.065758
31  6      -0.028644       0.110432
31  7         0.0672       0.088022
31  8       0.045794   -0.000124714
31  9       0.087948        0.05683
31 10       0.022754      -0.016637
31 11       0.041934      -0.040148
31 12      0.0199198       0.158088
31 13      0.0089764       0.026114
31 14        0.08325      -0.102658
31 15       0.058096      -0.030804
31 16      -0.007461       0.086904
31 17      -0.038772      -0.031362
31 18       0.079994     8.5874e-05
31 19        0.06452      -0.021074
31 20      0.0191784      -0.013858
31 21      -0.122866       0.080174
31 22      0.0191276     -0.0036858
31 23       -0.06314       0.031722
31 24       0.051056     -0.0189252
31 25       0.028014      -0.128034
31 26        0.09055     -0.0198012
31 27      -0.080342       0.049182
31 28       0.008402       -0.02687
31 29       -0.02122      0.0199408
31 30     -0.0152792      -0.093748
31 31      -0.032748      -0.020464
32  0      -0.028312              0
32  1      -0.031392       0.036986
32  2      -0.025142       -0.07167
32  3      0.0105502      0.0067918
32  4      -0.034856       0.073826
32  5      -0.044594     -0.0100822
32  6      -0.055806       0.056628
32  7     -0.0108358       -0.04923
32  8      0.0018045     -0.0143592
32  9      -0.109886     -0.0184506
32 10      -0.074258       0.021516
32 11     -0.0048922       0.141878
32 12      0.0170762      -0.030402
32 13      -0.043574       0.041072
32 14       0.033848       -0.00719
32 15         0.0346      -0.064294
32 16       0.036814      -0.042194
32 17      -0.011983        0.07952
32 18        0.05445       0.047142
32 19       0.045532      -0.056234
32 20       0.074898      -0.069684
32 21      -0.036522     -0.0157462
32 22      0.0187636       0.035982
32 23       0.006436     -0.0106906
32 24         0.0214      0.0153392
32 25      0.0174412     -0.0157536
32 26     -0.0170778       -0.03234
32 27      -0.026664       0.046754
32 28       -0.04533     -0.0089218
32 29      -0.026826       0.082996
32 30     0.00172518      -0.026046
32 31      -0.028924       0.023332
32 32      -0.027624       0.021954
33  0       0.030298              0
33  1      -0.010501       0.088698
33  2      -0.068116      -0.022518
33  3       -0.07239      -0.024932
33  4      -0.039298       0.032818
33  5      0.0109524      0.0033304
33  6       0.034668        0.02247
33  7      -0.085434      -0.009681
33  8      0.0089068      -0.020988
33  9      0.0115818       0.052644
33 10       0.039988     -0.0070538
33 11      -0.077722       0.008096
33 12       0.097924       0.030004
33 13      -0.036842      -0.065332
33 14     -0.0116948      -0.042248
33 15       0.073122     -0.0091384
33 16     0.00097584      -0.036416
33 17     -0.0101484     -0.0076534
33 18       0.018198       0.031152
33 19        0.03165      0.0091112
33 20     -0.0083512       0.075664
33 21      -0.047838      -0.082246
33 22       0.063906       0.116068
33 23        0.03313      -0.080094
33 24    -0.00142296       0.054388
33 25       0.083642       0.038306
33 26      0.0189366      -0.023758
33 27      -0.030362       0.059242
33 28       -0.03843     -0.0046558
33 29       0.076626       0.041352
33 30      -0.011471     -0.0064742
33 31     -0.0196708      -0.073916
33 32     -0.0024494        0.03415
33 33      -0.073278        0.05182
34  0       0.017324              0
34  1     -0.0087192       0.066198
34  2       0.014742       -0.04688
34  3       0.028598       -0.04177
34  4      0.0112928      -0.074642
34  5      -0.051636      -0.100578
34  6       0.083036      -0.012421
34  7      -0.050826       0.116932
34  8      0.0168148      -0.022622
34  9       -0.05597       0.057506
34 10       0.056652       0.029774
34 11       0.032788      0.0187926
34 12     -0.0146218       0.021348
34 13      0.0003925     -0.0138828
34 14       0.066558      0.0034086
34 15       0.038438      -0.027644
34 16       0.032944     -0.0127744
34 17       0.063962     -0.0049418
34 18      -0.036536       0.031144
34 19     -0.0063788       -0.02897
34 20      -0.024888       0.089016
34 21      -0.060344      -0.040624
34 22       0.074442       0.062224
34 23     0.00106756       -0.02046
34 24     -0.0166462       0.039462
34 25       -0.04496       0.011092
34 26      -0.021206      -0.017814
34 27        0.04815       0.078414
34 28       -0.04413       0.042714
34 29     -0.0060238       0.028434
34 30        0.03986       0.006595
34 31      0.0075988    -0.00070664
34 32      -0.031394       0.032772
34 33     -0.0173272      0.0040482
34 34     -0.0176522       0.044066
35  0        0.03238              0
35  1       -0.02801       0.085628
35  2      0.0003945      -0.072354
35  3       0.055754      -0.039622
35  4      0.0099836       0.032868
35  5      0.0123418       -0.06154
35  6      -0.023142       0.003189
35  7      0.0031556      -0.027748
35  8       0.030106       -0.02902
35  9   -0.000105946      0.0080384
35 10        0.06226       0.029698
35 11       0.031536      0.0018476
35 12       -0.09698       -0.03383
35 13       -0.02537      -0.020358
35 14      -0.002864      -0.021222
35 15       0.049894       0.075444
35 16      -0.056332      0.0049338
35 17      -0.042366    -0.00089032
35 18     -0.0111666      0.0038516
35 19      -0.021466      -0.066532
35 20    -0.00123792     -0.0081978
35 21      -0.033464        0.07822
35 22      0.0105404       0.052388
35 23     -0.0184932     -0.0040696
35 24       0.027502     -0.0196398
35 25      -0.065738      -0.035042
35 26     -0.0041588       -0.04664
35 27      -0.004705      -0.058368
35 28     -0.0013706       0.052758
35 29      -0.025484        0.07468
35 30      0.0153298       0.044652
35 31      -0.090046      -0.039556
35 32     -0.0049098      0.0178542
35 33      0.0164768    -0.00138266
35 34      -0.022992       0.039134
35 35       0.027734       0.025324
36  0       0.035638              0
36  1       0.022412     -0.0037714
36  2      -0.007571       0.034622
36  3      -0.034658       0.047802
36  4        0.05675      -0.041402
36  5       0.035182      -0.039728
36  6      -0.037194      -0.045836
36  7     -0.0155702     -0.0195714
36  8       0.030344      0.0125922
36  9       0.037798        0.03135
36 10       0.054212       0.023762
36 11       0.023712       -0.02309
36 12       0.058392      0.0132064
36 13      -0.052502      -0.039456
36 14      0.0056046      -0.039438
36 15      -0.026408        0.07334
36 16       0.033254      0.0064282
36 17       -0.08087      -0.062476
36 18      0.0041446      -0.027174
36 19      -0.088154        0.02141
36 20      0.0075322     -0.0160372
36 21       0.024864        0.08025
36 22      -0.006225     -0.0028098
36 23     -0.0159544       0.033782
36 24       0.023478     -0.0054414
36 25       0.050852       0.024522
36 26      -0.030442     -0.0146632
36 27      0.0138974      0.0184366
36 28     -0.0163704       0.053034
36 29       0.042226       0.078572
36 30       0.031208      0.0063018
36 31       0.013913       0.047114
36 32      -0.067328      -0.143168
36 33       0.077108       0.090962
36 34      -0.020364      0.0093054
36 35       0.024742       0.023322
36 36       0.021348     0.00170518
37  0      0.0019663              0
37  1     -0.0109494        -0.0608
37  2       0.076782      -0.031684
37  3      -0.026004       0.038586
37  4       -0.05269        0.06109
37  5       0.034994     -0.0037804
37  6       0.025466     0.00017296
37  7      0.0091776       0.082444
37  8      0.0043292      0.0122164
37  9        0.02297       -0.03844
37 10       0.055478     0.00125414
37 11       0.030776     -0.0054954
37 12     -0.0135446      -0.026914
37 13       0.023372        0.03266
37 14        0.05698        0.02556
37 15      -0.069916       -0.03608
37 16       -0.05604       0.034782
37 17       0.059726      -0.034124
37 18      0.0136228       0.040338
37 19      -0.059524       0.046756
37 20       -0.06359      -0.059722
37 21       0.081222       -0.03416
37 22      -0.036862     -0.0092758
37 23     -0.0102622      0.0103596
37 24      -0.050314       0.031166
37 25      -0.026316      -0.046416
37 26      0.0093984      0.0154742
37 27       0.033872     -0.0108462
37 28      -0.047456       -0.02653
37 29     -0.0143198       0.112214
37 30       0.038422      -0.012637
37 31      0.0175704      0.0015995
37 32       0.043666     0.00134224
37 33       0.022616      -0.059772
37 34       -0.04151        0.00245
37 35       0.071652      -0.028572
37 36     0.00067876      0.0019541
37 37       0.036206      -0.021996
38  0       0.018663              0
38  1      -0.028622     -0.0143664
38  2       -0.02706       0.024806
38  3     -0.0002941      -0.027652
38  4        0.02249       0.048966
38  5      -0.033956       0.029706
38  6      -0.014286       -0.06401
38  7     -0.0096918        0.03697
38  8       0.027286       0.050704
38  9      -0.021598      -0.038056
38 10      0.0081734      0.0187414
38 11      0.0092862     -0.0161796
38 12       0.070298       0.048694
38 13        0.05627      0.0085528
38 14       0.007416     0.00027598
38 15      -0.039304     -0.0193234
38 16       -0.02448       0.013032
38 17     -0.0065946     -0.0019841
38 18       0.045262      0.0187098
38 19       0.020326        0.03637
38 20      0.0090998      0.0116606
38 21        0.03733      -0.101942
38 22      0.0028162     -0.0027086
38 23      -0.062794      -0.095754
38 24      0.0103668       0.025754
38 25       0.035792       0.020798
38 26       0.028246      0.0094382
38 27       0.057408      -0.013828
38 28       0.060388      0.0118384
38 29      -0.047866     -0.0089952
38 30       -0.06028      0.0179672
38 31       0.073934     -0.0056066
38 32        -0.0439       0.003644
38 33       0.065858       0.026446
38 34      -0.018144       0.045418
38 35       0.007735      -0.061246
38 36       0.060556     -0.0170038
38 37       0.023626      0.0080768
38 38      0.0054302      -0.013827
39  0       0.063917              0
39  1      -0.041402     -0.0054722
39  2      -0.049146       0.036672
39  3      -0.049324       0.056532
39  4     -0.0087162     -0.0188932
39  5      -0.053828       0.023636
39  6       -0.06349      0.0091518
39  7       -0.05253      -0.100142
39  8      0.0025602        0.05968
39  9      -0.050938     -0.0147248
39 10       0.038944      -0.011466
39 11      -0.027184       -0.04813
39 12       0.042918     -0.0030252
39 13      -0.045632     -0.0057262
39 14      -0.060212      -0.003304
39 15      -0.027702      0.0141082
39 16      -0.021864      0.0104046
39 17      0.0057872      0.0046248
39 18      -0.056686       0.004807
39 19      0.0104808      -0.040052
39 20      0.0027434       0.031082
39 21       0.042914      -0.082078
39 22       0.031664        0.03991
39 23       -0.03225      -0.023604
39 24      0.0192334      -0.044266
39 25       0.062746       0.003942
39 26       0.058944        0.02772
39 27      -0.066712     -0.0183036
39 28     -0.0182588       0.025168
39 29      -0.048114      0.0150024
39 30      0.0152834       0.031188
39 31      0.0187984      -0.032624
39 32        0.04285      -0.043226
39 33       -0.05411     -0.0195254
39 34     -0.0101616      0.0153648
39 35      -0.059336      -0.041224
39 36       0.035686      -0.024428
39 37      0.0071734      -0.074496
39 38       -0.03203     -0.0029836
39 39      0.0066378      0.0158144
40  0       0.046625              0
40  1      0.0035288       0.051186
40  2       0.028914       -0.07111
40  3      0.0027904      -0.013953
40  4      -0.059692    -0.00057518
40  5     -0.0137334     -0.0111132
40  6       -0.04683        0.06791
40  7      -0.065434       -0.02383
40  8       0.022216     -0.0076222
40  9       0.036308      0.0020952
40 10        0.06848       0.053166
40 11     -0.0045134    -0.00069582
40 12       0.016172      0.0165064
40 13   -0.000165014       0.017997
40 14     -0.0113032      -0.062834
40 15      -0.028528      0.0124284
40 16     -0.0146232       0.041502
40 17      0.0123756        0.07644
40 18      -0.012388       0.026868
40 19      -0.025606      0.0089984
40 20       0.067438        -0.0225
40 21      0.0026408     -0.0184088
40 22       0.022704     -0.0132268
40 23      -0.044496      -0.025676
40 24         0.0214     -0.0156334
40 25      -0.086414     -0.0009578
40 26     0.00144518        0.04435
40 27     -0.0148274      0.0199838
40 28      -0.062624      -0.055746
40 29      -0.052466     -0.0117542
40 30      -0.011819    0.000191598
40 31      0.0025704       0.061118
40 32       0.023112      -0.049602
40 33       0.044376     -0.0127236
40 34    -0.00089858      0.0055284
40 35      -0.048022       0.044398
40 36      -0.042792      0.0026882
40 37       0.004507     0.00185304
40 38     0.00186106      -0.091056
40 39      0.0117018       0.010546
40 40       -0.03456     -0.0057308
