 0  0         1.6838              0
 1  0        0.51885              0
 1  1       -1.40062        -0.2198
 2  0        0.93851              0
 2  1        0.48546        0.91354
 2  2         1.0308       -1.28936
 3  0        0.34784              0
 3  1       -0.71692        -0.2741
 3  2       -0.37438      -0.098472
 3  3        0.85358        0.36192
 4  0         0.3211              0
 4  1        -0.4704        0.21602
 4  2       -1.00978        0.56138
 4  3         1.2569       -0.10678
 4  4     -0.0057576         0.9167
 5  0       -0.80807              0
 5  1       -1.10596         -0.307
 5  2       -1.49882         0.3554
 5  3        0.64228       -0.47324
 5  4        1.28586        -1.3827
 5  5       -0.83292       -0.44044
 6  0       0.072609              0
 6  1        0.41644         0.7373
 6  2       -0.72648        0.78866
 6  3       -0.08926       -1.09734
 6  4      -0.166396        0.47938
 6  5       -1.24498        -0.5081
 6  6        0.23282        0.66666
 7  0       -0.48899              0
 7  1       0.177414       -0.82776
 7  2       -0.46706        0.30924
 7  3        0.14651       -0.44942
 7  4      -0.031774        0.36134
 7  5      -0.066364        0.80052
 7  6       0.041976       -1.04896
 7  7        0.30808      -0.088826
 8  0       -0.23286              0
 8  1       0.054626        0.25878
 8  2       -0.72758      -0.145228
 8  3      -0.136116       -0.36894
 8  4       0.151882         0.2955
 8  5        0.43602       0.093764
 8  6       -0.48234       0.184282
 8  7      -0.197136        0.16141
 8  8        0.47484       -0.29468
 9  0        -0.1765              0
 9  1         0.3239      0.0085654
 9  2        -0.2745       0.195266
 9  3       -0.49588       -0.33946
 9  4      0.0022372      -0.109686
 9  5        0.24384      -0.059764
 9  6       -0.46998      -0.143522
 9  7      0.0080842       -0.54118
 9  8       -0.24346     -0.0058144
 9  9       0.165266      -0.057542
10  0      -0.030957              0
10  1       0.094382       0.159242
10  2       -0.29636      -0.048012
10  3       -0.23376      -0.187148
10  4      -0.158358     -0.0133582
10  5      -0.043482       0.041572
10  6      -0.042962        0.30688
10  7       0.135896      0.0024168
10  8      -0.080668      -0.090678
10  9         0.0558       0.149932
10 10       -0.16641      -0.131686
11  0         0.0223              0
11  1      -0.098834        0.31024
11  2      -0.069382        0.26924
11  3       -0.30202      -0.192108
11  4       0.086386        0.28452
11  5        0.36076        0.32526
11  6        0.48918       0.067572
11  7       -0.39544      -0.166712
11  8       0.084412       0.030524
11  9         0.2554        0.39762
11 10      -0.115584       0.160096
11 11      -0.099672        0.45242
12  0      0.0089151              0
12  1       -0.32032        0.26242
12  2         0.1473       -0.57322
12  3      -0.037296     -0.0066354
12  4      -0.171812        0.56312
12  5       0.004737       -0.23994
12  6      -0.133824      -0.074568
12  7      0.0076248        0.29362
12  8        -0.2476       -0.23222
12  9        0.24866        0.22232
12 10       -0.08995       0.165242
12 11        0.24354        0.42554
12 12       0.075726      -0.182252
13  0       -0.10757              0
13  1        -0.5252       -0.20456
13  2       0.119242          0.308
13  3       -0.25622      -0.030614
13  4       0.126884         0.2703
13  5        0.21832      -0.186204
13  6       0.097736      -0.160882
13  7      -0.072504      -0.130802
13  8       -0.08627    -0.00092366
13  9        0.28716        0.08737
13 10       0.070744        0.25934
13 11        -0.2688       -0.14469
13 12         0.2795       -0.35836
13 13       -0.10453        0.50074
14  0       -0.12031              0
14  1       -0.24616       0.165534
14  2        0.20292     -0.0060732
14  3        0.08528        0.25902
14  4      -0.047216       0.126224
14  5        0.09248      -0.022214
14  6        0.07734        0.03473
14  7       -0.06048       0.152852
14  8       0.064384       -0.21552
14  9        0.13927        0.17148
14 10       0.041628      -0.044384
14 11        0.06113       -0.31674
14 12       0.175188       -0.30422
14 13       -0.23894        0.11943
14 14         0.2461       0.095842
15  0    -0.00035074              0
15  1      -0.137842      -0.133392
15  2     -0.0158876        0.28284
15  3        0.28884       0.123054
15  4       -0.21358     -0.0170596
15  5      -0.027216       -0.11607
15  6     0.00110804      -0.196724
15  7       0.093934        0.26358
15  8       0.106338      -0.192946
15  9      -0.045172        0.16353
15 10       -0.32408      -0.078574
15 11       0.044146      0.0155134
15 12      -0.123796        -0.3365
15 13       0.040372       0.157654
15 14        0.18398        -0.3002
15 15        -0.2626      -0.043342
16  0       0.031125              0
16  1        0.22882       0.075074
16  2      0.0094276       0.002476
16  3        0.23158       0.140656
16  4     -0.0171044      0.0092852
16  5       0.141146      -0.047068
16  6      -0.071466       0.199622
16  7       0.068112       0.034032
16  8      -0.108148        0.09045
16  9      -0.177326      -0.106882
16 10       0.025974      -0.097426
16 11       0.153124      -0.031046
16 12      -0.032444       -0.21274
16 13      -0.050062      -0.067342
16 14       0.106704       0.131114
16 15       0.158208      -0.117808
16 16      -0.039462      -0.079064
17  0      -0.044217              0
17  1       -0.09626       0.057514
17  2        -0.0646       -0.18176
17  3       0.161852      0.0161984
17  4       0.125956     -0.0061178
17  5        -0.2523        0.04261
17  6       0.026942       0.091744
17  7     -0.0044064       0.031518
17  8      -0.068464      -0.076944
17  9      -0.189278         -0.232
17 10        -0.0132      -0.055254
17 11      -0.039552        0.10685
17 12      -0.142356       0.020024
17 13      -0.122174       -0.06598
17 14       0.179196       -0.02213
17 15       -0.22692     -0.0124208
17 16     -0.0190494       0.013927
17 17       0.089674      -0.061574
18  0       0.012849              0
18  1      0.0097118      -0.055274
18  2      -0.043946       -0.02391
18  3      -0.048352      -0.023204
18  4       -0.41012      -0.088614
18  5       0.195184       0.051674
18  6       0.135306       0.028554
18  7      -0.098314      -0.129144
18  8        -0.0774       0.150394
18  9      -0.041094      -0.199598
18 10      -0.101504     -0.0150508
18 11        0.08307        0.19096
18 12      -0.095298      -0.151874
18 13     -0.0114524      0.0124468
18 14        0.17578       -0.20184
18 15       0.073616       0.118184
18 16      -0.026254         0.2362
18 17     -0.0027392        0.13661
18 18     -0.0090276      0.0159852
19  0       0.012698              0
19  1        0.06199      -0.165086
19  2      -0.173312      -0.028048
19  3      -0.072942       0.148784
19  4    -8.9144e-05      -0.135196
19  5       0.110224       0.109508
19  6      0.0116758      -0.040766
19  7      -0.056206       -0.06134
19  8       -0.06804     -0.0114114
19  9       -0.11696       0.077722
19 10       0.147176      -0.043164
19 11       0.126594        0.14042
19 12       0.177936      0.0047216
19 13       0.090896      -0.141548
19 14       0.057938       0.088976
19 15      -0.164622       0.066698
19 16      -0.060206       -0.02169
19 17       0.011171       0.168182
19 18      -0.047406      -0.025764
19 19      -0.145482       0.167044
20  0       0.011859              0
20  1      -0.068426       -0.05133
20  2       -0.13392      -0.133116
20  3      -0.029036       0.083176
20  4      -0.056288      -0.057188
20  5       0.132638      -0.059692
20  6      -0.102024      -0.061452
20  7       0.038006       0.025434
20  8       0.066816        0.09923
20  9       0.172806       0.061896
20 10      -0.067372      -0.031734
20 11      -0.035276     -0.0118412
20 12       0.170926       0.071752
20 13     0.00189486     -0.0024796
20 14       0.067892      -0.050288
20 15      -0.104706      -0.004949
20 16      -0.054048       0.140262
20 17       0.095148      -0.101942
20 18      -0.114394        0.04797
20 19      -0.112178       0.092992
20 20       0.021848      -0.025422
21  0        -0.1006              0
21  1     -0.0077686       0.100514
21  2      -0.030694      -0.062616
21  3      -0.119522        0.11479
21  4      -0.096114       0.108512
21  5       0.034626      -0.128386
21  6       0.045424       0.053178
21  7     -0.0178796       -0.02554
21  8       0.135876       0.056522
21  9       0.049614      0.0195486
21 10         0.2115      -0.135814
21 11      -0.156878      -0.065494
21 12       0.085206       0.048918
21 13        0.03943       -0.06453
21 14      -0.197632      -0.035414
21 15       0.165154      -0.086598
21 16       0.043118      0.0144364
21 17      -0.050206       0.054444
21 18      -0.109196    -0.00174466
21 19     -0.0046526        0.09646
21 20       0.120324      0.0059766
21 21       -0.12581      -0.096112
22  0      -0.036114              0
22  1       -0.08505        0.06028
22  2      -0.024414       -0.06431
22  3      -0.065258      0.0053856
22  4     -0.0120634      0.0155228
22  5      -0.094958     -0.0113724
22  6      -0.045456      -0.062362
22  7      -0.050468      -0.055754
22  8      0.0134822       0.016997
22  9      -0.143172       0.050734
22 10       -0.02595     -0.0020346
22 11       0.053266      -0.060462
22 12      -0.084906      -0.011744
22 13      -0.082286       0.028172
22 14       0.011691      0.0039528
22 15      -0.052288       -0.06816
22 16        0.03006       0.095796
22 17     0.00021484      -0.064032
22 18      -0.029352       0.070462
22 19        0.02427        0.03886
22 20     -0.0123324       0.058602
22 21       0.130764     -0.0034244
22 22       -0.10184     -0.0023322
23  0      -0.029061              0
23  1       0.010372       0.099788
23  2     -0.0064924       0.060136
23  3      0.0135948      -0.050524
23  4       0.170392       -0.04193
23  5      -0.044168      0.0024636
23  6      -0.067506      0.0163178
23  7      0.0051992       0.040698
23  8       0.034704      -0.079014
23  9       0.079746     -0.0055438
23 10       -0.23012      -0.084826
23 11       0.035042      0.0091638
23 12       0.015268     -0.0139996
23 13      -0.055464       0.055478
23 14       -0.04338      0.0128144
23 15      -0.088134     -0.0164576
23 16       0.108912       0.064834
23 17      -0.081716      0.0131414
23 18     -0.0113568       0.067376
23 19       0.129614     -0.0114664
23 20        0.05908       -0.03389
23 21      -0.069042     -0.0070916
23 22       0.143728      -0.189232
23 23      0.0160244       0.031754
24  0      0.0014105              0
24  1        0.05599       0.060528
24  2       0.065692       0.046862
24  3      0.0069836      0.0037778
24  4       0.016611      0.0191278
24  5       -0.01107      -0.033416
24  6      -0.082726        0.08009
24  7       0.106044     -0.0171136
24  8      0.0003216       0.019867
24  9        0.07869       0.068648
24 10      0.0046638      -0.049752
24 11       0.021146       0.042374
24 12      -0.089662       0.053352
24 13       0.050758        0.01279
24 14     -0.0099568       0.029158
24 15     -0.0072012      -0.116598
24 16       -0.05776       0.130174
24 17      -0.048642       -0.03547
24 18       0.084532        0.02249
24 19       0.045242       0.136406
24 20      -0.052358     -0.0115526
24 21       0.032278      -0.065292
24 22      -0.043214     -0.0067548
24 23      -0.043226      -0.035852
24 24      0.0081814       0.058598
25  0       0.013335              0
25  1    -0.00187756      -0.031918
25  2     -0.0182052        0.11143
25  3      0.0193236      -0.057986
25  4      -0.078402      0.0139994
25  5       0.064656       0.044764
25  6     -0.0146142       0.085356
25  7       0.066494      -0.058054
25  8      -0.043738      -0.068652
25  9      -0.080648       0.052444
25 10       0.031048      0.0151892
25 11       0.082264     0.00169824
25 12        -0.0624      -0.062824
25 13      -0.033506        0.02118
25 14       0.093312        0.11355
25 15       0.062974       -0.03317
25 16       0.075994       -0.06276
25 17      0.0183632       0.059902
25 18     0.00109884     -0.0062642
25 19        0.02191      -0.190816
25 20      -0.007461       0.016585
25 21     -0.0137586       0.022406
25 22     -0.0189754       0.070538
25 23      -0.054944       0.058274
25 24       0.037172     -0.0020332
25 25       0.050862      0.0185574
26  0       0.025358              0
26  1     -0.0014665      -0.062892
26  2      -0.030418      -0.052906
26  3      0.0092624       0.042926
26  4      -0.093796     -0.0180762
26  5      0.0061138     0.00164108
26  6       0.036964       0.048882
26  7        0.03898      -0.066688
26  8      0.0027392      -0.046796
26  9      -0.104902      -0.034736
26 10       0.068018      -0.021688
26 11       0.114822       0.095356
26 12       0.090168        -0.1258
26 13      -0.048702       0.025242
26 14        0.03937    -0.00186586
26 15      0.0122802     -0.0101986
26 16     -0.0029728      -0.101816
26 17     -0.0054506     -0.0061478
26 18      -0.056596      -0.011198
26 19       0.037692       0.041144
26 20       0.034116      -0.030482
26 21      0.0049718     -0.0110186
26 22    -0.00126626       -0.08761
26 23      -0.027992      -0.060432
26 24      -0.031586        0.06569
26 25      -0.037434     -0.0042264
26 26       0.023908     -0.0059562
27  0      -0.010478              0
27  1      -0.043278      -0.051514
27  2      0.0027466      -0.077948
27  3      0.0149736      0.0034454
27  4       -0.07966      -0.117992
27  5       0.027538       0.026822
27  6     -0.0179386       0.032002
27  7      -0.088578      -0.032034
27  8       0.040162     -0.0174818
27  9       0.027412      -0.035254
27 10     -0.0023828    -0.00048366
27 11      -0.032182      -0.062992
27 12      -0.015372     -0.0095392
27 13     -0.0149956     -0.0067838
27 14      -0.023232      -0.028378
27 15     -0.0047928      0.0095848
27 16      -0.006416      -0.135298
27 17       0.018051      0.0113026
27 18       0.049906      0.0129876
27 19      -0.054732       -0.05918
27 20       0.053758      -0.004458
27 21       0.031892     -0.0165838
27 22      0.0037736      -0.180672
27 23      -0.085466      0.0173792
27 24       0.050954     -0.0170466
27 25       0.039348       0.075852
27 26      -0.079892     -0.0142532
27 27       0.098424      -0.019991
28  0     -0.0035462              0
28  1       0.008406       0.058436
28  2       0.042222        0.06953
28  3       0.053136       0.040294
28  4       0.026496      -0.021892
28  5        0.03262      -0.009017
28  6      -0.011131     -0.0061284
28  7      -0.054738      -0.075926
28  8        0.02898       0.049362
28  9      -0.030852      -0.004097
28 10       0.078106       0.009388
28 11      -0.047926      0.0079382
28 12       0.081746     0.00053782
28 13       0.065954       0.077306
28 14       0.122152      -0.037296
28 15      -0.067456      -0.025012
28 16       0.076666       0.028308
28 17       0.068522      -0.054534
28 18         0.0236       0.048996
28 19      0.0174676      0.0063234
28 20     -0.0118998     -0.0184032
28 21      -0.063466      -0.023512
28 22     -0.0091622       -0.02832
28 23      0.0155052        0.03893
28 24      -0.109778     -0.0108722
28 25       0.048926      -0.060098
28 26      0.0071394     -0.0191248
28 27       0.012042        0.04723
28 28      0.0036522       0.025474
29  0      -0.019225              0
29  1      -0.022416      0.0155906
29  2      0.0051512        0.04088
29  3       0.048032       0.044966
29  4       0.072672       0.065474
29  5       0.024382       0.003328
29  6       0.090582        0.07122
29  7      -0.059502      0.0143778
29  8       0.024272      0.0063296
29  9      0.0042608      -0.038054
29 10      -0.039138       0.050092
29 11       0.010178     -0.0043472
29 12     -0.0032478       0.050576
29 13      0.0150422       0.054204
29 14       -0.04547     -0.0176614
29 15       -0.02946     0.00153934
29 16      -0.024996       0.009012
29 17       0.020024        0.10523
29 18       -0.13419     -0.0094478
29 19      -0.034304       0.028718
29 20      -0.049454     -0.0067202
29 21       -0.03931      -0.066192
29 22      -0.043112      -0.005713
29 23       0.040574       0.003594
29 24       0.031894       0.066358
29 25      -0.039658       0.048858
29 26       -0.01522      -0.093292
29 27      -0.055692       0.069672
29 28     -0.0155466       0.094956
29 29      -0.043032      -0.026166
30  0       0.031372              0
30  1     -0.0130764       0.027648
30  2     -0.0196202      0.0174654
30  3      -0.031278      -0.028424
30  4     -0.0106196        0.02914
30  5       0.055904     -0.0196796
30  6      0.0197008       0.102086
30  7     -0.0024978       0.053004
30  8      -0.025182        0.03153
30  9       0.031126      -0.066246
30 10       -0.02161     -0.0166574
30 11      0.0091904       0.048872
30 12       0.026224      0.0097886
30 13      -0.053198      -0.022798
30 14      0.0125484       -0.03311
30 15      -0.039446      0.0176724
30 16       0.071372      0.0177248
30 17       0.039286       -0.08448
30 18    -0.00122206      -0.025784
30 19      -0.063822       0.025328
30 20      -0.067496     -0.0135176
30 21       -0.06521      -0.067054
30 22     -0.0086748      0.0151664
30 23        0.02574      0.0174156
30 24      -0.034286        0.05746
30 25     -0.0078778     -0.0109162
30 26       0.017659      0.0074104
30 27       -0.03638      -0.081908
30 28       0.045948      0.0168288
30 29      -0.018099      -0.026016
30 30       -0.04581     -0.0022566
31  0      -0.017826              0
31  1        0.08395      -0.083216
31  2    -0.00162116       0.062308
31  3        0.04047      -0.022378
31  4       -0.02897      -0.053732
31  5      0.0127656      -0.042538
31  6      0.0003277      -0.041798
31  7        0.08737       0.004988
31  8        0.02502     -0.0101908
31  9     0.00101398      -0.048488
31 10      -0.067242      -0.035962
31 11     -0.0054194      -0.028274
31 12       0.069294       -0.02672
31 13        0.04524     -0.0061938
31 14       0.009622       -0.09544
31 15      0.0018138       -0.02134
31 16     -0.0146406       0.027742
31 17     -0.0133718      -0.062936
31 18       0.054056       0.028584
31 19     -0.0188188      -0.002874
31 20      -0.075102         0.0218
31 21      -0.122274      -0.020722
31 22      -0.035016       0.044388
31 23      0.0021574      -0.024056
31 24       0.043382       0.046554
31 25      -0.034134     -0.0027878
31 26     -0.0053112       0.025216
31 27      -0.023112      0.0093352
31 28      0.0088968     -0.0055428
31 29      0.0143398       0.047042
31 30     -0.0138448     -0.0193248
31 31      -0.065114      -0.038916
32  0      -0.008381              0
32  1      -0.065968     -0.0170858
32  2      -0.022962      -0.036142
32  3       0.059838      0.0158832
32  4      -0.057742        0.03667
32  5       -0.02154     -0.0104034
32  6     -0.0183882       0.016509
32  7       0.040592      -0.049604
32  8     -0.0081188       0.022328
32  9      -0.060736      -0.002519
32 10       -0.06722       0.042758
32 11       -0.04166        0.03283
32 12     -0.0103562      0.0077546
32 13      0.0083282       0.017755
32 14       0.039522      -0.006412
32 15       0.043832        -0.0046
32 16       0.013558      0.0099466
32 17      -0.033404     -0.0084668
32 18      -0.009778       0.052096
32 19     -0.0028406        0.04005
32 20       0.038706      -0.049522
32 21      -0.054268       0.031326
32 22     0.00077798       0.023522
32 23     -0.0132528       0.022986
32 24     -0.0199762     -0.0150076
32 25       0.031288       0.059076
32 26      -0.021322      -0.058756
32 27       0.030044        0.02467
32 28     -0.0111968       0.033482
32 29       -0.02947       0.060246
32 30       0.029778        0.05788
32 31      0.0008386       -0.01238
32 32       0.026894        0.03734
33  0       0.047278              0
33  1      0.0093476     -0.0026282
33  2      -0.052732      0.0035058
33  3       0.020364      0.0156094
33  4       -0.03907      -0.013532
33  5      0.0082544       0.033468
33  6       0.027446      -0.005404
33  7      -0.063508      -0.027352
33  8      0.0075304       0.030458
33  9      0.0104252      0.0081798
33 10      -0.017033     -0.0103228
33 11       0.067688       0.051718
33 12      -0.021628     -0.0125314
33 13     -0.0192904      -0.033596
33 14       -0.01029      0.0101232
33 15      -0.004272         0.0267
33 16       0.030986     0.00034142
33 17     -0.0074252     -0.0046116
33 18        0.07187      -0.025596
33 19       -0.04859     0.00097172
33 20     -0.0172404      -0.041136
33 21      -0.023584     -0.0104362
33 22      -0.030434        0.03736
33 23      0.0167518      -0.076738
33 24      -0.048282      -0.027524
33 25       0.023782      0.0165154
33 26       0.025232      0.0140112
33 27     -0.0062226      0.0135136
33 28      -0.007145      0.0044882
33 29      0.0108844       0.027584
33 30        0.04577      -0.040414
33 31       -0.04182      0.0059348
33 32      0.0181334       0.029944
33 33      -0.023998     -0.0047756
34  0       0.024375              0
34  1      0.0151354       0.030794
34  2       0.024858      -0.057708
34  3       0.082408       0.037364
34  4      -0.011492      -0.033824
34  5       0.021398       -0.02505
34  6     -0.0075032     -0.0033798
34  7      0.0067732      -0.046946
34  8     -0.0076756        0.03684
34  9       0.025762       0.055046
34 10     0.00163272      0.0112796
34 11       0.030124      0.0101196
34 12      0.0028082      -0.053094
34 13       0.023724     0.00058474
34 14     -0.0027846       0.011221
34 15       0.026622      -0.058668
34 16      0.0095224       -0.04689
34 17    -0.00023774     4.2648e-05
34 18       0.022808     0.00058104
34 19      0.0087032       -0.07687
34 20       -0.06784       0.053242
34 21      0.0024522      0.0129394
34 22       0.028454        0.03265
34 23     -0.0081628       0.028656
34 24       0.005098     -0.0098346
34 25       0.055814      0.0022148
34 26      -0.024568        0.02307
34 27      -0.049496        0.02395
34 28       0.038184     -0.0045698
34 29     -0.0028418       -0.03386
34 30       -0.03253        0.03488
34 31      0.0117626      -0.022396
34 32      -0.022982    -0.00106252
34 33       0.005604      -0.030722
34 34     -0.0073406      0.0188462
35  0      -0.026153              0
35  1     -0.0174996       -0.03135
35  2     0.00170612      -0.056826
35  3     -0.0040928        0.05123
35  4        0.06325       0.011536
35  5      0.0161232      -0.021016
35  6      -0.011179       0.054334
35  7       0.033744      -0.013648
35  8      -0.055156       0.021942
35  9       0.020338       0.043682
35 10      0.0085716      0.0082676
35 11      0.0080342       0.038044
35 12      -0.014172      -0.019262
35 13      0.0009265      0.0154406
35 14       0.037584       0.034104
35 15       0.031814        0.02977
35 16       0.021332     -0.0051664
35 17      -0.017969      0.0107076
35 18      -0.002531       0.033448
35 19     -0.0117288       0.034476
35 20       -0.05715      -0.053694
35 21      -0.051988       0.052036
35 22      0.0172176     -0.0103046
35 23      -0.019103      -0.031256
35 24     0.00167958    -0.00090076
35 25     -0.0198668        0.00875
35 26      0.0049908     -0.0117074
35 27      -0.021774      -0.033104
35 28     -0.0096586       0.041918
35 29       -0.00442       0.019631
35 30      0.0042794     -0.0116736
35 31      -0.048618     -0.0115724
35 32       0.060374     0.00151956
35 33      0.0192186     -0.0115138
35 34      0.0056436      0.0112392
35 35      -0.036734        0.02399
36  0       0.020406              0
36  1       0.026028     -0.0020862
36  2       0.005218      -0.048864
36  3      -0.034534      -0.021408
36  4      0.0165796      -0.024654
36  5        0.06813   -0.000142386
36  6      0.0070174      -0.069882
36  7      0.0118342         0.0027
36  8       -0.03609      -0.059714
36  9      0.0179052       -0.02073
36 10       0.036792     -0.0113368
36 11     -0.0159572      -0.029148
36 12      0.0145598      -0.015234
36 13     -0.0173514      -0.018734
36 14      -0.008203      -0.030602
36 15      -0.027636      -0.034344
36 16       0.053334     -0.0047526
36 17      -0.037106      -0.044856
36 18     -0.0125124       -0.02117
36 19      -0.062624     -0.0110968
36 20      -0.031264      -0.060454
36 21      -0.022762      -0.038952
36 22      0.0096206       -0.01576
36 23      0.0082358     -0.0113804
36 24      0.0079124     -0.0195336
36 25      0.0102786      -0.020426
36 26      0.0098482       0.041918
36 27       0.045608     -0.0088696
36 28     -0.0174898      -0.047104
36 29     -7.909e-06       0.028434
36 30      0.0124824      -0.020786
36 31       0.020246       -0.00643
36 32      0.0135248      0.0045768
36 33       0.065272       0.012377
36 34       -0.04686         0.0322
36 35      -0.040432     -0.0050372
36 36      -0.015183      0.0184586
37  0     -0.0016953              0
37  1        0.01885     -0.0163236
37  2       0.040458      -0.024254
37  3      -0.032138      -0.028636
37  4     -0.0102404      -0.027936
37  5       -0.03344        0.06164
37  6       0.006516       0.014612
37  7        0.02605       0.047966
37  8       -0.02124     -0.0078478
37  9      0.0032602      -0.020164
37 10       0.029412      -0.023186
37 11      0.0041866      -0.052638
37 12       0.028462     0.00171702
37 13      0.0074358      -0.031208
37 14       0.047042      -0.059564
37 15      -0.039444      0.0125262
37 16     -0.0069168      0.0147104
37 17       0.062644      0.0009261
37 18      -0.043584     -0.0143542
37 19      -0.046316      0.0196658
37 20       0.026598       0.028756
37 21       0.012873      -0.034692
37 22      -0.028502      -0.049278
37 23       0.041252       0.025238
37 24    -0.00025734     -0.0129782
37 25      0.0057088       0.007711
37 26       0.022262      0.0080206
37 27      0.0060452      -0.045784
37 28        0.03294       0.014466
37 29     -0.0199174       -0.04454
37 30       0.028014     -0.0107946
37 31     -0.0067004     -0.0012033
37 32       0.004089      0.0067634
37 33      -0.024634      0.0108486
37 34      0.0111284     -0.0035056
37 35     -0.0056394      0.0164552
37 36      -0.028106     -0.0044052
37 37     -0.0070692     -0.0128398
38  0      0.0084248              0
38  1       0.005648      0.0137742
38  2     -0.0053272     0.00023738
38  3       -0.02944       0.022222
38  4      0.0055234     -0.0185456
38  5      -0.043942       0.005304
38  6      -0.022046      0.0028334
38  7       0.003454       0.036334
38  8      0.0176962       0.042532
38  9      -0.021634       -0.04517
38 10      -0.036212       0.030578
38 11     -0.0115564      0.0070948
38 12      0.0192562      0.0064894
38 13      -0.037724        0.06351
38 14      -0.029074      -0.050982
38 15      0.0021032       0.027618
38 16      -0.076816        0.02094
38 17       0.033784       0.027664
38 18       0.026878      -0.004934
38 19       0.009754      -0.000684
38 20        0.02952       0.032916
38 21      0.0100206      -0.010795
38 22      0.0144974      -0.054394
38 23      0.0077378       -0.04342
38 24       -0.02393       0.038754
38 25       0.027506      0.0098194
38 26       0.045654       0.021986
38 27      0.0141194      0.0096154
38 28       0.031252      0.0051944
38 29      -0.004205        0.00911
38 30      -0.008211     -0.0024428
38 31       0.024694     -0.0157024
38 32    -0.00142684      0.0080546
38 33     -0.0122432       0.032152
38 34       -0.05075      0.0109588
38 35      -0.015193     -0.0193904
38 36       0.009362      0.0123836
38 37       0.043858       0.027676
38 38      -0.071256       -0.03963
39  0      0.0084922              0
39  1       0.013193      0.0060732
39  2     0.00126882       0.054292
39  3     -0.0151056       0.021176
39  4        0.04247     0.00030216
39  5       0.042112      0.0087322
39  6       -0.00508     -0.0140128
39  7      0.0096576     -0.0169856
39  8      0.0187928      0.0150986
39  9       -0.05742     -0.0072148
39 10      -0.033206      -0.028428
39 11       -0.02738      0.0095644
39 12     -0.0148218     -0.0053732
39 13     -0.0059038       0.018327
39 14      -0.023082      0.0118932
39 15     -0.0023152       0.021596
39 16     -0.0164472     -0.0093892
39 17      0.0050868      -0.017056
39 18      -0.028918       0.038118
39 19      -0.034158      -0.006881
39 20      0.0199228      0.0033258
39 21    -0.00031148          0.005
39 22       -0.02285     -0.0168376
39 23      -0.044512      0.0109268
39 24      0.0170854      0.0078418
39 25     -0.0047518        0.02843
39 26        0.02913      0.0019436
39 27      0.0080588      -0.022734
39 28     -0.0195296      -0.013068
39 29       0.018958      -0.041738
39 30      0.0083052      -0.042446
39 31      -0.027038      0.0085134
39 32       0.031336      -0.036834
39 33      0.0090276       -0.02444
39 34      -0.025824       0.040168
39 35      -0.040426      -0.064636
39 36     -0.0151786     -0.0168068
39 37    -0.00103266     -0.0119136
39 38       0.017874        0.02279
39 39     -0.0144944       0.005493
40  0      0.0083577              0
40  1       0.049972       0.015953
40  2      0.0178938      -0.008797
40  3      0.0121962     -0.0103766
40  4    -0.00078418      -0.026242
40  5       0.005764     -0.0103074
40  6      -0.038598       -0.02996
40  7        0.01272     -0.0048006
40  8       0.060274       0.003627
40  9       0.023812      0.0110222
40 10     -0.0055332     -0.0127074
40 11       0.036154      -0.041456
40 12     -0.0187874       0.024676
40 13      -0.028124        -0.0242
40 14     -0.0116106      0.0056862
40 15        0.03817       0.017341
40 16     -0.0141124     -0.0020998
40 17      0.0154792     -0.0130418
40 18        0.03072   -0.000179826
40 19      -0.049736      0.0055064
40 20       0.030736      -0.009063
40 21      -0.024964      0.0030126
40 22      0.0104586      -0.044542
40 23      -0.021636      0.0147438
40 24       0.056806      -0.008033
40 25     -0.0112438     0.00144526
40 26       0.031904      0.0085146
40 27      -0.006956     -0.0011567
40 28      -0.044822       0.026676
40 29      0.0171092     -0.0030858
40 30      -0.028172      -0.049444
40 31      -0.029822      -0.028738
40 32      -0.018939      -0.033246
40 33       0.025164      -0.061234
40 34      -0.012842     -0.0166388
40 35     -0.0102548     -0.0034034
40 36      -0.027306     -0.0004987
40 37      0.0198724     -0.0102088
40 38     -0.0171954      -0.067862
40 39     -0.0166106       0.032884
40 40       0.021504      -0.026612
