 0  0        0.60689              0
 1  0        0.26643              0
 1  1       -1.17564       -0.27808
 2  0         0.6868              0
 2  1        0.39668        0.39116
 2  2         0.7158       -1.16664
 3  0        0.27102              0
 3  1        -0.5685        -0.3544
 3  2      -0.032254       -0.25296
 3  3        0.20042       0.112408
 4  0       0.041419              0
 4  1      -0.121166       0.168452
 4  2        -0.5515         0.3927
 4  3        0.77274      -0.048048
 4  4       0.035014        0.32928
 5  0       -0.49073              0
 5  1       -0.68026      -0.121796
 5  2       -0.80562        0.46274
 5  3        0.60044       -0.24358
 5  4          0.529       -0.62196
 5  5       -0.62898      -0.024688
 6  0      -0.060148              0
 6  1         0.2925         0.4621
 6  2       -0.47022        0.22428
 6  3      -0.024098       -0.77306
 6  4        -0.2847        0.37594
 6  5       -0.72172        -0.4568
 6  6        0.30008        0.51258
 7  0       -0.34225              0
 7  1      0.0050886       -0.38848
 7  2       -0.41652        0.32096
 7  3      -0.130212       -0.21142
 7  4       0.140902      0.0055216
 7  5      -0.042286        0.56122
 7  6      -0.064096       -0.67946
 7  7        0.14971        -0.2146
 8  0      -0.079681              0
 8  1       0.063654      -0.004737
 8  2       -0.35896      -0.160242
 8  3       0.015416      -0.138652
 8  4       -0.03376        0.25362
 8  5        0.31896       0.086028
 8  6       -0.36564        0.22078
 8  7       -0.28572       0.051694
 8  8        0.36784        -0.0354
 9  0        -0.1624              0
 9  1        0.24114      -0.079188
 9  2      -0.118958       0.107882
 9  3      -0.140256       -0.32926
 9  4       0.038938      -0.067264
 9  5       0.180152      -0.024946
 9  6       -0.39144       -0.13767
 9  7       0.090112      -0.185072
 9  8       -0.14249       0.044164
 9  9         0.1585      -0.086822
10  0       0.065346              0
10  1       0.024828       0.105668
10  2       -0.24854      0.0042022
10  3       -0.27228      -0.126554
10  4      -0.125172      -0.034216
10  5      -0.065314       0.096776
10  6      0.0115262         0.2504
10  7       0.040648      -0.061804
10  8      0.0095716      -0.085262
10  9       0.096826      -0.036296
10 10      -0.028002      -0.095372
11  0       -0.01642              0
11  1      -0.032056       0.176874
11  2      -0.106116       0.175292
11  3        -0.2144      -0.127578
11  4       0.045614         0.0899
11  5       0.193018      0.0113552
11  6        0.20476      0.0047006
11  7       -0.20796      -0.030066
11  8      -0.025694     -0.0156288
11  9         0.3073        0.20278
11 10      -0.174056    -0.00070096
11 11     -0.0031342        0.24262
12  0       0.018035              0
12  1      -0.177054       0.140434
12  2        0.08196       -0.24028
12  3      -0.032398      -0.020506
12  4      -0.089746        0.31636
12  5       0.031736      -0.112534
12  6       -0.13002     -0.0088038
12  7       0.024202       0.111544
12  8      -0.090994       -0.14015
12  9       0.168448       0.156012
12 10        -0.0736       0.020168
12 11       0.149944        0.28194
12 12       0.113806      -0.148336
13  0       -0.05258              0
13  1       -0.24582      -0.035718
13  2       0.077294        0.11614
13  3       -0.17741      -0.135936
13  4        0.23272        0.18029
13  5       0.065288      -0.042484
13  6      -0.085106      -0.160038
13  7       0.099048      -0.031934
13  8      -0.142614       0.021074
13  9       0.138794       0.087232
13 10       0.164346        0.20552
13 11      -0.179038      -0.113872
13 12       0.176704      -0.151314
13 13       0.133418        0.24866
14  0       -0.03884              0
14  1      -0.133622      0.0125082
14  2       0.077412       0.027938
14  3        0.04419        0.07565
14  4       -0.05103       0.140598
14  5        0.12236     -0.0142674
14  6      -0.041976      0.0070392
14  7      -0.105202       0.127776
14  8       0.108982      -0.098208
14  9       0.047978       0.091016
14 10       0.031944       0.013512
14 11      0.0141698      -0.146304
14 12       0.102066      -0.193406
14 13       -0.21366       0.080022
14 14       0.113502      -0.042402
15  0      -0.032533              0
15  1      -0.104624      -0.044346
15  2       0.022112       0.122496
15  3       0.153774        0.02606
15  4      -0.177884      -0.029848
15  5     -0.0029154       -0.06769
15  6       -0.04216      -0.104578
15  7      -0.028394       0.106068
15  8     -0.0119878       -0.15245
15  9       0.026816        0.05713
15 10      -0.175228      -0.025772
15 11      0.0103536      -0.048528
15 12      -0.053464      -0.192868
15 13       0.025878       0.148928
15 14        0.07673       -0.11742
15 15      -0.145758     -0.0022712
16  0      0.0029713              0
16  1      0.0085204      -0.033856
16  2    -0.00129806       0.076166
16  3       0.192302       0.043388
16  4      -0.009599      0.0107714
16  5       0.040882       -0.02412
16  6      -0.071178       0.021678
16  7       0.047204        0.04933
16  8     -0.0086194      0.0129454
16  9      -0.065418      -0.057258
16 10     -0.0124554        -0.0243
16 11       0.153964      -0.056246
16 12       -0.08908      -0.162568
16 13      -0.025112      -0.031042
16 14       0.032538       0.094352
16 15      0.0060388      -0.101214
16 16      -0.079134      0.0167192
17  0      -0.010607              0
17  1      -0.011154        0.02669
17  2      -0.047188      -0.085672
17  3       0.062844       0.055786
17  4       0.067918       -0.06065
17  5      -0.131982      0.0135742
17  6      0.0132934         0.0616
17  7      -0.032736      -0.033748
17  8      0.0129986        -0.0479
17  9      -0.034296       -0.15434
17 10      -0.058988     -0.0147136
17 11      0.0155374       0.033614
17 12      -0.068882       0.051394
17 13      -0.063012       0.009401
17 14     -0.0059494      -0.024688
17 15      -0.121546      -0.044588
17 16     -0.0186444       0.030564
17 17      -0.017745      -0.028366
18  0       0.025416              0
18  1     -0.0171974       0.077726
18  2      -0.036304     -0.0127074
18  3     -0.0097404       -0.03951
18  4      -0.167298      0.0131992
18  5        0.06904       0.023784
18  6       0.065032     0.00024576
18  7      -0.079552      -0.046782
18  8      -0.050948       0.058986
18  9     -0.0069402      -0.096756
18 10     -0.0197334      0.0189402
18 11        0.04087       0.114392
18 12      -0.096898      -0.100918
18 13       -0.05563       0.088918
18 14       0.095934      -0.054076
18 15       0.028646       0.063646
18 16      -0.017936        0.10855
18 17       0.023736       0.055602
18 18      -0.018192       0.057094
19  0       0.029043              0
19  1      0.0182042        -0.0949
19  2      -0.034944    -0.00151998
19  3     -0.0059252       0.058446
19  4       0.027184      -0.034602
19  5       0.046508      0.0166178
19  6     -0.0158896      0.0023156
19  7      -0.042844      -0.077102
19  8      -0.038448     -0.0133402
19  9       -0.03445      0.0122118
19 10       0.057518       0.025476
19 11       0.083622        0.09129
19 12       0.115176      0.0078006
19 13       0.025384      -0.056434
19 14     -0.0197206       0.068862
19 15      -0.024506         0.0361
19 16       0.034316     -0.0049126
19 17        0.02139        0.10568
19 18     -0.0005094       -0.04985
19 19     -0.0138176       0.108922
20  0       0.035345              0
20  1       -0.02302      -0.051804
20  2      -0.072306         -0.103
20  3      -0.026378       0.034182
20  4     2.3728e-05      -0.027522
20  5        0.05301      -0.049916
20  6      -0.047506      -0.015361
20  7        0.04871      -0.023184
20  8     -0.0046232        0.02662
20  9         0.0791       0.047398
20 10       -0.02344       -0.02394
20 11       -0.02624       0.014295
20 12       0.066744       0.074326
20 13      -0.042514      0.0096656
20 14       0.034358     -0.0036538
20 15     -0.0199588       0.040344
20 16      -0.042686     -0.0198058
20 17        0.07595        0.00436
20 18       -0.03607       0.033754
20 19      -0.016418       0.027198
20 20      -0.024472        0.02342
21  0      -0.053108              0
21  1      0.0072816      -0.004767
21  2        0.02391     -0.0184218
21  3      -0.079774    -0.00057508
21  4      -0.035688       0.053356
21  5      -0.004545      -0.042486
21  6      0.0176336     -0.0089006
21  7      -0.019146      -0.025236
21  8       0.044794       0.021284
21  9       0.022022      0.0051214
21 10       0.110012       -0.07004
21 11      -0.034718       0.010155
21 12       0.077324       0.027214
21 13       0.028496      -0.039648
21 14      -0.092832     -0.0057326
21 15       0.042982      -0.061104
21 16       0.023256     -0.0105628
21 17      -0.076984      -0.032098
21 18       -0.02751       0.003403
21 19       0.028976         0.0884
21 20       0.072728      -0.024022
21 21      -0.043746      -0.040638
22  0       -0.04695              0
22  1      -0.074448      0.0188936
22  2     -0.0076064     -0.0090858
22  3     -0.0113598      0.0065666
22  4       0.027168       0.067276
22  5      -0.051684      -0.035004
22  6      0.0047966      -0.055246
22  7     -0.0158434     0.00025096
22  8      -0.061968       -0.02924
22  9      -0.055744     0.00197556
22 10       0.027802      0.0160984
22 11       0.038238       0.030332
22 12      -0.070114      0.0025146
22 13     -0.0004315     -0.0126062
22 14      0.0180428     -0.0113064
22 15      -0.053806      -0.068138
22 16        0.04759       0.022872
22 17     -0.0021712       -0.02123
22 18    -0.00108252      0.0164052
22 19       0.025182      0.0153034
22 20     0.00025646        0.04858
22 21        0.05239       0.016451
22 22      -0.056174     0.00060968
23  0       0.012622              0
23  1      0.0094908        0.01441
23  2     -0.0077784      0.0163524
23  3        0.02992      -0.011303
23  4        0.08288      -0.022506
23  5      -0.045824      -0.029092
23  6       -0.05099      -0.025852
23  7      0.0026768        0.06112
23  8       -0.04651      -0.008192
23  9      0.0182208      -0.021174
23 10      -0.093548      -0.020318
23 11     0.00177744       0.022656
23 12      -0.018536       -0.02707
23 13       -0.01926       0.031556
23 14      -0.043606       0.022394
23 15      -0.059868      0.0190318
23 16       0.031274      0.0010989
23 17     -0.0152454       0.011065
23 18        0.03744       0.029392
23 19       0.048312      -0.017055
23 20       0.062544      -0.036934
23 21      -0.042706       0.049624
23 22        0.01649      -0.096688
23 23       0.054992        0.03045
24  0      0.0032191              0
24  1      0.0172884       0.040058
24  2      0.0143958       0.023054
24  3      -0.005375       0.022898
24  4       0.027022      0.0083738
24  5      -0.012756      -0.041682
24  6      -0.025534      0.0157912
24  7      0.0161144       0.025162
24  8     -0.0093444      0.0038268
24  9        0.02994      0.0179164
24 10      0.0063584      -0.020934
24 11      -0.023578      -0.028596
24 12      -0.035888     -0.0054658
24 13       0.047248     -0.0071222
24 14       -0.07712     -0.0175846
24 15     -0.0093752      -0.046692
24 16     -0.0044062        0.06915
24 17     -0.0089574       -0.02172
24 18      0.0099124      0.0051944
24 19      0.0184276       0.090674
24 20      -0.020728     -0.0060608
24 21      0.0097272      -0.056758
24 22      -0.047702      0.0081692
24 23      -0.024128      -0.022534
24 24      0.0103876       0.035012
25  0       0.025135              0
25  1      -0.057852        0.02764
25  2      0.0184328       0.059394
25  3      0.0190624      -0.031356
25  4      -0.035104      0.0075588
25  5       0.022342       0.038078
25  6      0.0189046       0.042548
25  7       0.005705      0.0029216
25  8      -0.005941      0.0096032
25  9     -0.0093314        0.03709
25 10       0.021802       0.014052
25 11       0.038592     0.00191812
25 12      -0.044738      0.0005448
25 13      -0.055136      0.0162756
25 14       0.056622      0.0166722
25 15      0.0148006     -0.0113166
25 16      0.0092108      -0.029136
25 17       0.042924       0.003392
25 18      0.0025052        0.02001
25 19     -0.0167226      -0.078172
25 20      -0.012214     -0.0080964
25 21      -0.029156     -0.0103072
25 22      -0.015602       0.025204
25 23      -0.028208      0.0040508
25 24      -0.024196    -0.00035872
25 25      0.0027306      0.0149412
26  0       0.035534              0
26  1      -0.023438       -0.03272
26  2      0.0107484     -0.0182822
26  3      0.0054828       0.041594
26  4      -0.049692      -0.035556
26  5     -0.0116742      -0.003135
26  6       0.025234       0.030234
26  7      0.0170244      -0.021652
26  8        0.03465      0.0172458
26  9      -0.019868    -0.00029348
26 10      -0.020614     -0.0074192
26 11       0.062942       0.051254
26 12       0.035354       -0.06026
26 13      -0.052976      0.0193842
26 14     -0.0179272        0.02211
26 15        0.04423      -0.028442
26 16      -0.011202      -0.039244
26 17     -0.0124092      -0.002801
26 18     -0.0114678      0.0062326
26 19       0.065996       0.052422
26 20       0.016897      -0.021424
26 21      -0.017287     -0.0119306
26 22     -0.0190426      -0.049328
26 23     -0.0161064      -0.029776
26 24      0.0114408       0.047494
26 25     -0.0197768       0.013548
26 26      -0.003127      0.0136052
27  0       0.010598              0
27  1      -0.027628       -0.04967
27  2       0.022802      -0.020114
27  3      -0.019376      0.0040282
27  4      -0.041396      -0.040884
27  5     -0.0156512     -0.0023714
27  6      0.0070456      0.0116908
27  7       -0.03494      -0.021674
27  8      0.0067134     -0.0092444
27  9       0.029046     -0.0116858
27 10      0.0099862     -0.0056994
27 11     -0.0161246     -0.0192632
27 12      0.0008102      -0.004007
27 13     -0.0056756     -0.0173662
27 14      -0.027734      0.0110302
27 15     0.00151364     -0.0098576
27 16     -0.0024164      -0.024544
27 17        0.01062       0.023338
27 18       0.027734     0.00196998
27 19      -0.025486     -0.0093296
27 20       0.041194     -0.0178544
27 21     -0.0090088    -0.00128366
27 22    -0.00100148     -0.0177476
27 23      -0.067526     -0.0075226
27 24       0.021482       -0.05085
27 25       0.020022       0.068774
27 26      -0.044542       -0.02699
27 27       0.030412     -0.0183256
28  0      0.0017384              0
28  1     0.00089698     0.00043024
28  2      0.0172072       0.023568
28  3       0.001261    -0.00069378
28  4      0.0040614     -0.0037112
28  5      0.0114276      -0.022876
28  6     -0.0072094     -0.0120858
28  7     -0.0118246      -0.056528
28  8        0.03097       0.021974
28  9      -0.009218     -0.0160204
28 10       0.064792      0.0074312
28 11     -0.0127606       0.006708
28 12       0.022892       0.010666
28 13       0.054852       0.023188
28 14       0.037856      0.0041788
28 15      -0.039704      0.0081778
28 16        0.04376       0.031922
28 17       0.021724      0.0097044
28 18       0.054702      0.0102924
28 19      -0.014733     -0.0049494
28 20      -0.006813      0.0059796
28 21      -0.058408       -0.03645
28 22      -0.025938      0.0058658
28 23      0.0075946        0.03808
28 24      -0.066714      0.0111812
28 25       0.024058      -0.038466
28 26     -0.0070854     -0.0025062
28 27      0.0179222      0.0080622
28 28       0.024046      0.0097924
29  0       -0.02878              0
29  1     -0.0047542     -0.0096778
29  2      0.0077284     -0.0037804
29  3      -0.002347        0.02565
29  4       0.043372      0.0198016
29  5       0.019424      -0.024674
29  6       0.042552       0.023726
29  7     -0.0151548     0.00159732
29  8      0.0175692      -0.018338
29  9    -0.00182566      -0.027388
29 10     0.00196802      0.0172582
29 11      0.0108358      -0.003957
29 12      4.274e-05      0.0096534
29 13      0.0043122       0.025054
29 14      0.0120264     -0.0050322
29 15     -0.0066542       0.006196
29 16     -0.0130828      -0.006474
29 17      0.0175782       0.046518
29 18      -0.048406     -0.0111814
29 19    -0.00162388     -0.0074426
29 20       -0.02786       0.007962
29 21        -0.0415      -0.039718
29 22      -0.038768     -0.0150398
29 23       0.033404      -0.013719
29 24      0.0035272         0.0245
29 25      -0.037224       0.027574
29 26      0.0060066      -0.041044
29 27     -0.0064654      0.0105234
29 28     -0.0047654       0.051466
29 29      -0.012869      -0.028326
30  0      0.0065753              0
30  1      -0.011068       0.042722
30  2     -0.0027568      0.0144312
30  3      -0.022876     -0.0125662
30  4       0.021986        0.03454
30  5        0.03787     -0.0074652
30  6       0.005513        0.02289
30  7      0.0023882       0.029122
30  8     -0.0131478      0.0148192
30  9      0.0028236      -0.044598
30 10       -0.02496      0.0179686
30 11      0.0045406      0.0179546
30 12      0.0069834    -0.00110802
30 13       -0.03493     -0.0162012
30 14      0.0063352      -0.028072
30 15     -0.0135504       0.009085
30 16        0.00725      0.0040122
30 17       0.028174      -0.028968
30 18      0.0088956     -0.0116606
30 19       -0.03466      0.0064664
30 20       -0.04454      0.0080036
30 21      -0.041234      -0.039052
30 22      -0.041514       0.004563
30 23      0.0165174       0.024932
30 24      -0.010694       0.016926
30 25     -0.0093722       -0.02343
30 26      0.0035074      0.0046926
30 27      -0.021192      -0.030094
30 28       0.009697    -9.0906e-06
30 29      -0.005974     -0.0020592
30 30     -0.0050918      -0.010801
31  0       -0.01202              0
31  1       0.037436       -0.02655
31  2       0.023676        0.04577
31  3      0.0033738     -0.0057428
31  4     -0.0054914      -0.020134
31  5      0.0106948     -0.0178012
31  6     -0.0059168     -0.0128716
31  7     -0.0021708    0.000160688
31  8      0.0177928      0.0095218
31  9      -0.009517      -0.009593
31 10      -0.071334     -0.0095858
31 11      -0.023084       -0.02164
31 12       0.030648     -0.0150976
31 13     0.00074774     -0.0060354
31 14      0.0079694      -0.039826
31 15    -0.00016195     -0.0125248
31 16     -0.0124968     -0.0077242
31 17       -0.02402      -0.035854
31 18     0.00188418      0.0058576
31 19     -0.0134312     -0.0142554
31 20      -0.036908       0.014214
31 21       -0.04408      -0.007138
31 22       -0.03064     -0.0039046
31 23      -0.021302     -0.0056796
31 24       0.045778       0.032974
31 25      0.0125328      0.0114534
31 26     -0.0062018      0.0079904
31 27     -0.0097334      -0.009648
31 28     -0.0070816     -0.0073362
31 29     -0.0190724       0.033192
31 30       0.003469      -0.016467
31 31      -0.028912      -0.036722
32  0      0.0054582              0
32  1       -0.03575      -0.004681
32  2     -0.0061276     -0.0123524
32  3       0.024132      0.0082094
32  4      -0.022058        0.04033
32  5    -5.0162e-05    -0.00057312
32  6     -0.0062038      0.0143456
32  7     -0.0024266     0.00062214
32  8     0.00039654      0.0105392
32  9      -0.006521      0.0101658
32 10      -0.051718       0.034284
32 11     -0.0038792      -0.005977
32 12      -0.023148    -0.00083794
32 13      0.0121202     -0.0057358
32 14       0.025526     -0.0175466
32 15       0.014956      0.0084036
32 16       0.020336     -0.0023514
32 17     -0.0151866      -0.044014
32 18      -0.023768       0.028294
32 19     -0.0134466       0.029944
32 20      0.0098444      -0.035964
32 21     -0.0053038       0.022788
32 22       0.031022       0.022438
32 23     -0.0022978       0.006588
32 24     -0.0083658     -0.0177202
32 25       0.040216       0.030164
32 26     -0.0085258      -0.023448
32 27      0.0156658       0.027778
32 28      -0.004047      0.0042734
32 29     -0.0149824       0.021584
32 30      -0.011525        0.03732
32 31     -0.0030266     -0.0178952
32 32       0.006942      0.0165104
33  0       0.016907              0
33  1     -0.0065432     -0.0114892
33  2      -0.023872     -0.0056088
33  3      0.0183056      -0.009412
33  4        -0.0319     -0.0054404
33  5      0.0004632      0.0177754
33  6       0.026256     -0.0148022
33  7      -0.042644       -0.00827
33  8      0.0088552       0.012517
33  9       0.021546     -0.0042376
33 10     -0.0198126       0.004144
33 11       0.049872        0.02406
33 12       0.007443     0.00026902
33 13     -0.0092708      -0.022552
33 14     -0.0066808      -0.005058
33 15      0.0007599        0.02137
33 16       0.028308       0.022402
33 17       0.006142     -0.0028348
33 18       0.024702     -0.0090886
33 19      -0.022152      0.0076068
33 20      0.0061338     0.00104422
33 21     -0.0029346      -0.003902
33 22     -0.0018383      0.0175892
33 23      0.0167282      -0.014401
33 24     -0.0122642      0.0052056
33 25      0.0090556     -0.0029396
33 26      0.0029778     -0.0042544
33 27      -0.023344       0.026488
33 28      0.0172764      0.0094456
33 29     -0.0138258      0.0155074
33 30      0.0131936     -0.0168658
33 31     -0.0050154       0.014287
33 32     -0.0137016       0.025188
33 33     -0.0177756     -0.0099152
34  0      0.0070107              0
34  1     -0.0023976      0.0060552
34  2      0.0121452      -0.024446
34  3       0.035116        0.02346
34  4      -0.013639      -0.016781
34  5        0.01068      -0.016999
34  6      0.0118642     -0.0064112
34  7     -0.0075906     -0.0146708
34  8     -0.0093454     0.00171358
34  9      0.0077056       0.027804
34 10      0.0177186     -0.0131054
34 11       0.016054      0.0028844
34 12      0.0189752     -0.0146288
34 13      0.0168108     -0.0168682
34 14     -0.0174656      0.0097912
34 15      0.0104312      -0.023088
34 16        0.00148     -0.0102064
34 17    0.000190686    -9.1084e-05
34 18      0.0100142      -0.013839
34 19     0.00060814      -0.020412
34 20     -0.0114622      0.0182172
34 21      0.0172602        0.04013
34 22      0.0166816      0.0063718
34 23       -0.00496     -0.0085222
34 24      0.0114982     -0.0002142
34 25      0.0159554      0.0152878
34 26      -0.020344      0.0096724
34 27      -0.049012    -0.00070944
34 28       0.016535     -0.0031218
34 29      0.0103826     -0.0075558
34 30      -0.024144        0.01913
34 31       0.024648      -0.010907
34 32       -0.00483      0.0037626
34 33      0.0070444     -0.0144606
34 34     -0.0164786       0.009885
35  0      -0.013706              0
35  1     -0.0184488     -0.0105198
35  2      0.0118808       -0.03527
35  3      0.0175292       0.016754
35  4      0.0140804      0.0125136
35  5      0.0005672     -0.0118774
35  6      0.0034372       0.010284
35  7       0.002888     -0.0081156
35  8       -0.01384     0.00163408
35  9        0.00305       0.026458
35 10       0.019294      -0.005084
35 11       0.009874      0.0140556
35 12     -0.0066482     -0.0137678
35 13      0.0102122       0.005938
35 14      0.0185556       0.019894
35 15    -0.00193994       0.014509
35 16      0.0127564     -0.0090248
35 17      0.0041138      0.0172274
35 18      -0.018375     -0.0132424
35 19       0.002692      0.0082118
35 20     -0.0060552      -0.038288
35 21      -0.020328        0.02196
35 22      0.0180538     5.6714e-05
35 23     -0.0089706      -0.025786
35 24     -0.0090916    -0.00169206
35 25     -0.0078778      -0.013347
35 26     -0.0086196     -0.0081768
35 27      -0.030678     -0.0100894
35 28     -0.0151642       0.008303
35 29     -0.0093632     -0.0142578
35 30      0.0141972     0.00123568
35 31     -0.0105912      0.0107152
35 32       0.025168     0.00115278
35 33      0.0089492     -0.0087586
35 34      0.0020438      0.0100946
35 35      -0.029216    -0.00160704
36  0      0.0012443              0
36  1       0.015256     -0.0051706
36  2       0.010307      -0.021732
36  3      -0.026796      0.0119624
36  4      0.0067762      -0.006988
36  5       0.029798     -0.0053682
36  6     -0.0017248      -0.029964
36  7       0.002436     -0.0130354
36  8      -0.029998      -0.032688
36  9      0.0058364      0.0051374
36 10       0.029426     -0.0169902
36 11     -0.0130636     -0.0069098
36 12      0.0109746       -0.02049
36 13     -0.0087304      -0.026048
36 14     -0.0103056     -0.0143776
36 15     -0.0111896      -0.012591
36 16      0.0199378     -0.0024178
36 17     -0.0041404     -0.0051776
36 18     -0.0078758     -0.0061002
36 19     -0.0162714     -0.0137384
36 20     -0.0084224      -0.021624
36 21     -0.0103504      -0.020796
36 22      0.0053398     -0.0160914
36 23     0.00142188      -0.022684
36 24     -0.0032922    -0.00179866
36 25    -0.00182044      -0.008257
36 26      -0.001825     -0.0138152
36 27      0.0145678     -0.0097272
36 28      -0.016015      -0.009405
36 29      0.0145978      -0.005879
36 30     -0.0025224      -0.024922
36 31      0.0117744       0.010344
36 32      0.0170044     -0.0041078
36 33       0.023356     -0.0110288
36 34     -0.0082002       0.019793
36 35      -0.023874     -0.0092406
36 36      0.0064226     0.00152352
37  0      -0.004615              0
37  1     -0.0176804     -0.0198802
37  2       0.023346     -0.0061252
37  3     -0.0193022     -0.0104254
37  4     -0.0027116     -0.0055982
37  5     -0.0024758       0.026098
37  6    -0.00016651      0.0049246
37  7      0.0111858        0.01876
37  8      -0.009551      0.0035982
37  9     -0.0147254     -0.0075618
37 10       0.028664     -0.0035344
37 11     -0.0055702     -0.0156938
37 12      0.0038648     -0.0079116
37 13      0.0130512      -0.022396
37 14      0.0134968      -0.036626
37 15      -0.021446      0.0099714
37 16     -0.0002949       0.012164
37 17       0.019512     -0.0078186
37 18     -0.0114266      5.523e-05
37 19      -0.032138      0.0088156
37 20      0.0028396       0.032472
37 21    -0.00130226     -0.0133864
37 22     -0.0040302      -0.028096
37 23      0.0049004      0.0084394
37 24      -0.017293      -0.020532
37 25       0.003677        0.02027
37 26      0.0161192      0.0044352
37 27      -0.008156       -0.03653
37 28       0.025366    -0.00146542
37 29      0.0050646      -0.006968
37 30       0.023054     0.00196912
37 31     -0.0178902      0.0008042
37 32      0.0042606      0.0046938
37 33     -0.0030036      0.0064992
37 34     -0.0032426     -0.0152512
37 35      0.0031262       0.014027
37 36       -0.01664     -0.0043136
37 37      0.0072916     -0.0057786
38  0      0.0024653              0
38  1      -0.006584     0.00148052
38  2      -0.012257      0.0125192
38  3     -0.0169188       0.009027
38  4      0.0194586     -0.0055784
38  5     -0.0177608      0.0062438
38  6     -0.0076114      0.0116508
38  7     0.00144328      0.0067782
38  8      0.0125844       0.037506
38  9     -0.0059654     -0.0153886
38 10     -0.0066038       0.030334
38 11     -0.0073236      0.0010666
38 12     -0.0036858     0.00110588
38 13     -0.0103706       0.027544
38 14      -0.010025     -0.0126064
38 15    0.000106336       0.021746
38 16      -0.030224        0.02463
38 17      0.0082266       0.023078
38 18       0.013283     -0.0067784
38 19    -0.00194586     -0.0069736
38 20          0.022       0.031378
38 21     -0.0047616     0.00122054
38 22     -0.0089728      -0.022526
38 23      0.0090686     -0.0171848
38 24      -0.023588        0.01283
38 25      0.0065036         0.0216
38 26       0.022062       0.012248
38 27      0.0099838      0.0035232
38 28        0.03429      0.0114936
38 29      0.0147358      0.0060156
38 30    -0.00119474       0.006588
38 31      0.0051188     -0.0074092
38 32      -0.008946     -0.0011602
38 33      -0.012672       0.020792
38 34      -0.022406      0.0052748
38 35     -0.0027802      -0.021042
38 36     -0.0022396      0.0119218
38 37       0.024196      0.0108464
38 38     -0.0123304     -0.0150412
39  0      -0.000926              0
39  1      0.0127218       0.003521
39  2     -0.0101236       0.036394
39  3     -0.0115166      0.0097618
39  4       0.025372      0.0033244
39  5      0.0157576      0.0035846
39  6     -0.0007083      0.0057138
39  7     -0.0097136     -0.0119656
39  8      0.0118112      0.0166656
39  9      -0.026754         0.0087
39 10      -0.021494      0.0097066
39 11     -0.0071986       0.004264
39 12     -0.0160084      0.0074536
39 13     -0.0006583      0.0113214
39 14       -0.00536      0.0049144
39 15     -0.0059612      0.0181454
39 16     -0.0185468       0.008962
39 17     -0.0006665      -0.006784
39 18      0.0048036       0.002447
39 19     -0.0175896     -0.0026664
39 20      0.0143378      0.0041186
39 21      0.0145002      0.0109462
39 22      -0.010049     -0.0033518
39 23      -0.026532       0.002369
39 24      0.0159452      0.0080082
39 25     -0.0026062      0.0174236
39 26      0.0080156       0.017472
39 27       0.006512     -0.0182198
39 28      0.0093294     -0.0020678
39 29       0.019518     0.00032458
39 30      0.0099952      -0.024234
39 31     -0.0142758     -0.0018925
39 32      0.0110142     -0.0084746
39 33       0.000678     -0.0065212
39 34      -0.020366      0.0160824
39 35      -0.018696     -0.0097082
39 36    -0.00081614     -0.0090794
39 37    -0.00110374     -0.0133724
39 38       0.020144       0.011267
39 39     -0.0149708      0.0082046
40  0     -0.0032832              0
40  1      0.0169278         0.0067
40  2      0.0020246      0.0018999
40  3       0.005675      -0.015062
40  4      -0.002465      0.0021288
40  5      0.0059514      0.0045168
40  6     -0.0107338     -0.0044798
40  7      0.0097762     -0.0081104
40  8       0.034764        0.01651
40  9      0.0112864      -0.002328
40 10     -0.0160894      0.0093906
40 11       0.017746     -0.0073742
40 12     -0.0007851      0.0038442
40 13     -0.0043188      0.0092796
40 14      0.0112976     -0.0077084
40 15      0.0140332      0.0069714
40 16      -0.009788       0.014222
40 17      0.0101986      -0.005038
40 18       0.032018     -0.0181418
40 19     -0.0148266       0.004903
40 20      0.0135196     -0.0110666
40 21      0.0045022    -0.00038478
40 22      0.0115464     -0.0058116
40 23      -0.006885       0.012193
40 24      0.0166344     -0.0028286
40 25     -0.0133884      0.0028828
40 26       0.022458      0.0098984
40 27     0.00035776     -0.0035424
40 28      -0.026798      0.0097544
40 29      0.0158542      0.0028762
40 30     -0.0100894      -0.025428
40 31       -0.00716     -0.0120668
40 32    -0.00161346    -0.00032328
40 33      0.0197034     -0.0126732
40 34    -0.00021288     -0.0154276
40 35     -0.0048386      0.0070938
40 36      -0.024142       0.020942
40 37      0.0092412     -0.0055906
40 38      0.0091844      -0.037622
40 39      -0.008428      0.0021722
40 40     -0.0009596      -0.012244
