 0  0         2.5821              0
 1  0        -1.7474              0
 1  1         1.1384        1.93366
 2  0       -0.60778              0
 2  1         2.1014          3.699
 2  2         4.3788        -0.2208
 3  0        0.84632              0
 3  1       -1.16536        1.26538
 3  2        1.57772        -2.0862
 3  3        1.90664         3.0422
 4  0       -0.10876              0
 4  1       -1.66434       -0.84058
 4  2        0.80834       -0.69126
 4  3        1.98724       -0.72716
 4  4      0.0083668       -0.33326
 5  0        0.83506              0
 5  1       -1.35996       -1.01956
 5  2       -1.28746         0.2291
 5  3        0.82166        -0.6942
 5  4       -0.63602       -1.46184
 5  5       -0.66074      -0.040092
 6  0       -0.45465              0
 6  1        0.05214       -0.31392
 6  2       -1.04094        1.60312
 6  3       -0.24122       -0.09905
 6  4        -0.9336        1.17362
 6  5       -1.69898       -0.85796
 6  6       -0.62194        0.05313
 7  0      -0.045689              0
 7  1        0.42718      -0.074348
 7  2        -0.5524        0.14033
 7  3        0.37986       -0.47764
 7  4       0.113888        0.56962
 7  5       -0.19272        1.25864
 7  6         0.9043       -0.80154
 7  7        0.05604       -0.57756
 8  0       -0.36629              0
 8  1        0.07082         0.4839
 8  2       -1.46242       -0.22776
 8  3       -0.29356        0.26358
 8  4        0.63914       -0.45824
 8  5      -0.063956        0.47846
 8  6       -0.41906        -0.3759
 8  7        1.47476        0.58818
 8  8        0.61676        0.34636
 9  0         0.6193              0
 9  1        0.61958        1.06222
 9  2       0.114146      -0.150616
 9  3       -0.81722      -0.186304
 9  4        0.25816       -0.28644
 9  5        0.32118       0.102786
 9  6        0.28406       -0.91012
 9  7       -0.15725       -1.59354
 9  8       -0.92558       -0.71682
 9  9       -0.29972       0.130418
10  0        0.32944              0
10  1        0.46444       -0.56956
10  2         0.8471      -0.094638
10  3       0.170672       -0.28344
10  4        0.52504     -0.0102258
10  5      -0.047932       0.083572
10  6        0.32462        0.27834
10  7       -0.18197       0.124714
10  8        -0.5901        0.21954
10  9       0.118424        0.27166
10 10       -0.46662         0.2948
11  0        0.47902              0
11  1        0.34458      -0.077674
11  2       0.034972       0.104356
11  3       -0.32016       -0.50984
11  4     -0.0024944        0.28588
11  5         0.3938        0.62664
11  6       0.028442       0.199966
11  7       -0.48502       -0.35434
11  8       -0.22454       -0.33602
11  9       -0.28526         0.9202
11 10       0.091446       0.089218
11 11       -0.22618     -0.0176412
12  0      -0.048957              0
12  1         -0.285       -0.24078
12  2        0.12359       -0.37392
12  3       0.091046       -0.39026
12  4       -0.29224        0.39406
12  5       0.072632      -0.199044
12  6      -0.199106        0.33958
12  7       -0.21804        0.20552
12  8       -0.29388      -0.079712
12  9        0.46816        0.31176
12 10       -0.11145         0.6426
12 11         0.3245       0.176734
12 12         0.2859       0.073488
13  0       -0.28965              0
13  1      -0.160298         0.0438
13  2      -0.150132        0.42464
13  3        -0.5179        0.37752
13  4        0.13703       0.028696
13  5        0.45466       -0.53122
13  6       0.091022       0.054224
13  7       0.157204       -0.34374
13  8       0.114172       -0.24522
13  9        0.30008        0.33724
13 10        0.35622        0.40042
13 11      -0.186814       -0.39646
13 12        0.29636        -0.2412
13 13        -0.4826         0.5015
14  0       0.041294              0
14  1        -0.2218        0.55306
14  2        0.44598        0.20822
14  3        0.25216        0.33082
14  4      -0.168332         0.2089
14  5       0.057136        0.34426
14  6        0.62106       -0.22054
14  7         0.2471       0.160172
14  8       0.097142       -0.28598
14  9         0.4218        0.39462
14 10        0.10723       0.086762
14 11        0.12566        -0.7458
14 12       0.028258       0.177616
14 13        0.16065       0.054252
14 14         0.2415         0.3582
15  0       -0.13327              0
15  1      -0.030168       0.113676
15  2       0.115358      0.0152176
15  3        0.65408        0.32974
15  4       0.141436       0.079002
15  5       -0.05907       0.065372
15  6      0.0095602       0.112458
15  7         0.3924         0.4808
15  8        0.30004      -0.181034
15  9       0.154446       0.084172
15 10       -0.23986      -0.134918
15 11       0.082038      -0.031826
15 12      -0.079728       -0.46362
15 13      -0.036546      -0.115464
15 14      -0.052494       0.020794
15 15       0.071984        -0.2146
16  0        0.28068              0
16  1       0.124248       0.156752
16  2       0.064464      -0.105658
16  3       -0.30628       -0.30696
16  4       0.178582      -0.124978
16  5       0.150128      -0.020726
16  6        0.34178        0.20124
16  7      -0.045358       0.039044
16  8      -0.027462       0.034242
16  9       -0.24966      -0.161476
16 10       -0.25384       -0.03895
16 11        0.19097        0.35432
16 12     -0.0040752      -0.176698
16 13       0.172842      0.0181926
16 14        0.16019        0.39986
16 15         0.4441       -0.04441
16 16      -0.049106      -0.039504
17  0        0.13096              0
17  1      0.0023994       -0.31576
17  2        0.21614       0.032608
17  3        0.27646        0.02745
17  4       0.161748       0.145964
17  5       -0.54626      -0.145726
17  6       0.060218       -0.21502
17  7       0.147616       0.009177
17  8       -0.29402       0.064012
17  9      -0.199992        -0.2043
17 10       0.157062       -0.33594
17 11       -0.33868        0.68368
17 12        -0.2191       -0.20402
17 13         0.1548      -0.194376
17 14     -0.0085264      -0.030158
17 15      -0.150458        0.30048
17 16        0.48838       -0.29648
17 17      -0.144084       -0.30406
18  0       -0.01627              0
18  1        0.04904       -0.41722
18  2       -0.28488       -0.23052
18  3      -0.153428       0.057944
18  4        -0.3294       0.152062
18  5      -0.038018      -0.132756
18  6       0.070938      -0.155528
18  7      -0.166386      -0.064172
18  8      -0.043696       0.162212
18  9       -0.27552      -0.072328
18 10      0.0186322       0.167974
18 11       0.023378       0.121188
18 12      -0.039546     -0.0072598
18 13     0.00066428       -0.22136
18 14       -0.05376     -0.0181166
18 15        0.07907       -0.24856
18 16      -0.141044     0.00188298
18 17       0.059518     -0.0137882
18 18       0.039372       -0.31332
19  0        -0.0821              0
19  1       -0.02594       0.029946
19  2       -0.25598      -0.151702
19  3      -0.028342       0.144212
19  4      -0.064186      -0.197992
19  5       0.195672        0.24514
19  6      -0.179228      -0.028642
19  7      -0.100534     -0.0158938
19  8     -0.0052268       0.121276
19  9       -0.12548       0.033768
19 10        0.18999      -0.169442
19 11        0.21154      -0.077706
19 12       0.122062       0.183254
19 13       0.186456     -0.0147344
19 14      -0.060798      -0.028956
19 15       0.055356       0.047342
19 16       -0.24526       -0.05364
19 17      -0.148668        -0.2315
19 18       -0.38934       0.113906
19 19       -0.23484       0.081144
20  0      0.0035151              0
20  1      0.0027504       0.077682
20  2       -0.04536       0.044556
20  3       0.042796         0.2097
20  4      -0.148556       -0.05897
20  5        0.22188      -0.092734
20  6      -0.136142       0.068702
20  7      -0.089274        0.28358
20  8       0.102364       0.135662
20  9        0.27746     -0.0034156
20 10      -0.123436        0.20888
20 11        0.15182      -0.081836
20 12       0.140078       0.149984
20 13       0.042118      -0.180112
20 14       0.163362       0.094006
20 15       0.030092        -0.2068
20 16      -0.093926        0.23066
20 17       -0.09507       0.051364
20 18       -0.21888       0.134984
20 19        -0.2571       0.055378
20 20       -0.31722        0.07259
21  0       0.019952              0
21  1       0.089574         0.4524
21  2        0.16323      -0.003514
21  3       0.073374         0.2392
21  4     -0.0166006         0.2113
21  5       0.082464      -0.034996
21  6       0.098144       0.014876
21  7       0.112402      -0.086338
21  8         0.2465        0.20912
21  9       0.035994       0.155296
21 10         0.2034      0.0182314
21 11       0.106826       -0.43918
21 12      -0.126514       0.050262
21 13       -0.02478      -0.026922
21 14        -0.2338      -0.117024
21 15       0.165146      -0.196788
21 16      -0.169656      -0.112064
21 17      -0.184842        0.22254
21 18      -0.096478      -0.076918
21 19      -0.129698       0.151844
21 20       0.033458        0.09142
21 21      -0.185296      -0.084336
22  0       0.026665              0
22  1        0.12294        0.21708
22  2       0.183944      -0.020696
22  3       0.126136      -0.038258
22  4        0.20448      0.0196448
22  5       -0.20218      -0.177334
22  6      -0.114658      -0.031672
22  7       0.058428      -0.143528
22  8       0.107764     -0.0066462
22  9         0.0751        0.26704
22 10       -0.18922       -0.07624
22 11      -0.052496       -0.24198
22 12      -0.154418      -0.198716
22 13       -0.26786        0.18555
22 14      -0.168146       0.103816
22 15      -0.020288      -0.139188
22 16      -0.004032       0.036478
22 17      -0.119738       0.017823
22 18       0.116494       0.194046
22 19       0.044484      -0.033322
22 20      -0.138566       0.022682
22 21       0.170464         0.2039
22 22       0.027718       0.004372
23  0       0.031182              0
23  1     0.00190372        0.02034
23  2       0.138588     8.0392e-05
23  3       0.025684      -0.182326
23  4        0.22482      -0.042468
23  5       0.044092      -0.174766
23  6       0.021048      -0.040756
23  7      -0.115304      -0.165068
23  8      -0.142602       -0.28016
23  9       0.181192       -0.05885
23 10       -0.37076      -0.112844
23 11      -0.027656      0.0161938
23 12      -0.048418       -0.32494
23 13      -0.055464     0.00027548
23 14       -0.12706      -0.172914
23 15       0.041878       -0.09929
23 16       0.026872      -0.033514
23 17       -0.13363       0.068338
23 18        0.14718        -0.0374
23 19     -0.0197472       0.042038
23 20      -0.028878      0.0133886
23 21       0.086978       -0.02288
23 22         0.2824      -0.050038
23 23       0.105796         0.2498
24  0       0.081991              0
24  1     -0.0165584      -0.029704
24  2        0.02243        0.13182
24  3     -0.0166858      -0.149588
24  4      -0.044586      -0.027056
24  5      -0.173308      -0.146136
24  6       -0.09712       -0.08074
24  7        0.19034      -0.092184
24  8       -0.21474      -0.027372
24  9      -0.160918        0.03868
24 10      -0.113502      -0.069688
24 11       -0.04466     -0.0086552
24 12      -0.083958       0.124838
24 13       -0.04127      -0.041466
24 14       0.143576      -0.096824
24 15       0.118332       -0.14819
24 16      -0.087728       0.063228
24 17       0.060254       0.034114
24 18        0.13267       0.035144
24 19       -0.04392      0.0021574
24 20       0.020284       0.040818
24 21      -0.043638      -0.133132
24 22       -0.22222       -0.10134
24 23       0.031772      0.0191766
24 24      0.0075324      -0.036058
25  0     -0.0034743              0
25  1        0.04427       -0.22174
25  2       -0.21366        0.07548
25  3      -0.086046      0.0147926
25  4      -0.030398       0.083504
25  5        0.05615      -0.053446
25  6       -0.25658      -0.084072
25  7       0.054576      -0.074606
25  8     -0.0101352      -0.033962
25  9       -0.20158       0.190956
25 10     -0.0097084       0.192246
25 11      -0.044612       0.139196
25 12     -0.0021204      -0.161952
25 13      -0.132832      -0.137772
25 14       0.079574        0.19383
25 15      0.0154396      -0.196002
25 16       0.154456       0.025102
25 17     -0.0156672       0.080238
25 18       -0.12955       0.021828
25 19       0.041278      -0.107416
25 20     0.00067766        0.08945
25 21       0.035946       0.062368
25 22        0.10883        0.05334
25 23       0.012225     0.00028678
25 24      -0.032704      -0.034712
25 25        0.12248        -0.2357
26  0     -0.0038838              0
26  1      -0.012162       0.116908
26  2      -0.060874       -0.12536
26  3      -0.025246       0.073974
26  4       -0.14598       0.096712
26  5       0.044064       0.049372
26  6      0.0184848      -0.068166
26  7      -0.074394      -0.059592
26  8       0.083774      -0.097612
26  9      -0.054592       0.054984
26 10        0.27052       0.050286
26 11       -0.02521        0.21018
26 12       0.134272      -0.098126
26 13      -0.121712      -0.054088
26 14       -0.07458     -0.0127914
26 15      -0.189566      -0.058312
26 16       0.112484      -0.128738
26 17      -0.105002       0.027492
26 18      -0.087796       0.081636
26 19      -0.054792      -0.034296
26 20      -0.029388       0.077048
26 21       0.126252       -0.05181
26 22       -0.13739       -0.17758
26 23        0.06516        0.05613
26 24       0.108168       -0.20296
26 25      -0.045856       -0.06316
26 26       0.051158      -0.054148
27  0      0.0015202              0
27  1       -0.09259       0.160452
27  2      -0.038688       0.049772
27  3       0.124162       0.065836
27  4       -0.05612      -0.112024
27  5       0.029664       0.086658
27  6      -0.051404       0.025434
27  7       0.038684       0.022252
27  8        0.05601      -0.037548
27  9      -0.106564       -0.04429
27 10       0.120632       0.124386
27 11       0.021446       0.107458
27 12       0.028074        0.02542
27 13       0.093832       -0.20242
27 14      -0.155912       0.023206
27 15       0.019771      -0.033272
27 16       -0.02604      -0.107392
27 17     -0.0026252       0.043808
27 18      -0.030204        0.08398
27 19      -0.057376       0.056918
27 20       0.079304      -0.109828
27 21       0.076816     -0.0197106
27 22       0.058424       -0.15104
27 23      -0.050432       0.029628
27 24        0.06321     -0.0110346
27 25       0.025696      -0.018071
27 26     -0.0037612       0.121214
27 27       0.025808      -0.091844
28  0       0.042885              0
28  1        0.02119        0.04159
28  2       0.065072       0.063812
28  3       0.100192        0.20916
28  4       0.031928        0.03026
28  5       0.090942     -0.0147566
28  6      0.0037354      -0.102216
28  7      -0.072272       0.065246
28  8        0.05292        0.12854
28  9        0.02406      -0.019229
28 10      0.0083452      0.0160582
28 11      -0.023558     -0.0147284
28 12     -0.0128076       0.061932
28 13       0.147316      -0.030996
28 14     -0.0088994      0.0064894
28 15      -0.113618        -0.2011
28 16     -0.0146036       0.064062
28 17        0.17292       0.102732
28 18       0.084434       0.038484
28 19      -0.036208      0.0128704
28 20     -0.0085562      -0.056386
28 21       0.005118      0.0133114
28 22       0.052858       0.026934
28 23        0.09166      -0.064088
28 24       0.077972       0.142652
28 25      -0.103366       -0.17416
28 26      -0.102388      -0.063128
28 27       0.051572        0.21062
28 28      -0.045572       -0.04347
29  0       0.046122              0
29  1       0.031768       -0.02916
29  2        0.03144      -0.005339
29  3       0.026628       -0.05393
29  4        0.02602       0.079928
29  5      -0.102678     -0.0082648
29  6       0.126656      -0.089822
29  7      -0.150326      -0.048158
29  8       0.028524       0.024248
29  9       0.035786      -0.028636
29 10      -0.130244       0.074606
29 11      -0.007649       -0.04646
29 12      -0.123738       0.154706
29 13      -0.066784      -0.050546
29 14      -0.079164       0.080578
29 15       0.111604      -0.180104
29 16      -0.132626       -0.04004
29 17       0.098006      0.0057104
29 18       -0.12738       0.125398
29 19      -0.050792       0.141108
29 20      -0.065294      -0.021196
29 21       0.037668      0.0020792
29 22       0.036734        0.03506
29 23        0.03057      0.0142358
29 24      0.0146568      -0.058208
29 25      0.0076798      0.0193808
29 26     -0.0062766      -0.101162
29 27      0.0067476     0.00082046
29 28      -0.048532       0.029324
29 29       0.041102       -0.06418
30  0      -0.024093              0
30  1      -0.040368       0.032504
30  2       0.064268     -0.0088624
30  3      -0.049314      -0.070742
30  4      0.0068572         0.0257
30  5      -0.023066      -0.021454
30  6      0.0185702       0.132726
30  7      -0.113696      -0.051394
30  8      -0.128444       -0.05688
30  9       0.055132      -0.064414
30 10      0.0046808       0.091268
30 11     -0.0138002        0.08496
30 12        0.09216      0.0062722
30 13       -0.04362      -0.162482
30 14        0.12919       0.038778
30 15      -0.109766        -0.0277
30 16       0.122916      -0.086318
30 17      0.0020784      -0.097172
30 18      -0.027338      -0.026792
30 19       -0.11447      -0.008158
30 20      -0.058934      -0.038484
30 21    -0.00186304      -0.049268
30 22      -0.065174        -0.0752
30 23       0.051618      -0.022374
30 24      -0.083722       0.020404
30 25      -0.039926      -0.104966
30 26      0.0077824       -0.07618
30 27        0.09109       0.012791
30 28       0.080846      -0.058382
30 29      0.0047986      -0.020104
30 30      -0.018167       -0.02807
31  0       -0.01425              0
31  1      -0.067744      -0.104788
31  2      -0.063496      -0.107766
31  3      -0.021556      0.0078882
31  4      -0.181572       -0.07498
31  5      -0.052678       0.062224
31  6      -0.035788       0.077124
31  7      0.0082278        0.04767
31  8      -0.113446       0.089334
31  9       0.021816     -0.0146378
31 10     -0.0152898       -0.05541
31 11      -0.052378       0.097908
31 12       0.088162       0.072732
31 13       0.109362    -0.00118654
31 14       0.016018      -0.185206
31 15     -0.0172178      -0.085624
31 16       0.022012      -0.087178
31 17        -0.0627       0.057598
31 18       0.103368       0.032776
31 19      -0.050686      -0.040904
31 20      -0.140068      0.0063958
31 21      -0.056116      -0.010842
31 22      -0.062626      -0.051798
31 23       0.035164       -0.04119
31 24      0.0149594        0.06738
31 25      -0.124256      -0.026908
31 26      -0.055804     -0.0187654
31 27      -0.023876       0.059486
31 28       0.037032       0.093676
31 29       -0.05917     -0.0134598
31 30     -0.0153208      -0.029608
31 31       -0.05165       -0.05586
32  0      -0.024772              0
32  1      -0.030806      -0.051822
32  2      0.0080106       -0.06788
32  3      -0.048334       0.048092
32  4      -0.056448       -0.00533
32  5      -0.026084       0.033708
32  6      -0.095532    -0.00072678
32  7        0.07562     -0.0044762
32  8     -0.0065658       0.083326
32  9     -0.0020736       0.060666
32 10      -0.033174        0.05465
32 11      -0.057236    -0.00080662
32 12       0.011182      -0.026718
32 13        0.08264       0.108608
32 14       0.041744      -0.094164
32 15       0.015168      -0.081264
32 16     -0.0040218       -0.08223
32 17      -0.030598       0.020658
32 18       0.017151       0.142582
32 19        0.03386       0.006299
32 20       0.025568      -0.083158
32 21      -0.032048      -0.013933
32 22       0.040822       0.009364
32 23       0.006245      0.0023962
32 24      0.0186102    -0.00049498
32 25     -0.0184858      -0.034626
32 26      -0.098242        0.02131
32 27      -0.101664       0.022118
32 28      -0.122496        0.14721
32 29      -0.117452       0.071758
32 30      -0.110718     -0.0034244
32 31      -0.038674       0.035556
32 32      0.0175536      -0.031294
33  0      -0.022639              0
33  1      0.0179076     -0.0041556
33  2     -0.0143902      -0.024348
33  3        0.03394       0.008225
33  4       0.031464      -0.055092
33  5       -0.02258        0.14724
33  6      0.0087504       0.026594
33  7      -0.066184      -0.029092
33  8       0.067166      -0.022228
33  9       0.048456       0.060896
33 10      -0.058924      -0.023994
33 11       -0.02612      -0.015061
33 12       0.041868      -0.091848
33 13      -0.102226      -0.066498
33 14        0.02877      -0.088954
33 15      -0.004295      -0.132084
33 16      -0.128166        0.04804
33 17        0.07349      -0.073562
33 18       0.054064     -0.0024842
33 19      -0.030082      0.0198126
33 20       0.031824       0.025698
33 21      -0.095644      -0.062808
33 22      0.0111034       0.064042
33 23      0.0180382     -0.0087154
33 24      -0.083874       -0.10365
33 25       0.050608      0.0106398
33 26       0.072784       0.033992
33 27      -0.071728      0.0131352
33 28      -0.046958       0.069206
33 29      0.0083688      0.0195872
33 30      -0.047818      -0.023802
33 31      -0.067572        0.02384
33 32     -0.0181566     -0.0107856
33 33       0.011228      0.0002542
34  0        0.02462              0
34  1      -0.040626        0.07092
34  2       0.016226      -0.025288
34  3       0.126436        0.06003
34  4       0.053918      -0.130968
34  5      -0.025932      -0.029102
34  6       0.021002       0.020134
34  7       0.035112      -0.101296
34  8      -0.046486      -0.056792
34  9       0.038176         0.0313
34 10       0.140308      -0.014534
34 11       -0.00375       -0.04068
34 12      -0.025248       0.021118
34 13      -0.091946      -0.161138
34 14      -0.052656     -0.0070286
34 15       0.048058      -0.050374
34 16      0.0041996      -0.023372
34 17      0.0137716      0.0194072
34 18       0.036942      0.0102126
34 19        0.03853      -0.054006
34 20      -0.025844       0.028478
34 21      -0.030744     -0.0140958
34 22        0.11151       -0.05149
34 23     -0.0103348     -0.0130936
34 24       0.020778       0.033548
34 25       0.029788        -0.1193
34 26      0.0148916        0.03257
34 27    -0.00153558       0.045884
34 28     -0.0101762       0.049152
34 29       0.106382       0.029554
34 30        0.15468       0.104984
34 31      -0.034858         0.0254
34 32      -0.061216       0.104674
34 33       -0.03551       0.020546
34 34      -0.038112      0.0195082
35  0      0.0022821              0
35  1     0.00112984      -0.021394
35  2     -0.0196822      0.0042712
35  3      0.0092064       0.052066
35  4       0.116002      -0.036848
35  5     0.00132266      -0.123174
35  6       -0.06366      0.0042638
35  7       0.049612      -0.025858
35  8       -0.03129      -0.087732
35  9      -0.060318     -0.0125528
35 10       0.075616       0.034152
35 11       0.043692    0.000102486
35 12      -0.026454       0.062594
35 13      -0.054694      0.0190056
35 14        0.02454       0.070256
35 15      -0.066796      -0.021128
35 16       0.059922     -0.0171418
35 17      -0.020606      -0.070828
35 18        0.06152       0.063486
35 19       0.053004       0.022078
35 20     -0.0100426      -0.043084
35 21      -0.035162      0.0153168
35 22     -0.0175776       -0.05386
35 23      -0.057912      -0.055656
35 24      -0.092634     -0.0038328
35 25       0.029974     -0.0188308
35 26       0.021896     -0.0067214
35 27      -0.029904      -0.085054
35 28      -0.061834      0.0138248
35 29        0.02721       0.149274
35 30       0.027986        0.00339
35 31       0.052646       0.038702
35 32      0.0108922       0.122948
35 33       0.072632       0.033944
35 34       0.052704       0.015137
35 35      -0.040584      -0.009882
36  0      0.0073902              0
36  1       0.108912      -0.090566
36  2      -0.025108       -0.05049
36  3      -0.074324      -0.029194
36  4      0.0030714      -0.038756
36  5       0.098284      -0.025152
36  6      -0.048016      -0.113494
36  7      -0.018577        0.05415
36  8      -0.051892      -0.113252
36  9      -0.035588       0.055216
36 10      -0.092954      0.0176442
36 11      -0.023206       0.024582
36 12      -0.023516       0.028194
36 13      -0.102418      0.0106562
36 14      -0.047412        0.07767
36 15      -0.052438      -0.057142
36 16       0.091606       0.041002
36 17      -0.078012      -0.045964
36 18       0.033832      -0.025206
36 19     -0.0127538      0.0130746
36 20      -0.032272       0.029546
36 21       0.082402        -0.1438
36 22      -0.069002     -0.0061752
36 23       0.026282       0.069508
36 24     -0.0082606      -0.039376
36 25       0.025916       -0.06814
36 26     0.00071414       0.092414
36 27      -0.023164       0.028404
36 28       0.040208        0.03712
36 29      -0.011234     -0.0174416
36 30     -0.0107454      0.0133596
36 31        0.03843      -0.022664
36 32       0.023242       -0.05194
36 33       0.099286       0.068146
36 34       0.070098       -0.04427
36 35      0.0065378      -0.045464
36 36       0.037058       0.055448
37  0      -0.055179              0
37  1       0.036088      -0.042806
37  2      -0.023412      0.0113724
37  3       -0.09923       -0.03323
37  4      -0.030064       -0.02605
37  5      0.0032686       0.042276
37  6      0.0023322       0.024166
37  7      -0.055848       0.076416
37  8      -0.047806     -0.0115038
37  9     0.00134856      -0.034254
37 10      0.0135688      0.0157448
37 11          0.034        0.04398
37 12     -0.0047944    -0.00068132
37 13      0.0128684      -0.052222
37 14      -0.044786      0.0164572
37 15      0.0098462       0.023116
37 16      0.0190978       0.036506
37 17       0.066818      -0.091658
37 18      -0.021272     -0.0096448
37 19       0.009162     -0.0189212
37 20       0.067496     -0.0029754
37 21       0.066318      -0.053148
37 22      0.0195626     -0.0123454
37 23       0.073262      0.0022512
37 24       0.045922       0.030442
37 25      0.0094834      -0.053246
37 26     0.00118184     -0.0160068
37 27       0.031614       0.027484
37 28     -0.0137972        0.05583
37 29      -0.021738     -0.0093374
37 30       0.052768      -0.051278
37 31       0.056476       -0.01005
37 32      -0.007186      -0.060688
37 33       0.022272      -0.092284
37 34     -0.0159254      -0.010964
37 35     -0.0095062       -0.08678
37 36     -0.0059598     -0.0197464
37 37       0.072954       0.060048
38  0      -0.012961              0
38  1      -0.022344      0.0185648
38  2      -0.075248     0.00076292
38  3      -0.034026       0.071746
38  4       0.006068      -0.037296
38  5      0.0192848      0.0082016
38  6      -0.056594       0.040318
38  7      -0.053174       0.077304
38  8      -0.064962      -0.030754
38  9       0.021468      -0.031126
38 10       0.037922      -0.034934
38 11        0.05806        0.09222
38 12       0.032632     -0.0144534
38 13      0.0147556      0.0165944
38 14      -0.061432       0.023298
38 15       0.005929      -0.021874
38 16      -0.086116       0.034854
38 17       0.044482      0.0155236
38 18      -0.018736      0.0111618
38 19       0.030314       0.013027
38 20      0.0175572       0.036784
38 21     -0.0109736      0.0083188
38 22       0.034798      -0.037354
38 23     -0.0082458      -0.089126
38 24        0.13325      0.0156558
38 25      -0.023704        0.03372
38 26       0.021522      -0.070636
38 27       0.022354        0.03949
38 28       0.029636      -0.030378
38 29      -0.033216       0.056394
38 30    -0.00087442      -0.033312
38 31       0.055772        -0.0374
38 32     -0.0006435      0.0094588
38 33      0.0150738      0.0081458
38 34    -3.1032e-05        0.02822
38 35      -0.040476      -0.034638
38 36      -0.054122       -0.03016
38 37     -0.0026048      -0.026832
38 38     -0.0095616      -0.074778
39  0     -0.0078786              0
39  1       0.075548         0.0567
39  2      0.0114974        0.03334
39  3      -0.032382       0.028244
39  4       0.029322       -0.03149
39  5       0.076578      0.0164818
39  6    -0.00018962       -0.06639
39  7       -0.00121         0.0464
39  8       0.048178      -0.019247
39  9     -0.0115726      0.0070812
39 10       0.083764       -0.02006
39 11       0.033336      -0.002421
39 12       0.049868       0.022216
39 13       0.030138      0.0065672
39 14      -0.113494     0.00112912
39 15        0.02179       0.064654
39 16     -0.0073472      -0.035278
39 17      -0.038806      0.0145382
39 18     -0.0107948       0.073692
39 19     -0.0103104      0.0093564
39 20     -0.0086862      -0.038562
39 21      0.0173794       0.081978
39 22       0.067822       0.021204
39 23      -0.084236     0.00124458
39 24       0.003684     -0.0027352
39 25      0.0063406     -0.0147266
39 26      -0.022888       -0.08496
39 27      -0.032536      0.0131646
39 28       0.052018      -0.072162
39 29       0.030412      -0.022282
39 30       -0.03715      0.0149704
39 31    -0.00122996       0.021498
39 32       0.034836         -0.078
39 33      -0.070638     -0.0171386
39 34      -0.066898      0.0108732
39 35      -0.026878       -0.02279
39 36      -0.050386      -0.047462
39 37      -0.025572      -0.050464
39 38      -0.020836     -0.0132018
39 39        -0.0225       -0.08389
40  0      -0.061531              0
40  1      -0.040898      0.0189482
40  2        0.05461     -0.0068182
40  3        0.02562       0.031458
40  4      -0.060974      -0.029192
40  5      0.0013617       0.027946
40  6       0.017047      -0.047764
40  7      -0.034908      -0.063824
40  8       0.069482     -0.0057518
40  9       0.023068       0.022194
40 10      -0.040764      -0.022094
40 11       0.001144      -0.048184
40 12       0.009232      -0.050564
40 13       0.031384       0.034992
40 14      -0.020288      -0.037928
40 15      -0.069006      -0.028628
40 16      -0.029568      -0.007822
40 17       0.029986         0.0226
40 18       0.041922       -0.04716
40 19      0.0084498        0.05336
40 20       0.108164     -0.0070846
40 21      -0.066056        0.04696
40 22      0.0105276      -0.053202
40 23       0.002832       -0.01734
40 24    -0.00158084     -0.0181304
40 25      -0.087518     -0.0176416
40 26        0.03865      -0.052918
40 27     -0.0106998      -0.022808
40 28      -0.048184       0.047684
40 29       0.049308      -0.011359
40 30      0.0127984      0.0053052
40 31      -0.028348      0.0121486
40 32       0.025828       0.004511
40 33     -0.0194754      -0.030558
40 34      -0.059842      -0.050228
40 35      -0.020546      -0.054868
40 36       -0.05738     -0.0124196
40 37       0.009497       0.034224
40 38      -0.041422      -0.092576
40 39     -0.0076014       0.090412
40 40      -0.039224      -0.055812
