 0  0         2.7294              0
 1  0        -1.3762              0
 1  1        0.81172         1.6244
 2  0       -0.40066              0
 2  1        1.96248         3.4596
 2  2         4.1132       -0.36926
 3  0        0.78323              0
 3  1       -1.15738         1.0779
 3  2        1.28474       -1.78132
 3  3        1.91938          2.771
 4  0      -0.025293              0
 4  1       -1.57056       -0.74102
 4  2        0.47778       -0.49378
 4  3        1.92002       -0.69002
 4  4        0.03335        0.02383
 5  0        0.62104              0
 5  1        -1.3362       -0.97214
 5  2        -1.4489       0.189926
 5  3        0.85172       -0.70284
 5  4       -0.20722        -1.6201
 5  5       -0.74592        -0.2322
 6  0       -0.38451              0
 6  1       0.120854      -0.139234
 6  2       -1.07418        1.55318
 6  3       -0.24998       -0.27274
 6  4       -0.80738        1.11922
 6  5       -1.71368       -0.76566
 6  6       -0.54852       0.154526
 7  0      -0.087593              0
 7  1        0.45904       -0.19564
 7  2       -0.51166       0.132828
 7  3        0.38976       -0.49274
 7  4       0.096638         0.6405
 7  5      -0.121778         1.2553
 7  6        0.84792       -0.86708
 7  7       0.132912       -0.49992
 8  0       -0.37952              0
 8  1        0.08354        0.51322
 8  2       -1.46916       -0.23224
 8  3       -0.33408        0.21124
 8  4        0.62494       -0.38014
 8  5      -0.018742          0.451
 8  6       -0.44136       -0.30994
 8  7        1.32304        0.56668
 8  8        0.59184        0.26294
 9  0         0.5313              0
 9  1        0.58126        0.96542
 9  2       0.036038      -0.094314
 9  3       -0.85486      -0.180872
 9  4        0.25546       -0.24588
 9  5        0.39292       0.080344
 9  6        0.26042       -0.88724
 9  7       -0.22372       -1.54894
 9  8       -0.84012       -0.65612
 9  9        -0.2429       0.074772
10  0        0.24615              0
10  1        0.42236       -0.45412
10  2        0.76558      -0.079368
10  3       0.161588       -0.25622
10  4        0.46524     -0.0102002
10  5      -0.092598        0.04268
10  6        0.25144        0.30948
10  7      -0.194938       0.115988
10  8       -0.56744        0.24958
10  9       0.089396        0.30314
10 10        -0.4418        0.29636
11  0        0.44632              0
11  1        0.27746     -0.0055246
11  2     -0.0034132       0.070616
11  3       -0.33354       -0.54096
11  4      -0.030874         0.2986
11  5         0.4022         0.6006
11  6       0.095596       0.143674
11  7       -0.47654       -0.32386
11  8       -0.20042       -0.27572
11  9      -0.146494           0.89
11 10       0.090764       0.073694
11 11       -0.23452       0.073232
12  0      -0.051986              0
12  1       -0.23806      -0.187832
12  2       0.160826       -0.42846
12  3       0.094364       -0.33426
12  4       -0.31626        0.41936
12  5       0.049604       -0.24778
12  6      -0.183118        0.33744
12  7      -0.161148        0.23288
12  8        -0.3024      -0.128382
12  9        0.46116        0.31634
12 10      -0.140464          0.643
12 11        0.26988         0.2134
12 12        0.25618        0.07855
13  0       -0.28852              0
13  1      -0.193302      -0.022882
13  2       -0.14331        0.39166
13  3       -0.51546        0.35646
13  4         0.1456        0.05926
13  5        0.43902       -0.46128
13  6       0.083676       0.036852
13  7       0.141222       -0.34772
13  8       0.079334        -0.2696
13  9        0.30282         0.3039
13 10        0.33606        0.35684
13 11       -0.23344        -0.3393
13 12        0.34808       -0.24382
13 13       -0.46306        0.50102
14  0     -0.0033089              0
14  1       -0.23776         0.5251
14  2        0.44994       0.147116
14  3         0.2669        0.34642
14  4      -0.169736       0.162388
14  5       0.057884        0.26928
14  6        0.65398       -0.20832
14  7        0.24512          0.126
14  8       0.093834       -0.29078
14  9        0.38526         0.3768
14 10       0.090894       0.063218
14 11       0.099972       -0.70184
14 12      0.0160948       0.123898
14 13        0.13402       0.048884
14 14         0.2389         0.3633
15  0       -0.14478              0
15  1      -0.095354       0.046978
15  2       0.064158       0.052648
15  3        0.64814        0.32576
15  4       0.156642       0.058224
15  5      -0.062016      0.0144028
15  6     -0.0038788       0.060408
15  7        0.35842        0.48508
15  8        0.28016      -0.189952
15  9        0.10777       0.100904
15 10        -0.2545       -0.09014
15 11       0.064998      0.0026484
15 12       -0.11017       -0.51364
15 13      -0.024058      -0.054644
15 14      0.0032816       -0.08291
15 15       0.024872       -0.21446
16  0        0.24756              0
16  1       0.155522       0.167284
16  2       0.058866      -0.118162
16  3       -0.25254       -0.30644
16  4       0.153502      -0.134062
16  5        0.11432      -0.040298
16  6        0.32408         0.2584
16  7      -0.100664      0.0068512
16  8      -0.018805       0.046826
16  9       -0.24712       -0.20598
16 10       -0.22452      -0.060326
16 11       0.188462        0.33566
16 12       0.030708       -0.17462
16 13       0.134148        0.02234
16 14        0.21344        0.36064
16 15        0.39788      -0.074572
16 16      -0.052104      -0.050406
17  0       0.081831              0
17  1      -0.024918       -0.27724
17  2       0.188714      0.0081694
17  3        0.25906       0.071326
17  4        0.18047       0.144366
17  5        -0.4858      -0.161356
17  6       0.079892       -0.18967
17  7       0.131036       0.020364
17  8       -0.27966        0.08079
17  9      -0.187052      -0.196254
17 10       0.187838       -0.29962
17 11        -0.2869        0.60434
17 12       -0.21416      -0.193066
17 13       0.144998        -0.2029
17 14       0.031574      0.0151054
17 15      -0.130214        0.29098
17 16        0.47584       -0.27184
17 17      -0.077382        -0.2989
18  0    -0.00024343              0
18  1       0.022358       -0.37668
18  2       -0.26266       -0.21666
18  3        -0.1393       0.069954
18  4       -0.33094       0.091568
18  5       -0.00998      -0.149888
18  6        0.09834      -0.109346
18  7       -0.11772      -0.070944
18  8       -0.03205       0.172092
18  9       -0.24442       -0.07206
18 10     -0.0067472       0.162884
18 11      0.0182066       0.128498
18 12      -0.041132      -0.033432
18 13        0.02628       -0.21006
18 14      -0.027088       -0.02942
18 15        0.07327        -0.2281
18 16      -0.133928       0.035154
18 17       0.046428     -0.0051664
18 18       0.085178       -0.29146
19  0      -0.097284              0
19  1      -0.032114     -0.0012029
19  2       -0.23162         -0.121
19  3     -0.0095378       0.166784
19  4      -0.038844      -0.188542
19  5       0.163428        0.21452
19  6      -0.149278      -0.013604
19  7      -0.063818     -0.0135442
19  8      0.0063836       0.124406
19  9      -0.082512       0.032596
19 10        0.21112      -0.160232
19 11       0.194424      -0.054808
19 12        0.11389       0.140608
19 13       0.188398    -0.00062848
19 14       -0.03533     -0.0119604
19 15        0.02257       0.062364
19 16       -0.21484      -0.057382
19 17      -0.160878      -0.181588
19 18       -0.34304        0.17379
19 19       -0.21768       0.078726
20  0        0.01004              0
20  1    -0.00165282        0.07087
20  2      -0.046458       0.065556
20  3     0.00041014        0.21218
20  4      -0.116656      -0.054134
20  5       0.180096      -0.119176
20  6       -0.11666       0.072358
20  7      -0.046654        0.27618
20  8       0.153082       0.150114
20  9        0.27132     0.00109516
20 10       -0.11146        0.20254
20 11       0.139486      -0.076784
20 12       0.143668       0.139186
20 13       0.058338       -0.12457
20 14        0.17471       0.056968
20 15       0.041476      -0.192336
20 16        -0.0551        0.23202
20 17      -0.080094       0.044898
20 18       -0.21238       0.144328
20 19       -0.25034       0.090082
20 20        -0.3003       0.083492
21  0     -0.0026455              0
21  1       0.057584        0.44044
21  2       0.148236      0.0087934
21  3       0.058398        0.21434
21  4      -0.038084        0.21834
21  5       0.101558      -0.047734
21  6       0.086964      0.0190006
21  7       0.078834       -0.09333
21  8         0.2272       0.195746
21  9       0.049652       0.125702
21 10       0.174866       -0.02076
21 11        0.05432       -0.39568
21 12      -0.085684        0.05784
21 13      -0.034336     -0.0055246
21 14        -0.2039      -0.125636
21 15         0.1671      -0.160784
21 16      -0.153048      -0.099234
21 17      -0.187494        0.21922
21 18      -0.097018      -0.096508
21 19       -0.12084       0.126936
21 20       0.037748        0.08446
21 21      -0.149128       -0.07973
22  0       0.025056              0
22  1       0.104176        0.20006
22  2       0.191538      -0.033604
22  3       0.113258      -0.034558
22  4        0.17397      0.0083522
22  5      -0.181694      -0.175692
22  6      -0.114464      -0.022618
22  7       0.040704      -0.161474
22  8       0.132264     -0.0170204
22  9       0.058908        0.26964
22 10      -0.161358      -0.080798
22 11      -0.071484        -0.2082
22 12       -0.12939      -0.167116
22 13        -0.2579       0.132058
22 14       -0.10183       0.114462
22 15      0.0130494      -0.137524
22 16     0.00140322       0.050436
22 17      -0.129884      0.0085288
22 18       0.105924        0.17346
22 19       0.054376       -0.02271
22 20       -0.12744   -0.000195144
22 21        0.16363       0.164676
22 22       0.035528       0.011789
23  0      0.0080733              0
23  1      0.0044744       0.009405
23  2        0.12911      0.0039478
23  3       0.040988       -0.17852
23  4        0.21174      -0.058382
23  5       0.045324      -0.172226
23  6       0.003509      -0.036318
23  7      -0.111744      -0.167934
23  8      -0.131316       -0.27728
23  9        0.21378      -0.063516
23 10        -0.3408      -0.102962
23 11      -0.023946       0.036374
23 12      -0.040728       -0.22756
23 13       -0.03591      0.0167226
23 14        -0.1228      -0.146374
23 15        0.05629      -0.076194
23 16      0.0180048       -0.03446
23 17      -0.152134         0.0353
23 18       0.122636      -0.043206
23 19     -0.0159152       0.071662
23 20      -0.021692      0.0106548
23 21       0.093882       -0.04346
23 22        0.25382      -0.066578
23 23       0.118198       0.197868
24  0       0.057497              0
24  1     -0.0187692      -0.021028
24  2       0.018076       0.111942
24  3     -0.0067806        -0.1275
24  4      -0.047312     -0.0105858
24  5      -0.173932      -0.115308
24  6      -0.103652      -0.054646
24  7       0.194006      -0.071624
24  8       -0.20374     -0.0111826
24  9      -0.131048        0.03306
24 10      -0.105222      -0.073068
24 11     -0.0172388      0.0157986
24 12      -0.064434       0.155648
24 13     -0.0182994     -0.0078302
24 14        0.16222      -0.074876
24 15       0.107976      -0.138678
24 16       -0.08325       0.047392
24 17       0.056868       0.045384
24 18       0.147076       0.047904
24 19      -0.049228      0.0036896
24 20       0.021272       0.023538
24 21      -0.026896      -0.115472
24 22      -0.175472      -0.127644
24 23       0.035712       0.023124
24 24       0.022096      -0.038166
25  0      -0.032553              0
25  1       0.055278        -0.2151
25  2      -0.197828       0.073944
25  3       -0.06837    -0.00090168
25  4      -0.037046       0.081148
25  5        0.06244      -0.034482
25  6       -0.24082      -0.077122
25  7       0.056142      -0.070458
25  8      -0.026056      -0.020852
25  9       -0.17894       0.178878
25 10       0.012042       0.189392
25 11     -0.0151772       0.137836
25 12       -0.01164      -0.145156
25 13      -0.112008      -0.104956
25 14       0.083052       0.176816
25 15      0.0035412       -0.18865
25 16       0.122998      0.0057684
25 17      -0.020758       0.092644
25 18      -0.121788      0.0178906
25 19       0.039996      -0.084472
25 20      0.0009946       0.086148
25 21        0.03442       0.063722
25 22       0.117116       0.033028
25 23    -0.00145456      0.0103542
25 24     -0.0086552     -0.0118742
25 25       0.115116       -0.20596
26  0      -0.024732              0
26  1     -0.0113554       0.109106
26  2      -0.067028       -0.12267
26  3      -0.041484       0.068916
26  4       -0.15487        0.09158
26  5       0.052132         0.0735
26  6         0.0335      -0.072332
26  7      -0.059892      -0.101624
26  8       0.083488      -0.086464
26  9      -0.049042       0.031756
26 10        0.25682       0.033976
26 11        0.02751        0.21052
26 12       0.133036       -0.11513
26 13      -0.098372      -0.034224
26 14       -0.07703     -0.0033438
26 15      -0.162358       -0.05821
26 16       0.104622      -0.119888
26 17      -0.071318       0.035394
26 18      -0.052686       0.075846
26 19       -0.05314     -0.0182332
26 20      -0.032664        0.05917
26 21       0.155154      -0.064522
26 22      -0.110894      -0.152098
26 23       0.065422       0.066034
26 24       0.134542      -0.171566
26 25      -0.057874      -0.069328
26 26       0.050248      -0.040134
27  0      -0.011928              0
27  1      -0.076966       0.150516
27  2     -0.0125132       0.032186
27  3       0.113292       0.062326
27  4      -0.070618       -0.11204
27  5      0.0184384        0.06605
27  6      -0.034168       0.029688
27  7      0.0157446    -0.00172462
27  8       0.039576      -0.035518
27  9      -0.097116       -0.03147
27 10       0.121188       0.112424
27 11       0.052724       0.053852
27 12       0.042536     -0.0138568
27 13        0.08667      -0.165342
27 14      -0.144966      0.0186216
27 15      0.0069076      -0.030256
27 16      -0.028818      -0.131552
27 17       0.017416       0.023212
27 18      -0.028812       0.072124
27 19      -0.034746       0.027504
27 20       0.066822      -0.105752
27 21       0.072362     0.00024664
27 22       0.072254      -0.171962
27 23       -0.05591       0.040212
27 24       0.059072     -0.0102692
27 25       0.038948       -0.02741
27 26     -0.0155708       0.111222
27 27       0.049274       -0.07801
28  0       0.020744              0
28  1      0.0108238       0.024582
28  2       0.060296       0.053694
28  3        0.07717        0.21148
28  4       0.020006       0.022916
28  5        0.07216      -0.033068
28  6      0.0029592      -0.095802
28  7      -0.073298          0.045
28  8       0.056546        0.12441
28  9      0.0160448      -0.035416
28 10      0.0178674      0.0177026
28 11     -0.0051674       -0.04123
28 12    -0.00026314       0.021118
28 13       0.115866    -0.00066382
28 14     -0.0021282       0.021406
28 15      -0.122554      -0.166208
28 16      0.0074352       0.081836
28 17       0.154418       0.102998
28 18       0.076784        0.02677
28 19       -0.04117      0.0158612
28 20       0.014514      -0.054262
28 21      -0.020458        0.02102
28 22       0.076294      0.0172814
28 23       0.090022      -0.055652
28 24        0.07568       0.122246
28 25      -0.089642      -0.170096
28 26      -0.069518      -0.065016
28 27       0.050208       0.199268
28 28     -0.0168628      -0.026252
29  0       0.030779              0
29  1      0.0180166     -0.0050424
29  2     0.00162428      0.0138214
29  3       0.029998      -0.044026
29  4       0.022126       0.087672
29  5      -0.111366     -0.0191628
29  6       0.104548       -0.05927
29  7      -0.128738       -0.03884
29  8       0.021702       0.023366
29  9       0.045848     -0.0138452
29 10       -0.13899       0.082658
29 11     0.00097552      -0.064052
29 12      -0.117636       0.114432
29 13       -0.06952      -0.025294
29 14      -0.067306       0.082112
29 15        0.11117       -0.12613
29 16      -0.114434      -0.041912
29 17       0.071736      0.0125958
29 18      -0.112366       0.110506
29 19      -0.051292       0.124126
29 20      -0.077016       -0.02191
29 21    -0.00061482      0.0108302
29 22       0.053982       0.024272
29 23       0.037164       0.014091
29 24     -0.0070274     -0.0196298
29 25     0.00182054       0.023376
29 26      -0.020736      -0.095444
29 27     -0.0093502      0.0120418
29 28      -0.066256       0.083618
29 29        0.03643      -0.051444
30  0      -0.016321              0
30  1        -0.0348       0.033468
30  2       0.059554      0.0158592
30  3      -0.041458       -0.07279
30  4     -0.0174172       0.035816
30  5      -0.032648      -0.038144
30  6       0.008859       0.121816
30  7      -0.074344      -0.050828
30  8      -0.111352      -0.046512
30  9       0.063934      -0.066888
30 10     -0.0067778       0.080898
30 11     -0.0134148       0.074896
30 12       0.066802     -0.0058364
30 13      -0.059216      -0.168648
30 14       0.143248        0.05008
30 15       -0.11274      -0.030722
30 16       0.119278      -0.039914
30 17      -0.004863      -0.119256
30 18      -0.021768      -0.036976
30 19      -0.106568     -0.0068804
30 20       -0.05743      -0.028478
30 21      -0.007772      -0.036326
30 22        -0.0651       -0.04989
30 23       0.050774     -0.0182758
30 24      -0.112894      0.0115476
30 25      -0.041524       -0.07822
30 26    -0.00063064      -0.070412
30 27       0.075536       0.029402
30 28       0.060338      -0.032846
30 29      0.0093472      -0.034512
30 30      0.0058498      -0.041162
31  0      -0.024949              0
31  1      -0.062582      -0.082598
31  2      -0.081092      -0.092594
31  3     -0.0133002      0.0130002
31  4      -0.186142      -0.046648
31  5      -0.059134       0.049528
31  6      -0.044152       0.071154
31  7       0.023128       0.041102
31  8        -0.0948       0.065914
31  9       0.055934     -0.0159472
31 10      -0.029804       -0.03674
31 11      -0.029206       0.093676
31 12       0.074056       0.081738
31 13       0.123682      -0.014702
31 14      0.0124042      -0.172862
31 15       0.017136      -0.081542
31 16       0.035318      -0.058002
31 17      -0.043114       0.047342
31 18       0.099786       0.014456
31 19      -0.036736      -0.060012
31 20      -0.117962     -0.0068726
31 21      -0.033446      0.0044976
31 22      -0.051862      -0.039124
31 23       0.035356      -0.039648
31 24      0.0032134       0.044822
31 25      -0.126002       -0.03463
31 26      -0.042824     -0.0122614
31 27     -0.0140448       0.062262
31 28       0.038298        0.06663
31 29      -0.042484     -0.0185632
31 30     -0.0071314      -0.025914
31 31      -0.045966      -0.034176
32  0       -0.02238              0
32  1      -0.050986      -0.026908
32  2       0.008696      -0.056672
32  3      -0.049864        0.04673
32  4      -0.058868     0.00162642
32  5      -0.020316       0.046636
32  6      -0.086188      0.0069052
32  7       0.092478     -0.0086034
32  8     0.00128664       0.023382
32  9       0.023212       0.061968
32 10      -0.045504       0.062974
32 11      -0.053584       0.026504
32 12      0.0144164      -0.025674
32 13       0.091878       0.094984
32 14       0.045018      -0.090098
32 15       0.022286       -0.07884
32 16      0.0073032      -0.069946
32 17      -0.048322      0.0152862
32 18      0.0197696       0.147016
32 19      0.0081678     -0.0048156
32 20        0.02558      -0.077678
32 21      -0.058842       -0.02853
32 22       0.039528     -0.0017118
32 23       0.007429     0.00158012
32 24        0.02585       0.002444
32 25       -0.02222       -0.02858
32 26      -0.082952       0.022172
32 27      -0.079814      0.0123126
32 28      -0.097188       0.137736
32 29      -0.108462       0.083122
32 30      -0.073734     -0.0016863
32 31      -0.033564       0.028116
32 32       0.038304     -0.0087054
33  0      -0.015469              0
33  1        0.02768     -0.0172782
33  2     -0.0192492     -0.0165346
33  3       0.039008      0.0136126
33  4      0.0179312      -0.045854
33  5      -0.029854         0.1443
33  6      0.0102098       0.027468
33  7      -0.039188      -0.027606
33  8       0.052032       -0.04299
33  9       0.071244       0.057632
33 10      -0.045366     -0.0167048
33 11      -0.022062      0.0092018
33 12       0.035782      -0.070802
33 13      -0.100322      -0.070724
33 14      0.0136008      -0.069088
33 15      0.0070878      -0.119762
33 16      -0.132554       0.048518
33 17        0.07232      -0.062558
33 18       0.041764     -0.0065012
33 19      -0.030756        0.02341
33 20        0.02628        0.02628
33 21      -0.105472      -0.069718
33 22     -0.0007262        0.04409
33 23      0.0090054     -0.0124216
33 24      -0.078534      -0.094878
33 25       0.051388      -0.009527
33 26       0.070412       0.029456
33 27      -0.075802      0.0128042
33 28      -0.034038       0.047456
33 29      0.0081764      0.0061308
33 30      -0.030536      -0.027226
33 31      -0.049078       0.019124
33 32     -0.0195084     -0.0068932
33 33        0.03149      0.0100296
34  0       0.026116              0
34  1      -0.033376       0.061068
34  2     -0.0037022      -0.034634
34  3       0.121518       0.066454
34  4       0.052308      -0.109164
34  5      -0.028454      -0.025136
34  6       0.021978       0.030068
34  7       0.040364      -0.109258
34  8        -0.0262      -0.069622
34  9       0.056272       0.030698
34 10       0.129158     -0.0036204
34 11    -0.00049038      -0.026948
34 12       -0.02098     -0.0029326
34 13       -0.06929      -0.136608
34 14      -0.084264     -0.0110176
34 15        0.05467      -0.047416
34 16    -0.00018651      -0.037456
34 17       0.009836        0.02257
34 18      0.0189746     -0.0046066
34 19       0.040928      -0.055076
34 20      -0.040754      0.0143246
34 21      -0.036192      -0.024186
34 22        0.12327      -0.027702
34 23      -0.029774     -0.0149232
34 24      0.0139582       0.034998
34 25       0.030778       -0.11607
34 26     -0.0096286      0.0062394
34 27      0.0112374       0.078892
34 28     6.7098e-05        0.04338
34 29        0.09496       0.020354
34 30        0.14382        0.10491
34 31      -0.026418       0.014454
34 32       -0.04919        0.09525
34 33      -0.028314      0.0085038
34 34     -0.0112968      0.0163442
35  0      0.0073869              0
35  1     -0.0170262      -0.029146
35  2      -0.025378     -0.0158502
35  3      0.0057394       0.056434
35  4       0.123964      -0.033564
35  5      0.0068262      -0.115278
35  6      -0.074462       0.027052
35  7        0.03196      -0.024162
35  8     -0.0169154      -0.086006
35  9      -0.055712     -0.0180868
35 10       0.080348        0.03232
35 11       0.042646      0.0174414
35 12      -0.038042       0.066102
35 13       -0.05073      0.0191836
35 14      0.0016973       0.079622
35 15      -0.058172     -0.0077268
35 16       0.054608      -0.027246
35 17     -0.0182274       -0.06163
35 18        0.04737       0.063118
35 19       0.056562       0.022356
35 20      -0.026176      -0.046994
35 21       -0.02951        0.01067
35 22     -0.0136314      -0.052784
35 23       -0.04057      -0.052556
35 24      -0.065708      0.0048634
35 25         0.0268     -0.0056066
35 26       0.034478      -0.025552
35 27        -0.0227      -0.082904
35 28      -0.052948       0.033046
35 29       0.036294        0.14412
35 30       0.027844      0.0074748
35 31        0.05159        0.02769
35 32       0.022196        0.11755
35 33        0.06008       0.023384
35 34       0.066602      0.0065534
35 35      -0.029242      0.0053628
36  0      0.0080295              0
36  1       0.088274      -0.080368
36  2      -0.030828        -0.0547
36  3      -0.073388      -0.031892
36  4       0.002398      -0.034556
36  5       0.112764      -0.020348
36  6      -0.035562      -0.094668
36  7      -0.024384       0.051062
36  8       -0.05302      -0.095454
36  9      -0.032548       0.034278
36 10      -0.072772      0.0176714
36 11     -0.0186308       0.023004
36 12      -0.028946       0.034298
36 13      -0.087478      0.0108626
36 14      -0.043852        0.07449
36 15       -0.05372      -0.037686
36 16        0.08025       0.028242
36 17      -0.069978      -0.047648
36 18       0.043362       -0.04006
36 19     -0.0185146      0.0086458
36 20      -0.042326      0.0129676
36 21       0.067086      -0.123504
36 22      -0.073576      -0.028802
36 23       0.026618       0.054756
36 24      0.0089108      -0.022256
36 25       0.025042       -0.06884
36 26       0.020646       0.099408
36 27     -0.0147498       0.025776
36 28       0.021252       0.044484
36 29      -0.012218      -0.023426
36 30     -0.0031762       0.024102
36 31       0.039708       -0.02197
36 32      0.0089774      -0.041128
36 33       0.085294       0.077394
36 34       0.074262      -0.022662
36 35      0.0145846      -0.053396
36 36       0.046704        0.05103
37  0      -0.053239              0
37  1       0.023848       -0.02459
37  2      -0.022128      0.0007099
37  3        -0.0828      -0.029434
37  4      -0.026902        -0.0249
37  5       0.023122       0.058846
37  6       0.020566       0.028936
37  7       -0.05402       0.070618
37  8      -0.048168       0.011326
37  9      0.0096444      -0.030356
37 10      0.0111318     -0.0064462
37 11       0.042942       0.034932
37 12      0.0132766     -0.0075596
37 13      0.0169988      -0.034252
37 14      -0.026738      0.0198114
37 15    -0.00186456       0.039916
37 16     -0.0043786       0.034576
37 17        0.05963      -0.077318
37 18      -0.015027       -0.03026
37 19        0.00408    -0.00195388
37 20       0.064142      0.0011384
37 21       0.034472      -0.047998
37 22      0.0054084     -0.0170068
37 23       0.054544    -0.00141488
37 24       0.025934       0.023772
37 25       0.036854      -0.050106
37 26      0.0021226     -0.0174888
37 27      0.0197486      0.0124876
37 28     -0.0176722       0.056288
37 29      -0.025942     -0.0065362
37 30        0.05326      -0.069622
37 31       0.055582     -0.0069916
37 32    -0.00051332      -0.059718
37 33      0.0176416      -0.090316
37 34    -0.00139348     -0.0005321
37 35    -0.00161622      -0.092596
37 36     -0.0153558      -0.024512
37 37       0.095622        0.05377
38  0     -0.0084818              0
38  1      -0.039144      0.0117736
38  2       -0.06232      0.0072024
38  3      -0.029904       0.063288
38  4       0.006801       -0.03448
38  5      0.0196482      0.0133314
38  6      -0.046472        0.04696
38  7      -0.048234       0.067936
38  8       -0.05622      -0.003945
38  9      0.0028626      -0.031796
38 10       0.031242      -0.022958
38 11       0.066806       0.076928
38 12       0.040896      -0.002467
38 13       0.031422       0.035408
38 14      -0.040272      0.0161918
38 15      0.0079262      -0.001564
38 16      -0.091234        0.05238
38 17       0.045518      0.0187458
38 18     -0.0176688      0.0040996
38 19       0.022922      0.0176146
38 20       0.031118       0.034658
38 21     -0.0188664       0.016705
38 22       0.021286      -0.033254
38 23      -0.020062      -0.091738
38 24       0.111344       0.015993
38 25      -0.019974       0.030658
38 26       0.034874      -0.069788
38 27      0.0187784       0.035198
38 28      0.0111568      -0.041926
38 29      -0.032658       0.064204
38 30      0.0130628      -0.039236
38 31       0.046114      -0.029868
38 32      0.0081378      0.0054834
38 33      0.0154128       0.024938
38 34     -0.0023372      0.0095916
38 35      -0.038914      -0.038966
38 36      -0.045894       -0.01216
38 37    -0.00022076     -0.0172846
38 38      -0.002195      -0.089184
39  0      -0.002432              0
39  1        0.06354        0.06298
39  2      0.0106658       0.044032
39  3      -0.033918       0.024118
39  4       0.013377      -0.028762
39  5        0.08044       0.024646
39  6     -0.0033102      -0.058046
39  7      0.0093022        0.02659
39  8       0.038448      0.0030558
39  9     -0.0026708     -0.0043726
39 10       0.067472      -0.021392
39 11       0.071872     -0.0129146
39 12       0.037846      0.0192464
39 13       0.033502      0.0168936
39 14      -0.094892      0.0066282
39 15       0.024412        0.06445
39 16      -0.021342     -0.0191534
39 17       -0.03093      0.0102148
39 18     -0.0059788       0.061822
39 19      -0.034804      0.0143286
39 20      -0.002933      -0.040144
39 21      0.0171386       0.077026
39 22        0.05509       0.032952
39 23      -0.087806      0.0037122
39 24      0.0080852     -0.0054818
39 25      0.0108068       0.003413
39 26     -0.0055064      -0.077906
39 27      -0.032742      0.0176958
39 28       0.051862      -0.063948
39 29       0.033954     -0.0161902
39 30      -0.029266       0.009985
39 31     0.00166334       0.021086
39 32       0.026418      -0.072332
39 33      -0.052032      -0.010354
39 34      -0.061552       0.023516
39 35      -0.042088      -0.039782
39 36       -0.03879       -0.04547
39 37      -0.029644      -0.048924
39 38      -0.008242     -0.0080256
39 39     -0.0143652      -0.072514
40  0      -0.050906              0
40  1      -0.041966         0.0267
40  2       0.051156      0.0079396
40  3        0.00098       0.021992
40  4      -0.061222      -0.028088
40  5    -0.00192402       0.023582
40  6       0.004697      -0.057356
40  7     -0.0193986      -0.053654
40  8       0.064104     0.00162908
40  9        0.03493       0.023742
40 10      -0.047214       -0.03773
40 11       0.030254      -0.052418
40 12      0.0074186      -0.046584
40 13       0.016431       0.027114
40 14      -0.018756      -0.043356
40 15      -0.054404     -0.0135122
40 16      -0.020102     0.00030238
40 17       0.023502        0.03012
40 18       0.056876      -0.057102
40 19    -0.00083676       0.045188
40 20       0.095814      0.0075602
40 21      -0.057194       0.046356
40 22       0.017027      -0.045346
40 23       0.016848      -0.009808
40 24     -0.0044424     -0.0022674
40 25       -0.08527      -0.030152
40 26       0.060338       -0.04271
40 27      -0.020194      -0.008355
40 28      -0.032796       0.045122
40 29       0.050174     -0.0061352
40 30      0.0100198       0.018599
40 31     -0.0164104      0.0079744
40 32      0.0023692      0.0051572
40 33    -0.00109298      -0.043588
40 34      -0.060818      -0.045632
40 35      -0.031516      -0.050118
40 36      -0.062412      -0.012715
40 37      0.0114136       0.010006
40 38      -0.036858        -0.0805
40 39       0.021644        0.08935
40 40      -0.033288       -0.04615
