 0  0         2.8814              0
 1  0       -0.91155              0
 1  1         0.3727        1.26508
 2  0       -0.14771              0
 2  1         1.7768         3.1778
 2  2          3.727       -0.58758
 3  0        0.71502              0
 3  1          -1.16        0.84846
 3  2        0.93626       -1.39472
 3  3         1.9627         2.4526
 4  0        0.11894              0
 4  1       -1.43904       -0.59882
 4  2        0.09359       -0.23648
 4  3          1.855       -0.62414
 4  4        0.02323        0.42806
 5  0        0.33725              0
 5  1        -1.3682       -0.91068
 5  2       -1.63982       0.154214
 5  3        0.85112        -0.7151
 5  4        0.27946       -1.82484
 5  5       -0.84628       -0.47284
 6  0       -0.26997              0
 6  1        0.27908        0.03673
 6  2       -1.11722          1.507
 6  3       -0.26222       -0.45772
 6  4       -0.68092        1.09022
 6  5       -1.76472       -0.65774
 6  6          -0.48        0.25916
 7  0       -0.15028              0
 7  1         0.4791       -0.36984
 7  2        -0.4237       0.175352
 7  3        0.45604       -0.48504
 7  4       0.036176        0.70464
 7  5      -0.044804        1.22282
 7  6        0.74236       -0.94688
 7  7        0.20954       -0.38132
 8  0       -0.35929              0
 8  1       0.119154        0.50268
 8  2       -1.44982       -0.24924
 8  3        -0.3745        0.11902
 8  4         0.5464       -0.31142
 8  5       0.126376        0.42586
 8  6       -0.44324       -0.21718
 8  7        1.15472         0.4742
 8  8         0.4832        0.08129
 9  0        0.39779              0
 9  1        0.57652        0.81862
 9  2      0.0023764       -0.06853
 9  3       -0.90252      -0.144302
 9  4        0.25674      -0.194046
 9  5         0.4716       0.047392
 9  6       0.086966       -0.82768
 9  7       -0.35208       -1.49986
 9  8        -0.7838        -0.5941
 9  9      -0.154452       0.063074
10  0        0.18764              0
10  1         0.3417        -0.3524
10  2        0.59608       -0.10035
10  3        0.14199       -0.21022
10  4        0.34296      -0.028538
10  5      -0.123356        0.05905
10  6       0.195746        0.34566
10  7      -0.177942       0.100972
10  8       -0.50454        0.27312
10  9        0.11105         0.3203
10 10       -0.45542        0.24376
11  0        0.39916              0
11  1         0.2154       0.082396
11  2       0.016668       0.079742
11  3       -0.35178       -0.54986
11  4      -0.043034        0.31806
11  5        0.44568         0.5854
11  6        0.18033       0.098084
11  7        -0.5104       -0.31772
11  8      -0.176164        -0.1971
11  9      -0.057202         0.8425
11 10       0.035994       0.054312
11 11       -0.21658       0.193718
12  0      -0.083235              0
12  1       -0.22256       -0.15023
12  2        0.24232       -0.51078
12  3       0.114682       -0.25106
12  4       -0.32786        0.44542
12  5       0.066244       -0.24304
12  6      -0.189576        0.37864
12  7      -0.089856         0.2897
12  8        -0.3418      -0.177114
12  9        0.44204        0.29304
12 10      -0.173418         0.6631
12 11        0.25992        0.23616
12 12       0.188112       0.044488
13  0        -0.2445              0
13  1       -0.25376      -0.078626
13  2       -0.10207        0.35728
13  3       -0.45886         0.2902
13  4       0.123232       0.055594
13  5         0.4057        -0.4159
13  6       0.052104       0.043604
13  7       0.088486       -0.40128
13  8     0.00102286       -0.26498
13  9        0.31134         0.3153
13 10        0.29468        0.32196
13 11        -0.2295        -0.3092
13 12        0.37574       -0.26314
13 13       -0.44918        0.51342
14  0      -0.015334              0
14  1       -0.25484        0.47556
14  2        0.48314       0.077046
14  3        0.27754        0.36836
14  4      -0.199598       0.162232
14  5       0.076974        0.23224
14  6        0.64508      -0.147718
14  7        0.23616       0.078784
14  8        0.05097       -0.24498
14  9        0.29882        0.34332
14 10        0.02653       0.022756
14 11       0.118834       -0.67436
14 12      0.0045272       0.020528
14 13       0.116044        0.05648
14 14        0.24896        0.34178
15  0       -0.10517              0
15  1      -0.118196       0.029488
15  2       0.043536       0.090784
15  3        0.57372        0.28242
15  4       0.105584        0.02934
15  5      -0.060808       -0.03964
15  6       -0.04606          0.032
15  7         0.3336        0.46852
15  8        0.29462      -0.184556
15  9    -0.00114762        0.15996
15 10       -0.25782      -0.071394
15 11       0.073028       0.026098
15 12      -0.147654       -0.51046
15 13       0.014971      -0.002323
15 14        0.02776      -0.132426
15 15        -0.0291      -0.171228
16  0        0.20001              0
16  1        0.22288        0.14346
16  2       0.070948      -0.088138
16  3      -0.173438         -0.282
16  4       0.125184      -0.127182
16  5        0.12775      -0.020204
16  6        0.23244        0.27494
16  7      -0.133094     -0.0080698
16  8      -0.070796       0.052306
16  9        -0.2534       -0.25876
16 10      -0.188636      -0.074032
16 11        0.20222        0.33974
16 12       0.039612      -0.160582
16 13       0.092558       0.027178
16 14          0.264        0.32244
16 15        0.37114      -0.106362
16 16      -0.070572      -0.105764
17  0       0.069612              0
17  1      -0.063836       -0.24306
17  2       0.148918      -0.046756
17  3           0.25       0.072584
17  4       0.187862       0.135432
17  5       -0.38952       -0.15224
17  6       0.084316      -0.113938
17  7       0.130478       0.049156
17  8       -0.28524       0.100096
17  9      -0.178138      -0.175364
17 10       0.148888       -0.28404
17 11       -0.22632        0.51504
17 12       -0.22978      -0.146868
17 13       0.084466       -0.23046
17 14       0.085396       0.036706
17 15      -0.182342        0.23446
17 16        0.41584       -0.26384
17 17      -0.027266       -0.24816
18  0       0.032921              0
18  1       0.024638       -0.33308
18  2       -0.21436       -0.14807
18  3      -0.096226       0.050224
18  4       -0.31438       0.028324
18  5       0.022918       -0.14286
18  6       0.076074      -0.106782
18  7      -0.120774       -0.08831
18  8       -0.03565       0.164174
18  9       -0.22024      -0.079742
18 10      -0.067292       0.126266
18 11       0.073814        0.17196
18 12      -0.050884     -0.0079486
18 13      0.0135898       -0.20778
18 14       0.027294      -0.045538
18 15       0.082062      -0.188454
18 16      -0.155748       0.086424
18 17       0.041588       0.041968
18 18       0.115508       -0.24842
19  0      -0.094752              0
19  1      -0.014352      -0.068024
19  2      -0.194282      -0.161034
19  3     -0.0166102       0.135142
19  4      -0.026272      -0.186266
19  5       0.153014         0.2287
19  6       -0.12491         0.0279
19  7       -0.08486      0.0110652
19  8      -0.025532       0.088292
19  9      -0.095114       0.023834
19 10        0.26204      -0.135094
19 11       0.184042      0.0188964
19 12       0.116338        0.10175
19 13        0.13488      -0.054714
19 14      0.0077868      0.0131948
19 15      -0.021284       0.057154
19 16      -0.179238      -0.065506
19 17      -0.185152      -0.128906
19 18        -0.3363       0.179834
19 19       -0.23108        0.06179
20  0      0.0011361              0
20  1      0.0199516       0.066058
20  2      -0.068042       0.073292
20  3      -0.022754       0.193802
20  4      -0.092908      -0.057628
20  5        0.15785      -0.132396
20  6         -0.139        0.04317
20  7      -0.013123        0.30022
20  8       0.143744       0.173914
20  9        0.25922       0.038552
20 10      -0.114342        0.21506
20 11       0.123144      -0.082532
20 12       0.137694         0.1331
20 13        0.03259      -0.077722
20 14       0.185654        0.03576
20 15     -0.0026352      -0.177744
20 16      -0.043442        0.24582
20 17      -0.046208     -0.0169806
20 18      -0.191814       0.140558
20 19       -0.24168       0.096338
20 20       -0.26606       0.072466
21  0      -0.026167              0
21  1       0.036526        0.36052
21  2       0.119464     -0.0105476
21  3       0.034256        0.20676
21  4      -0.073512        0.22514
21  5       0.094578       -0.02016
21  6       0.091036       0.024004
21  7       0.031436      -0.095112
21  8        0.21584       0.197902
21  9        0.07522        0.10769
21 10       0.156378      -0.052424
21 11        0.03925       -0.37828
21 12       -0.03191        0.02962
21 13      -0.027494     -0.0030258
21 14      -0.149928       -0.06255
21 15       0.180426      -0.128176
21 16      -0.132122       -0.07606
21 17        -0.1758        0.22178
21 18      -0.091298      -0.105282
21 19      -0.088088          0.111
21 20       0.024156        0.09151
21 21      -0.149444      -0.058798
22  0       0.036671              0
22  1       0.100536         0.2109
22  2       0.160616      -0.046016
22  3       0.094368       -0.02846
22  4        0.13358       0.007756
22  5      -0.181792       -0.12571
22  6       -0.11263      0.0048784
22  7       0.030662       -0.10845
22  8       0.138532      0.0053226
22  9        0.02205        0.26922
22 10      -0.136654      -0.074612
22 11      -0.028726       -0.23118
22 12      -0.102812      -0.152212
22 13       -0.25812       0.077588
22 14      -0.049182        0.04613
22 15       0.046906      -0.125422
22 16     -0.0124754       0.041168
22 17      -0.114112      -0.040644
22 18       0.084678       0.157852
22 19       0.035718      0.0133276
22 20      -0.082464     -0.0080634
22 21        0.14864       0.115264
22 22       0.007664     -0.0146536
23  0     -0.0015964              0
23  1     -0.0042666      0.0126186
23  2       0.123926   0.0009860001
23  3      0.0034032      -0.133596
23  4       0.188662      -0.060922
23  5       0.031692      -0.146556
23  6     -0.0048768     -0.0191846
23  7      -0.056512      -0.140962
23  8       -0.10647       -0.25156
23  9       0.192304      -0.037822
23 10       -0.30852      -0.121478
23 11       -0.02901       0.032826
23 12        -0.0421      -0.143744
23 13      -0.067004      0.0028516
23 14      -0.096644      -0.118262
23 15       0.046178       -0.08307
23 16       0.026102      -0.062912
23 17      -0.161154      0.0052598
23 18       0.089432      0.0075714
23 19      0.0111972       0.081176
23 20     -0.0122632        0.01889
23 21       0.089582      -0.075332
23 22        0.24168      -0.073494
23 23        0.11638        0.15729
24  0       0.046632              0
24  1     -0.0021952     -0.0110186
24  2       0.026962       0.103424
24  3    -0.00175542      -0.095284
24  4      -0.041518       0.010659
24  5      -0.175658      -0.080528
24  6      -0.094436     -0.0112606
24  7        0.21076       -0.03226
24  8      -0.190396       -0.02081
24  9      -0.091132       0.072438
24 10      -0.116834      -0.084824
24 11      0.0032278     0.00140582
24 12      -0.088376       0.144502
24 13      -0.008188      -0.024984
24 14       0.165912      -0.040718
24 15       0.087126      -0.094004
24 16      -0.102918       0.057454
24 17     -0.0022128        0.04917
24 18       0.135304       0.089702
24 19      -0.042118      0.0114874
24 20      0.0146006      0.0151158
24 21     -0.0145922      -0.087984
24 22      -0.166106      -0.087462
24 23       0.056184       0.026666
24 24      0.0149298     -0.0194644
25  0      -0.040441              0
25  1       0.067494       -0.22128
25  2        -0.1629       0.097284
25  3      -0.056456      -0.022112
25  4      -0.024482       0.095902
25  5       0.064914      -0.039634
25  6      -0.191026      -0.065716
25  7       0.054876      -0.065594
25  8      -0.029984     -0.0185198
25  9      -0.156962       0.173324
25 10     -0.0158866       0.171186
25 11    -0.00070342       0.127162
25 12     -0.0163362      -0.163836
25 13      -0.088082      -0.076736
25 14       0.101868       0.182952
25 15      0.0163498      -0.156574
25 16       0.123124       0.030088
25 17      -0.024518        0.10645
25 18      -0.100154     -0.0053098
25 19       0.066172      -0.098912
25 20      0.0197734       0.075264
25 21       0.024574       0.051118
25 22       0.084974       0.020632
25 23     -0.0120686       0.015213
25 24    -0.00185092       -0.02242
25 25        0.08103      -0.175724
26  0      -0.034747              0
26  1      -0.020818       0.075478
26  2      -0.050392      -0.126956
26  3      -0.058736       0.043096
26  4      -0.154298         0.1253
26  5       0.042996       0.076152
26  6       0.028994       -0.07314
26  7      -0.036272      -0.092936
26  8       0.074958      -0.062134
26  9      -0.053252       0.044688
26 10         0.2212      0.0053498
26 11       0.064366       0.161946
26 12        0.11377      -0.130852
26 13      -0.064034       -0.02513
26 14      -0.053684     0.00176506
26 15      -0.079452      -0.029656
26 16       0.118022      -0.101854
26 17       -0.02492       0.041676
26 18      -0.036736        0.05199
26 19      -0.053146     -0.0193404
26 20     -0.0130638        0.03752
26 21       0.137648      -0.053558
26 22      -0.095284      -0.131422
26 23       0.057418       0.060004
26 24        0.09233      -0.116932
26 25      -0.074474      -0.077532
26 26        0.02434      -0.040332
27  0     -0.0081305              0
27  1      -0.057634       0.127178
27  2      -0.004409       0.023126
27  3       0.101788       0.048346
27  4      -0.083988      -0.094548
27  5      0.0095758       0.052102
27  6      -0.029904       0.041322
27  7      0.0064442    -0.00034514
27  8       0.046212       -0.03478
27  9      -0.061486      0.0051912
27 10       0.112696       0.095946
27 11        0.03554        0.03774
27 12       0.056388        -0.0455
27 13       0.060072      -0.143296
27 14      -0.118152     -0.0150238
27 15       0.024526       -0.02209
27 16      0.0043596      -0.154428
27 17       0.058908      -0.034484
27 18       -0.02561       0.048174
27 19      -0.047422      0.0034144
27 20       0.056166      -0.043084
27 21       0.042252     -0.0114258
27 22       0.078752      -0.143176
27 23      -0.031846       0.053706
27 24       0.053408     -0.0110162
27 25       0.051692      -0.045584
27 26      -0.042502       0.091014
27 27       0.047326      -0.057836
28  0        0.01253              0
28  1        0.02147        0.04441
28  2        0.04868       0.055974
28  3       0.068022       0.187664
28  4      0.0053362       0.034074
28  5       0.073842     -0.0089066
28  6     -0.0198318      -0.074598
28  7      -0.049038       0.032242
28  8       0.071016       0.102628
28  9      0.0057584       -0.04088
28 10        0.02968     -0.0114558
28 11      -0.024152     -0.0120658
28 12     -0.0144864     -0.0142372
28 13        0.08456      0.0138926
28 14       0.028938       0.024232
28 15       -0.12276      -0.141052
28 16       0.005844       0.053102
28 17       0.153106       0.069962
28 18       0.053148       0.035646
28 19      -0.049106      0.0109752
28 20         0.0217        -0.0362
28 21      -0.034842      0.0169382
28 22       0.049642     -0.0027978
28 23       0.060398      -0.051168
28 24       0.047714       0.096844
28 25      -0.078312      -0.185746
28 26      -0.058274      -0.061616
28 27        0.02342        0.20166
28 28     -0.0053762      -0.044912
29  0       0.042065              0
29  1      0.0082844       0.039126
29  2      -0.029928       0.019787
29  3       0.070084      -0.046692
29  4        0.03875        0.11957
29  5      -0.088312     -0.0087978
29  6       0.098286      -0.038926
29  7       -0.09651      -0.013551
29  8       0.021278      0.0058004
29  9       0.036112      -0.008315
29 10       -0.14238       0.093918
29 11      0.0034264      -0.043722
29 12      -0.128638       0.094744
29 13      -0.075756       0.007031
29 14      -0.048108       0.053182
29 15       0.095458      -0.099852
29 16       -0.09461      -0.052244
29 17       0.040724       0.022176
29 18      -0.107498       0.088916
29 19      -0.054952         0.1454
29 20      -0.081202      -0.022866
29 21     -0.0122656      0.0117722
29 22       0.067024      0.0058816
29 23        0.04701      0.0091092
29 24     -0.0127326      0.0110064
29 25     -0.0142046       0.023548
29 26      -0.017584      -0.087474
29 27       -0.02547      0.0158188
29 28      -0.055968       0.120384
29 29      0.0090106      -0.056484
30  0      0.0031927              0
30  1     -0.0045052      0.0185524
30  2       0.048012      0.0138366
30  3     0.00118512      -0.063958
30  4     -0.0117088       0.057272
30  5     -0.0130522      -0.028458
30  6      0.0060952       0.103306
30  7      -0.046848        -0.0477
30  8       -0.10749      -0.058304
30  9        0.05323       -0.06994
30 10     -0.0152704       0.068168
30 11      -0.022234       0.092134
30 12       0.043922       0.020902
30 13      -0.072234      -0.160734
30 14       0.118154       0.024106
30 15      -0.106514     -0.0183356
30 16       0.115696      -0.029324
30 17    -8.7222e-06      -0.129886
30 18       0.017056      -0.022684
30 19      -0.108892      0.0087792
30 20      -0.049392      -0.030684
30 21     -0.0196876      -0.021112
30 22      -0.050054      -0.059478
30 23       0.061888     -0.0194824
30 24       -0.10935       0.028602
30 25       -0.03745      -0.074578
30 26      -0.025498      -0.043308
30 27       0.055866       0.040736
30 28       0.040984     -0.0155546
30 29      0.0070548      -0.027624
30 30        -0.0115      -0.060002
31  0      -0.025204              0
31  1      -0.048752      -0.079654
31  2      -0.074624      -0.096558
31  3      0.0133878     -0.0023576
31  4      -0.168846      -0.025006
31  5      -0.065462       0.033096
31  6      -0.032286        0.05818
31  7      0.0116122       0.046794
31  8       -0.09586       0.033002
31  9       0.035874      -0.021634
31 10      -0.031222     -0.0158398
31 11       -0.01832       0.092932
31 12       0.048926       0.085662
31 13       0.114542     -0.0177392
31 14       0.029954      -0.180372
31 15      0.0189716      -0.055208
31 16       0.039892      -0.047604
31 17      -0.022598       0.022056
31 18       0.119832       0.026524
31 19      -0.007363      -0.058948
31 20      -0.095788      -0.028986
31 21      -0.038278     -0.0095314
31 22      -0.039744     -0.0097866
31 23       0.019209      -0.063436
31 24     -0.0101848       0.053168
31 25      -0.101094      -0.039098
31 26      -0.029942      -0.044736
31 27      -0.003909       0.074612
31 28       0.036542       0.054396
31 29      -0.021578      -0.022298
31 30      0.0115822      -0.032524
31 31        -0.0764      -0.021266
32  0      -0.008431              0
32  1      -0.049702      -0.021306
32  2    -0.00113562      -0.049668
32  3      -0.020292       0.040756
32  4      -0.047178       0.024558
32  5     -0.0146896       0.029086
32  6       -0.07806     -0.0063404
32  7       0.099766    -0.00156626
32  8     -0.0149586    -0.00036466
32  9      0.0021786       0.052094
32 10       -0.05082       0.058898
32 11      -0.051228       0.042586
32 12     0.00104836       -0.03523
32 13       0.086188       0.076462
32 14       0.059574      -0.089938
32 15       0.018568      -0.081738
32 16      0.0147278      -0.044352
32 17      -0.045362      -0.023324
32 18       0.032702       0.119988
32 19      0.0174478      -0.011143
32 20       0.021034       -0.08095
32 21      -0.069606      -0.026244
32 22       0.026582      0.0181516
32 23     -0.0038182      0.0064626
32 24       0.018581     0.00140436
32 25      -0.025218     -0.0196908
32 26       -0.04976     0.00172724
32 27      -0.064076     -0.0087572
32 28      -0.089666       0.110358
32 29      -0.086682       0.099728
32 30      -0.052382     0.00107724
32 31      -0.028782       0.044398
32 32       0.029492      0.0173896
33  0      -0.013285              0
33  1       0.035796      -0.029044
33  2      -0.018797      -0.035178
33  3       0.045924      0.0117792
33  4     -0.0078016       -0.04613
33  5      -0.024932       0.114796
33  6     0.00161804       0.034208
33  7      -0.035072    -0.00175408
33  8       0.031906       -0.03123
33  9       0.064352        0.05917
33 10       -0.02647      -0.020998
33 11       0.013225      0.0165602
33 12       0.023208      -0.060558
33 13      -0.082646      -0.053246
33 14     0.00071412        -0.0544
33 15      0.0110122       -0.10927
33 16      -0.120116        0.05052
33 17       0.049444      -0.066214
33 18       0.036846     0.00059302
33 19      -0.037166        0.02099
33 20      0.0088376     -0.0050886
33 21      -0.100372      -0.073614
33 22      -0.014486       0.053478
33 23      -0.006541      -0.032758
33 24       -0.05856      -0.069636
33 25       0.057628      -0.032278
33 26       0.058436       0.018537
33 27       -0.08085        0.03093
33 28      -0.022336       0.056054
33 29        0.00479    -0.00127652
33 30     -0.0165898     -0.0122104
33 31      -0.046222       0.024182
33 32     -0.0108672      0.0038916
33 33       0.018172      0.0110892
34  0       0.025208              0
34  1      -0.040636       0.058628
34  2       -0.02326      -0.052386
34  3       0.114168       0.051724
34  4      0.0196934      -0.102038
34  5      -0.038314      -0.029866
34  6     -0.0051528       0.032604
34  7        0.04005      -0.074516
34  8       -0.03002      -0.042138
34  9       0.059724       0.034908
34 10       0.099892      0.0030808
34 11       0.027658      -0.014218
34 12      -0.028122      -0.034994
34 13      -0.063034      -0.109178
34 14      -0.089994     -0.0152086
34 15       0.056428       -0.04855
34 16     -0.0098692      -0.068236
34 17      0.0143054        0.02257
34 18      0.0095958     -0.0063446
34 19       0.034714      -0.026162
34 20      -0.048952      0.0162298
34 21      -0.036126      -0.019394
34 22       0.116072     -0.0053978
34 23      -0.026206      -0.005418
34 24    -0.00190248      0.0187644
34 25       0.046134      -0.104978
34 26      -0.033672      0.0151596
34 27      0.0148012       0.071368
34 28      0.0053476       0.053786
34 29       0.063564      0.0119672
34 30       0.114136       0.070628
34 31     -0.0103412      0.0094756
34 32      -0.060166       0.072476
34 33      -0.027804     0.00122128
34 34     -0.0024266      0.0069846
35  0        0.01393              0
35  1       -0.04225      -0.025652
35  2       -0.03586      -0.041488
35  3     -0.0119506       0.053922
35  4        0.10096     -0.0048102
35  5     -0.0063796      -0.099812
35  6       -0.09155       0.024284
35  7      0.0139844      0.0083246
35  8     -0.0196522      -0.057138
35  9      -0.030798       -0.02305
35 10       0.082232      0.0173412
35 11       0.048844       0.030124
35 12      -0.055998         0.0498
35 13      -0.047282        0.02163
35 14      -0.002159       0.080276
35 15      -0.051458    -0.00190634
35 16       0.031954      -0.034196
35 17      -0.026488      -0.038208
35 18        0.05963       0.036742
35 19        0.05531       0.032922
35 20      -0.030704       -0.03231
35 21      -0.024118       0.020532
35 22      -0.024994      -0.029802
35 23      -0.037346      -0.031398
35 24      -0.047822     -0.0048138
35 25       0.022788      0.0003491
35 26       0.021152     -0.0129704
35 27     -0.0164534      -0.067872
35 28       -0.05124       0.039778
35 29       0.039242       0.121698
35 30       0.022446      0.0165894
35 31       0.038614       0.021976
35 32       0.046748       0.089684
35 33       0.030008       0.015734
35 34       0.074046      0.0032744
35 35      -0.035704     7.7344e-05
36  0       0.014446              0
36  1       0.061174      -0.066128
36  2     -0.0168998      -0.059276
36  3      -0.067996       -0.02766
36  4     -0.0105884     -0.0128564
36  5        0.10485     -0.0077696
36  6      -0.018419      -0.077832
36  7       -0.02274        0.06371
36  8      -0.053938        -0.0822
36  9      -0.013172       0.026404
36 10       -0.06633     -0.0061596
36 11     -0.0064784      0.0139114
36 12       -0.02477      0.0128916
36 13      -0.085256     -0.0071306
36 14      -0.023524       0.055828
36 15      -0.057478      -0.031384
36 16        0.06924      0.0116436
36 17      -0.051544       -0.04527
36 18       0.029346      -0.022646
36 19     -0.0197952     -0.0062604
36 20      -0.042374      0.0021314
36 21       0.067082       -0.09848
36 22      -0.064424      -0.021658
36 23      0.0140072       0.060678
36 24       0.021488      -0.031008
36 25      0.0195712      -0.057198
36 26       0.027688        0.09883
36 27     -0.0168438       0.030822
36 28       0.015611       0.038128
36 29     -0.0181478      -0.030528
36 30      0.0059812      0.0126984
36 31        0.05647      -0.031166
36 32      0.0147524      -0.041468
36 33        0.08577       0.052006
36 34       0.064796      -0.009405
36 35      0.0039416      -0.032952
36 36        0.02408        0.05141
37  0      -0.050017              0
37  1     -0.0118038      -0.028416
37  2     -0.0139332     0.00105006
37  3      -0.061288      -0.026288
37  4      -0.033256      -0.003899
37  5       0.020542        0.08039
37  6       0.042008       0.028118
37  7       -0.03529       0.060282
37  8     -0.0183972      0.0100432
37  9      0.0198944      -0.027898
37 10      -0.007879      -0.028288
37 11       0.024078       0.032342
37 12      0.0165014     -0.0178092
37 13    -7.2406e-06       -0.03355
37 14       -0.02445      0.0058822
37 15      -0.020492       0.034588
37 16     -0.0146692      0.0118924
37 17        0.08286      -0.061312
37 18     -0.0196614      -0.025036
37 19      0.0037084      0.0090094
37 20       0.051754      0.0032174
37 21        0.02977       -0.04814
37 22     0.00176536      -0.025236
37 23       0.030024      -0.003964
37 24       0.026478       0.030732
37 25       0.017085      -0.046272
37 26     -0.0113924     -0.0045796
37 27      0.0139004     -0.0141862
37 28      -0.024932       0.048568
37 29      -0.020154      -0.003621
37 30       0.053044      -0.083432
37 31       0.035734     -0.0132094
37 32      0.0155536       -0.06792
37 33       0.015999      -0.076292
37 34      0.0136906    -0.00044866
37 35     -0.0003714      -0.080166
37 36        -0.0248     -0.0182066
37 37        0.08474       0.025254
38  0     -0.0074083              0
38  1      -0.051636     -0.0097988
38  2      -0.061258       0.015307
38  3        -0.0205       0.047804
38  4      0.0106292     -0.0101498
38  5      0.0118234       0.026542
38  6      -0.030528        0.04318
38  7      -0.037788       0.060572
38  8      -0.038356      0.0138254
38  9     -0.0080084     -0.0102324
38 10      0.0147576     -0.0105996
38 11         0.0416       0.079424
38 12        0.03055      0.0136074
38 13       0.023968       0.047048
38 14       -0.03371     -0.0062198
38 15       0.003085      0.0100518
38 16      -0.092038       0.052002
38 17       0.060834       0.035056
38 18     -0.0187216     -0.0133844
38 19       0.022794       0.023874
38 20       0.036154       0.036136
38 21      -0.024722      0.0146314
38 22      0.0052544      -0.026534
38 23     -0.0183786        -0.0818
38 24       0.087926       0.016719
38 25      -0.006638       0.037804
38 26        0.02099       -0.05204
38 27       0.021418       0.034068
38 28       0.020508      -0.036624
38 29      -0.023514        0.07622
38 30       0.026176      -0.038268
38 31       0.041354      -0.016331
38 32        0.02592     -0.0079078
38 33      0.0197542        0.03913
38 34       -0.00308     -0.0103992
38 35      -0.038986      -0.040656
38 36      -0.024582      -0.027878
38 37     0.00125586       -0.00755
38 38      -0.020708      -0.092706
39  0      0.0038076              0
39  1       0.055822       0.040564
39  2     -0.0028656       0.056804
39  3      -0.024416       0.026934
39  4      0.0074882       -0.02294
39  5        0.08199       0.029124
39  6     0.00185664       -0.04132
39  7      0.0153392      0.0131004
39  8       0.031192       0.028956
39  9      -0.014815     -0.0043732
39 10       0.042148     -0.0038556
39 11        0.06251      0.0042424
39 12        0.03655       0.021012
39 13       0.042522       0.017809
39 14       -0.08816     -0.0077044
39 15       0.025082       0.046638
39 16     -0.0185056     -0.0165572
39 17     -0.0090414   -0.000156922
39 18       -0.02024       0.025434
39 19      -0.040518       0.012309
39 20       0.002097      -0.041814
39 21      0.0078952        0.06785
39 22       0.048668        0.03944
39 23      -0.099578      0.0128884
39 24      0.0108238     -0.0069166
39 25      0.0139594       0.027754
39 26      0.0060888      -0.078526
39 27      -0.021772       0.033202
39 28       0.074742       -0.04977
39 29       0.035688     -0.0110002
39 30     -0.0146986     0.00057368
39 31     -0.0043704      0.0022436
39 32       0.036934      -0.040994
39 33      -0.040092     -0.0024112
39 34      -0.065866        0.02751
39 35      -0.059186      -0.047584
39 36       -0.02268      -0.028928
39 37       -0.02598       -0.06458
39 38     -0.0042104       0.004131
39 39      -0.031742      -0.061722
40  0      -0.046332              0
40  1       -0.02432       0.022448
40  2       0.039726       0.024122
40  3      0.0049494       0.027472
40  4      -0.043614      -0.023874
40  5      0.0029988       0.022386
40  6     0.00119414       -0.05117
40  7     -0.0002005      -0.039906
40  8        0.06224      0.0144772
40  9       0.034972       0.024192
40 10      -0.035794      -0.030388
40 11        0.04159      -0.047608
40 12       0.009802      -0.035222
40 13       0.034084       0.010854
40 14      -0.021436       -0.07066
40 15      -0.036002      -0.027054
40 16     -0.0021334     -0.0178044
40 17        0.03505       0.026586
40 18       0.058292      -0.059652
40 19     -0.0101908       0.046528
40 20       0.079712     -0.0022824
40 21      -0.049514       0.051474
40 22       0.020228      -0.024686
40 23        0.02769      -0.002263
40 24      0.0198308       0.009154
40 25      -0.077918     -0.0078076
40 26        0.06561      -0.049682
40 27     -0.0116464      0.0125524
40 28      0.0040196       0.036954
40 29       0.043672       -0.02631
40 30       0.025416      0.0079374
40 31       0.005494     4.2192e-05
40 32     -0.0022704       0.006399
40 33      0.0157306      -0.074806
40 34       -0.05448      -0.032514
40 35      -0.043452      -0.058222
40 36      -0.065216     -0.0077032
40 37      0.0193054      0.0027102
40 38      -0.041056       -0.07177
40 39       0.033138       0.086936
40 40      -0.037124      -0.028508
