 0  0         2.9808              0
 1  0       -0.37099              0
 1  1      -0.177888        0.81666
 2  0        0.15314              0
 2  1         1.5027         2.7688
 2  2         3.1906       -0.84154
 3  0        0.61137              0
 3  1       -1.14288        0.58494
 3  2        0.47426       -0.91182
 3  3         2.0134        1.96656
 4  0        0.23962              0
 4  1       -1.30638       -0.37662
 4  2       -0.38016      0.0157956
 4  3        1.76878       -0.47332
 4  4      -0.023532         0.8788
 5  0      -0.027778              0
 5  1        -1.3798         -0.767
 5  2       -1.86814       0.158684
 5  3        0.80802       -0.76372
 5  4         0.8814         -2.075
 5  5        -0.9764        -0.6997
 6  0       -0.11944              0
 6  1        0.37528        0.28506
 6  2       -1.13694        1.43034
 6  3       -0.25454       -0.68622
 6  4        -0.4935        1.00162
 6  5       -1.78526       -0.57684
 6  6       -0.36968        0.34328
 7  0       -0.25898              0
 7  1        0.45562        -0.6387
 7  2       -0.33216       0.193086
 7  3        0.41054       -0.52502
 7  4   -0.000141442        0.74042
 7  5      0.0171376        1.18988
 7  6        0.66516       -1.10468
 7  7        0.28118       -0.20142
 8  0        -0.3434              0
 8  1       0.088656         0.4928
 8  2       -1.41374        -0.2489
 8  3       -0.38348       0.053566
 8  4        0.49378      -0.162214
 8  5       0.198484        0.36658
 8  6         -0.498      -0.082444
 8  7        0.88626         0.3465
 8  8        0.43268      -0.040482
 9  0        0.20999              0
 9  1        0.50536        0.63106
 9  2      -0.094786       0.050274
 9  3       -0.99412       -0.18088
 9  4       0.175294         -0.172
 9  5        0.52786        -0.0322
 9  6      -0.076324       -0.69114
 9  7       -0.35762       -1.37812
 9  8       -0.67906       -0.51022
 9  9      -0.086694       0.012797
10  0        0.11683              0
10  1        0.30286      -0.175576
10  2        0.39472      -0.071674
10  3       0.091788       -0.21972
10  4       0.199496      -0.064794
10  5      -0.142268        0.05044
10  6        0.15341        0.33932
10  7      -0.100668       0.113032
10  8       -0.38738        0.21244
10  9      0.0122772        0.37508
10 10        -0.4208        0.21124
11  0        0.32391              0
11  1       0.109866       0.194722
11  2      0.0066482       0.126224
11  3       -0.42636       -0.49396
11  4      -0.071236        0.36004
11  5        0.48052         0.6333
11  6        0.24184        0.06308
11  7       -0.48816       -0.30982
11  8      -0.132466      -0.157716
11  9      0.0116418        0.77408
11 10     -0.0132048       0.088714
11 11        -0.2289         0.2889
12  0      -0.065611              0
12  1       -0.25194      -0.035468
12  2        0.23042        -0.5947
12  3       0.138682      -0.179478
12  4       -0.38592         0.4885
12  5      0.0177548        -0.2512
12  6      -0.192836         0.3529
12  7      -0.063406        0.34748
12  8       -0.39876      -0.184266
12  9         0.3662        0.33036
12 10       -0.20512        0.66606
12 11        0.28368        0.26578
12 12       0.055434    -0.00191584
13  0       -0.24043              0
13  1        -0.3559       -0.11826
13  2      -0.046268        0.37866
13  3        -0.3704        0.26212
13  4       0.094758        0.13995
13  5         0.3826       -0.39512
13  6       0.086526      -0.015316
13  7       0.044956       -0.36416
13  8       -0.05226        -0.2443
13  9        0.32952        0.31088
13 10        0.28422        0.28822
13 11       -0.26266       -0.28312
13 12        0.42996       -0.32436
13 13       -0.45924        0.58442
14  0      -0.025419              0
14  1       -0.25862        0.46646
14  2        0.47288        0.03909
14  3        0.27848        0.39236
14  4       -0.26476        0.16239
14  5       0.116386       0.140998
14  6         0.5456      -0.081396
14  7        0.20148        0.05479
14  8       0.036268       -0.22368
14  9        0.27868        0.29396
14 10       0.050486     -0.0192924
14 11       0.143624       -0.58324
14 12       0.066382      -0.129092
14 13       0.077504      0.0168816
14 14        0.31656        0.35178
15  0       -0.11173              0
15  1      -0.126606      -0.008504
15  2       0.041496        0.22054
15  3        0.56964         0.2597
15  4       0.041164       0.038386
15  5      -0.075536      -0.067868
15  6     -0.0059398     -0.0051546
15  7        0.30896        0.45038
15  8        0.22614        -0.2594
15  9      -0.049796         0.2046
15 10       -0.29308      -0.079994
15 11     -0.0050132       0.045674
15 12      -0.153142       -0.47658
15 13      -0.013873      0.0091668
15 14       0.066364      -0.171806
15 15      -0.078918      -0.173948
16  0         0.1617              0
16  1        0.28146       0.121244
16  2      0.0139862      -0.101036
16  3      -0.104544       -0.20202
16  4       0.057844      -0.090714
16  5       0.179084      -0.035286
16  6       0.127332        0.24608
16  7      -0.146966       0.042286
16  8       -0.08389       0.067544
16  9       -0.28786       -0.27918
16 10       -0.16782      -0.123042
16 11       0.154214        0.29678
16 12      -0.011985       -0.15796
16 13       0.116938       0.024574
16 14         0.2467        0.32058
16 15         0.3714      -0.111026
16 16       -0.05865      -0.094252
17  0       0.043967              0
17  1      -0.032868       -0.19019
17  2        0.08661      -0.026458
17  3        0.30122       0.097852
17  4       0.183248        0.10252
17  5       -0.37428      -0.150522
17  6       0.052156      -0.068488
17  7       0.144664       0.025638
17  8        -0.2336       0.061986
17  9       -0.21718        -0.1744
17 10       0.158996       -0.22212
17 11       -0.23192        0.51558
17 12       -0.24388      -0.119254
17 13       0.021422       -0.18232
17 14       0.125922       0.048248
17 15       -0.23276         0.2075
17 16          0.343      -0.196972
17 17      0.0165182       -0.24068
18  0       0.044455              0
18  1     -0.0049354       -0.27506
18  2      -0.175128      -0.077104
18  3      -0.050834       0.022616
18  4       -0.38318      0.0065572
18  5       0.051744      -0.075526
18  6       0.048052      -0.070434
18  7      -0.118956      -0.098092
18  8      -0.042922       0.172076
18  9       -0.20378      -0.125884
18 10      -0.120498       0.097648
18 11       0.041196       0.185836
18 12       -0.03958      -0.045432
18 13      0.0075094        -0.2213
18 14        0.09304      -0.068084
18 15       0.078014      -0.160898
18 16      -0.132092       0.136102
18 17       0.033384       0.091546
18 18        0.12078      -0.193732
19  0      -0.080262              0
19  1      -0.022896      -0.075922
19  2       -0.23382      -0.180202
19  3       0.012122       0.183366
19  4      -0.034164      -0.173206
19  5       0.149496        0.22102
19  6      -0.084502       0.037312
19  7       -0.08595      -0.035938
19  8      -0.066512       0.083706
19  9      -0.113068       0.025384
19 10         0.2284      -0.154162
19 11       0.196028       0.059972
19 12       0.130092       0.055496
19 13       0.093754       -0.11715
19 14       0.033624       0.078818
19 15      -0.061356       0.032886
19 16      -0.157236       -0.09313
19 17       -0.19111      -0.067576
19 18       -0.32442       0.182908
19 19       -0.23072       0.050234
20  0      -0.024131              0
20  1       0.043416       0.020266
20  2      -0.129966        0.03099
20  3      -0.040666        0.23046
20  4      -0.117394      -0.005576
20  5         0.2111      -0.121592
20  6        -0.1851    -0.00079098
20  7       0.024828        0.25766
20  8       0.154674       0.161044
20  9        0.25642       0.058876
20 10      -0.065442         0.1642
20 11       0.099874      -0.105896
20 12       0.144618       0.144924
20 13       0.041438      -0.045954
20 14       0.171884       0.033442
20 15      -0.023202      -0.166552
20 16      -0.054162        0.27404
20 17      -0.025678       -0.07998
20 18       -0.22724       0.123434
20 19        -0.2702        0.11719
20 20       -0.23156       0.055082
21  0       -0.03408              0
21  1       0.045228        0.33222
21  2        0.09657      -0.054178
21  3       0.018047       0.184116
21  4       -0.11464        0.24372
21  5       0.094238      -0.015833
21  6       0.058836     -0.0146734
21  7      -0.025898      -0.086976
21  8         0.2348        0.16416
21  9        0.06609       0.073178
21 10       0.178552       -0.06758
21 11     -0.0070764       -0.32374
21 12     -0.0124944       0.029836
21 13      -0.025226      -0.008824
21 14      -0.197584      -0.030596
21 15        0.20116      -0.125304
21 16      -0.119546      -0.062606
21 17      -0.161608        0.23248
21 18        -0.1093      -0.109034
21 19      -0.090886       0.085912
21 20        0.02361       0.084998
21 21      -0.154272       -0.07026
22  0       0.026398              0
22  1       0.077712         0.2231
22  2       0.141376     -0.0062654
22  3        0.13627      0.0160516
22  4        0.12255       -0.02084
22  5      -0.186442      -0.091448
22  6      -0.148804     -0.0026134
22  7      0.0073678      -0.145766
22  8       0.116744      -0.024602
22  9       0.024856        0.24884
22 10      -0.115332      -0.107208
22 11      -0.023432       -0.21536
22 12      -0.076858      -0.122296
22 13       -0.25508       0.060486
22 14      -0.061208      0.0090926
22 15       0.052236      -0.134418
22 16     0.00126004        0.05468
22 17      -0.129126      -0.046556
22 18       0.063924       0.172034
22 19       0.043272       0.048628
22 20      -0.089644      -0.021246
22 21       0.165394       0.084826
22 22      -0.054496      -0.029422
23  0       0.010729              0
23  1    -0.00085738       0.039962
23  2       0.118562      0.0108296
23  3        0.03421      -0.095516
23  4        0.20072      -0.064642
23  5       0.031138       -0.13359
23  6      -0.064534      -0.031328
23  7      -0.081926      -0.112952
23  8      -0.053828       -0.22348
23  9       0.177866      -0.062168
23 10       -0.31482      -0.133928
23 11     -0.0020892       0.039572
23 12       -0.05041      -0.119958
23 13      -0.071324     -0.0120562
23 14      -0.060484      -0.105228
23 15     -0.0030656      -0.067094
23 16       0.043622        -0.0379
23 17      -0.166656      -0.014766
23 18       0.058008        0.04918
23 19       0.057484       0.099464
23 20        0.02803     -0.0118884
23 21       0.060278      -0.053218
23 22        0.27716      -0.098194
23 23       0.072786       0.136756
24  0        0.02435              0
24  1       0.022888      0.0073796
24  2        0.02158       0.090184
24  3      0.0129644      -0.088136
24  4     -0.0179386       0.044802
24  5      -0.164666      -0.037624
24  6      -0.118752      0.0102274
24  7         0.2127      -0.052468
24  8       -0.18407      -0.026008
24  9       -0.05858        0.05711
24 10      -0.096982       -0.09503
24 11       0.042684      0.0031798
24 12       -0.11532       0.165436
24 13     0.00158446      0.0145202
24 14       0.158142     -0.0071754
24 15       0.073084      -0.073216
24 16       -0.12615       0.072598
24 17      -0.045524        0.01959
24 18       0.140886       0.057232
24 19      0.0184234       0.044058
24 20     -0.0032004      0.0086524
24 21     0.00061402      -0.074524
24 22      -0.142118      -0.062224
24 23       0.038844       0.002686
24 24       0.024458     -0.0161674
25  0      -0.051327              0
25  1       0.088986        -0.2265
25  2      -0.144464       0.047234
25  3     -0.0070586      -0.055242
25  4      -0.014644       0.093076
25  5       0.085324      -0.031256
25  6      -0.162342      -0.021482
25  7       0.043466       -0.07421
25  8      -0.054268      -0.067836
25  9      -0.187546        0.16472
25 10       0.003249       0.125994
25 11      0.0034652       0.088592
25 12      0.0080712       -0.13682
25 13     -0.0147858      -0.063414
25 14       0.080188       0.188818
25 15       0.033816      -0.095594
25 16       0.140422      0.0080806
25 17      -0.031736       0.081472
25 18      -0.097992      0.0104458
25 19        0.05551      -0.118672
25 20       0.007423       0.048114
25 21     -0.0171992       0.044314
25 22       0.038218       0.048202
25 23       0.006126     -0.0064762
25 24       0.022664     -0.0152386
25 25       0.068812      -0.148038
26  0      -0.025737              0
26  1       0.027534       0.061948
26  2     -0.0130292      -0.149414
26  3     -0.0028182      0.0179882
26  4      -0.138246       0.080852
26  5        0.04319       0.077036
26  6      0.0197568       -0.04892
26  7      -0.037304      -0.087442
26  8       0.045916      -0.049902
26  9      -0.077514      0.0027836
26 10       0.189292      -0.011607
26 11       0.088754       0.135904
26 12       0.125314      -0.122328
26 13      -0.052676      -0.006231
26 14      -0.022008      0.0094964
26 15      -0.081712     -0.0112918
26 16       0.103058      -0.112088
26 17      -0.046338       0.051288
26 18      -0.045008       0.023288
26 19      -0.067098       0.002418
26 20      0.0110938        0.03706
26 21       0.109128      -0.036156
26 22       -0.10383      -0.140436
26 23       0.072708       0.071562
26 24       0.067476       -0.07819
26 25      -0.077132      -0.074482
26 26      0.0111538      -0.040978
27  0      0.0069499              0
27  1      -0.034094        0.09512
27  2       0.015365      0.0144668
27  3        0.10693       0.046046
27  4      -0.085262      -0.140458
27  5       0.023322        0.06443
27  6      -0.049752       0.055456
27  7      -0.032386       0.022962
27  8      0.0138142      -0.065322
27  9       -0.07847      -0.002458
27 10       0.107064       0.086216
27 11       0.031556      -0.011633
27 12       0.062384      -0.048352
27 13       0.058588      -0.085026
27 14      -0.110242     -0.0153972
27 15      0.0088446       -0.02895
27 16     -0.0106752      -0.151984
27 17        0.06119      -0.049976
27 18      -0.023388       0.043694
27 19      -0.067992      0.0048086
27 20       0.050672     -0.0198894
27 21        0.02517      -0.014097
27 22       0.105592      -0.153106
27 23      -0.042152       0.065306
27 24       0.073002     -0.0073466
27 25      0.0197904      -0.053728
27 26      -0.063524       0.060264
27 27       0.037094       -0.05768
28  0      0.0055423              0
28  1       0.014084       0.048862
28  2       0.043924       0.081206
28  3        0.08014       0.173326
28  4       0.042248      0.0077554
28  5       0.091904      0.0045546
28  6     -0.0121846      -0.050208
28  7      -0.079454       0.036536
28  8       0.038884       0.100088
28  9     -0.0124876      -0.021288
28 10      -0.007126     -0.0148434
28 11      -0.028876      -0.053802
28 12      0.0115186     -0.0006167
28 13        0.11043       0.050454
28 14       0.061812      0.0110734
28 15      -0.137074      -0.112532
28 16      0.0066776       0.091402
28 17       0.159586       0.046392
28 18       0.049072       0.056116
28 19      -0.034706        0.02968
28 20       0.032212      -0.038718
28 21      -0.047168      0.0116488
28 22       0.041682      0.0108274
28 23       0.050418      -0.042906
28 24       0.025268        0.09547
28 25      -0.072672       -0.21598
28 26      -0.064548      -0.043206
28 27     -0.0134532        0.17611
28 28     -0.0056052      -0.039338
29  0        0.02417              0
29  1      0.0044442       0.021886
29  2      -0.038994     0.00051118
29  3       0.049598      -0.045644
29  4       0.080714       0.103752
29  5      -0.050048     -0.0195188
29  6       0.109198      0.0062898
29  7      -0.122778     -0.0094862
29  8       0.027032       0.041744
29  9      0.0129082       0.018222
29 10      -0.148918       0.094636
29 11       0.027698      -0.030026
29 12       -0.11236       0.078986
29 13      -0.055578       0.034262
29 14      -0.036246       0.074318
29 15         0.0797      -0.052668
29 16      -0.086778      -0.033652
29 17      0.0105484        0.05654
29 18      -0.111274       0.055894
29 19      -0.071972       0.112768
29 20      -0.068976      -0.031696
29 21       -0.02746      0.0071428
29 22        0.04787     0.00148382
29 23       0.039064      0.0175328
29 24      -0.033566       0.031902
29 25     -0.0089612    -0.00098796
29 26       -0.05567      -0.114898
29 27      -0.040462       0.037614
29 28      -0.044252       0.122708
29 29     -0.0134518      -0.056328
30  0    -0.00082431              0
30  1       0.023822      0.0101066
30  2       0.031584      0.0011892
30  3      -0.007487      -0.085702
30  4       0.033766       0.048074
30  5       0.029196      -0.035964
30  6       0.020222        0.12543
30  7      -0.051326      -0.003992
30  8      -0.087884      -0.029848
30  9       0.025306      -0.067926
30 10      -0.043996       0.053988
30 11     0.00060392       0.072836
30 12       0.028944      0.0054194
30 13      -0.058618      -0.127516
30 14       0.111304      0.0082768
30 15      -0.104812       0.013348
30 16        0.10848     -0.0037822
30 17     -0.0123332      -0.100902
30 18      0.0037008     -0.0153724
30 19      -0.129496       0.018615
30 20      -0.037892      -0.029774
30 21      -0.059922      -0.013193
30 22      -0.040958      -0.037328
30 23       0.082834     -0.0071672
30 24      -0.116578       0.046986
30 25      -0.038758      -0.058068
30 26       -0.03129      -0.053484
30 27       0.028758        0.05896
30 28        0.05617     -0.0020158
30 29      0.0132956      -0.018622
30 30      -0.048808      -0.049546
31  0      -0.027811              0
31  1     -0.0195562      -0.103646
31  2       -0.08392      -0.082262
31  3      0.0166154      -0.029684
31  4      -0.143162      -0.037024
31  5      -0.040292    -0.00031096
31  6      -0.009701       0.052732
31  7       0.032694       0.047002
31  8      -0.074712       0.038666
31  9       0.024476      -0.027942
31 10      -0.029768      -0.020084
31 11      -0.024722       0.083966
31 12       0.059338       0.059956
31 13        0.13604     -0.0094038
31 14       0.061258      -0.169262
31 15       0.056762      -0.023246
31 16       0.022064      -0.045692
31 17     -0.0029644      0.0142914
31 18       0.097002       0.002182
31 19      -0.026998      -0.045396
31 20      -0.072018      -0.012643
31 21      -0.055186      0.0045032
31 22      -0.045318      0.0128858
31 23       0.019195      -0.058046
31 24      -0.011493       0.054456
31 25       -0.10608      -0.028638
31 26     -0.0133232       -0.03376
31 27      -0.029996       0.067684
31 28       0.039548       0.061938
31 29      -0.023462      -0.016465
31 30     -0.0024642      -0.039674
31 31      -0.091922      -0.041466
32  0      -0.014549              0
32  1      -0.056568    -0.00107586
32  2     -0.0145812       -0.05431
32  3     -0.0163926       0.027334
32  4      -0.065204        0.03753
32  5      -0.011565      -0.004374
32  6      -0.066802     0.00066124
32  7       0.124616     -0.0055796
32  8      -0.011699      0.0140188
32  9     -0.0163388        0.02338
32 10      -0.044742       0.049666
32 11      -0.085056       0.045588
32 12      -0.004225      -0.042234
32 13       0.117876       0.033886
32 14       0.075226      -0.060678
32 15       0.028462      -0.035816
32 16      0.0140826       -0.05234
32 17      -0.059202     -0.0036534
32 18        0.02956        0.11276
32 19      0.0128576      0.0051436
32 20       0.020102      -0.087356
32 21      -0.057204      -0.002528
32 22       0.029422       0.027208
32 23       0.004067      0.0184204
32 24        0.03886      0.0117674
32 25     -0.0096034       0.021294
32 26      -0.028024     -0.0160194
32 27      -0.038878      -0.002265
32 28      -0.075122       0.131804
32 29      -0.067716       0.097424
32 30      -0.029862    -0.00102684
32 31      -0.027756       0.044544
32 32      -0.007775      0.0140754
33  0     -0.0094729              0
33  1      0.0073276      -0.019447
33  2      -0.040462      -0.050724
33  3       0.032394      0.0086628
33  4       -0.04141      -0.040218
33  5     -0.0197174       0.102328
33  6       0.018107         0.0246
33  7       -0.03862      0.0064048
33  8       0.020904      -0.004789
33  9        0.06152       0.064842
33 10      -0.032132     -0.0121432
33 11     0.00089616      0.0166642
33 12      0.0184158      -0.067332
33 13      -0.059088      -0.055176
33 14       0.024822      -0.032094
33 15      0.0092792       -0.05491
33 16      -0.110486       0.021054
33 17       0.014513       -0.04071
33 18       0.061442      0.0195742
33 19      -0.064288       0.022784
33 20      0.0159572       0.027324
33 21      -0.102416      -0.071594
33 22     -0.0196412       0.062174
33 23       0.003639      -0.034972
33 24        -0.0624       -0.05207
33 25       0.055518      -0.023182
33 26       0.032482       0.025722
33 27      -0.044674       0.020448
33 28      -0.019038       0.053794
33 29       0.018277       0.015333
33 30      0.0096378      -0.021694
33 31      -0.064268       0.038488
33 32      0.0013122      0.0064466
33 33     -0.0141936       0.021326
34  0       0.020602              0
34  1      -0.048288       0.070618
34  2      -0.025084       -0.06763
34  3       0.128632        0.05835
34  4       -0.00433      -0.100628
34  5      -0.024144      -0.047014
34  6     -0.0021788       0.022428
34  7       0.040264      -0.069504
34  8      -0.040614     -0.0137194
34  9       0.051236       0.048914
34 10       0.074466       0.021416
34 11       0.020458      0.0053518
34 12      -0.035084      -0.050212
34 13       -0.03059      -0.095462
34 14       -0.06576     -0.0193716
34 15       0.050682      -0.031452
34 16      0.0131248      -0.082244
34 17      -0.019451       0.039038
34 18       0.041748      0.0145254
34 19       0.020534      -0.025476
34 20      -0.085414       0.023654
34 21       -0.03672     -0.0085154
34 22       0.116068       0.029574
34 23      -0.024138     -0.0042002
34 24      -0.007865       0.013184
34 25       0.054278      -0.105878
34 26      -0.049182       0.035304
34 27       0.026128       0.077446
34 28      0.0186096       0.031434
34 29        0.05115      0.0035566
34 30       0.111404       0.054426
34 31      -0.023538       0.022696
34 32        -0.0606       0.070944
34 33      -0.019616     -0.0124746
34 34      -0.013085       0.023792
35  0      0.0094218              0
35  1      -0.054926      -0.029286
35  2      -0.021408      -0.040096
35  3     -0.0077436         0.0756
35  4        0.11517      0.0093424
35  5     0.00071634      -0.092534
35  6      -0.059928       0.032928
35  7       0.030744       0.020466
35  8      -0.023218      -0.009458
35  9     -0.0163206     -0.0141596
35 10       0.061222       0.021594
35 11        0.03654       0.054058
35 12      -0.062322       0.026388
35 13     -0.0095766       0.022774
35 14       0.014391       0.068782
35 15       -0.03702      0.0129178
35 16       0.052322      -0.018816
35 17      -0.047944      -0.010334
35 18       0.040094       0.059166
35 19       0.051728       0.037694
35 20      -0.053558      -0.047014
35 21      -0.040948       0.032826
35 22     -0.0023406       -0.02458
35 23      -0.026762        -0.0201
35 24      -0.047196     -0.0183256
35 25       0.024862       0.015297
35 26        0.02886     -0.0153474
35 27     -0.0033004       -0.07497
35 28       -0.02907       0.043244
35 29       0.023986       0.103706
35 30        0.03611      0.0069628
35 31       0.033998      0.0045782
35 32       0.060092       0.098584
35 33      0.0185802      0.0100808
35 34       0.042302      0.0020718
35 35       -0.04166     -0.0036354
36  0       0.025736              0
36  1       0.077926      -0.049582
36  2     -0.0114878      -0.040116
36  3      -0.042248      -0.022052
36  4      -0.005755       -0.02069
36  5       0.102252     -0.0094378
36  6     -0.0149076      -0.090814
36  7       0.003627       0.038282
36  8      -0.066242      -0.070172
36  9     -0.0023428       0.048932
36 10       -0.04985      0.0061076
36 11     0.00035988       0.016179
36 12     -0.0036958      0.0116958
36 13      -0.095126      0.0077374
36 14       0.011758       0.031322
36 15     -0.0181932      -0.032696
36 16       0.067308       0.016208
36 17       -0.04279      -0.042834
36 18       0.027228     -0.0193568
36 19      -0.040822     -0.0051774
36 20      -0.034844     -0.0057662
36 21       0.061502      -0.087656
36 22       -0.04018     -0.0172654
36 23       0.028008       0.058582
36 24       0.031534      -0.042778
36 25      0.0173656       -0.03875
36 26       0.020514         0.0956
36 27     -0.0129912       0.025922
36 28     -0.0060532      0.0181688
36 29     -0.0155602      -0.028128
36 30       0.026384      0.0049338
36 31       0.051516      -0.050758
36 32       0.024042      -0.050928
36 33        0.09464       0.049102
36 34       0.049986      -0.005847
36 35     -0.0049608      -0.026386
36 36       0.002082       0.052696
37  0      -0.036041              0
37  1     -0.0120588     -0.0098242
37  2      0.0095582      0.0047892
37  3      -0.055804      -0.040064
37  4       -0.02833       -0.02695
37  5     -0.0092758       0.060944
37  6       0.050742       0.020222
37  7     -0.0148572       0.051474
37  8      -0.017586       0.009053
37  9       0.030952      -0.031416
37 10      0.0036068     -0.0033494
37 11      0.0118082         0.0222
37 12       0.025244     -0.0165156
37 13     -0.0125384      -0.031918
37 14      0.0040948     -0.0156246
37 15      0.0040388        0.02484
37 16      -0.026576       0.022072
37 17       0.088458       -0.05346
37 18        -0.0223      -0.003437
37 19       -0.02628      0.0102634
37 20        0.07001       0.023812
37 21       0.033662      -0.053612
37 22     -0.0131504      -0.023858
37 23       0.034656     -0.0105972
37 24      0.0155786       0.020484
37 25      0.0120972      -0.045722
37 26      0.0046458     0.00130026
37 27      0.0059036     -0.0176104
37 28      -0.029982       0.035344
37 29      -0.016695      -0.024014
37 30       0.061666      -0.085222
37 31       0.032924     -0.0136664
37 32      0.0155096      -0.074196
37 33     -0.0089514      -0.064402
37 34       0.028564     -0.0025872
37 35      0.0068918      -0.077224
37 36      -0.027436      -0.006003
37 37       0.037516      0.0098402
38  0      0.0054242              0
38  1       -0.03979      -0.005551
38  2      -0.055706      0.0059348
38  3      -0.035924        0.02196
38  4       0.004265      -0.021796
38  5     -0.0156164       0.006134
38  6      -0.043278       0.030616
38  7      -0.021074       0.044576
38  8      -0.028716       0.039988
38  9     -0.0050382     -0.0184786
38 10      0.0069162      0.0052118
38 11       0.037658       0.087596
38 12       0.040282      0.0175742
38 13      0.0097912       0.041622
38 14     -0.0195224      -0.026172
38 15      0.0084796      0.0050936
38 16       -0.09156       0.043246
38 17       0.065472       0.033582
38 18     -0.0136054     -0.0041392
38 19      0.0190262       0.035786
38 20       0.050102       0.058688
38 21     -0.0124018    -0.00173598
38 22     0.00189642      -0.037012
38 23     -0.0090838       -0.07964
38 24       0.073512     -0.0022976
38 25     -0.0091356       0.028986
38 26       0.040292      -0.011804
38 27        0.02052      0.0079034
38 28       0.033136      -0.031906
38 29       -0.02532        0.08227
38 30      0.0141138       -0.05488
38 31       0.040786      -0.023238
38 32       0.027274      0.0048226
38 33      0.0137654       0.053022
38 34     -0.0158554      -0.022402
38 35      -0.021584      -0.046204
38 36     -0.0172412      -0.032342
38 37        0.02741      -0.004813
38 38      -0.055136      -0.076266
39  0      0.0020037              0
39  1       0.055322       0.027558
39  2     -0.0115774       0.054492
39  3     -0.0193936       0.031344
39  4      0.0062168     -0.0132188
39  5       0.064514       0.020626
39  6      -0.005518      -0.032868
39  7      0.0196504      0.0123478
39  8       0.024898       0.033318
39  9      -0.026056       0.003418
39 10        0.02314       0.021506
39 11       0.062996       0.021752
39 12       0.040034      0.0176484
39 13       0.034192      0.0114578
39 14      -0.081922     -0.0105552
39 15       0.020226       0.046568
39 16     -0.0166236      -0.021326
39 17     0.00116792     -0.0055044
39 18     -0.0175608       0.021104
39 19      -0.059062      0.0141564
39 20     -0.0043746      -0.020128
39 21       0.020482       0.037262
39 22       0.026076       0.034234
39 23      -0.096356     -0.0131694
39 24       0.026164     -0.0081814
39 25      -0.004443       0.034322
39 26      0.0161632       -0.06082
39 27      -0.026198       0.025956
39 28       0.074524      -0.060282
39 29       0.038722      -0.008895
39 30     -0.0094064      0.0163786
39 31      -0.033374      0.0056552
39 32       0.031562      -0.045074
39 33      -0.029584     -0.0063916
39 34      -0.069516       0.044858
39 35      -0.063816      -0.049346
39 36      -0.026786       -0.03532
39 37     -0.0096608      -0.073372
39 38     -0.0032112    -0.00134508
39 39      -0.030486      -0.046792
40  0      -0.025704              0
40  1     -0.0089498      0.0131222
40  2       0.031854      0.0120548
40  3      0.0177874        0.02854
40  4      -0.057848     -0.0127074
40  5        0.01143         0.0231
40  6     -0.0116172      -0.037834
40  7      0.0094858      -0.025982
40  8       0.059848       0.014636
40  9       0.054672      0.0171576
40 10      -0.043224     -0.0153812
40 11       0.054642      -0.040038
40 12       0.017427       -0.03031
40 13       0.033256     -0.0004767
40 14      -0.032066       -0.06025
40 15     -0.0133836      -0.035962
40 16     -0.0110612       -0.00871
40 17       0.041348       0.046038
40 18       0.055252      -0.049456
40 19      -0.020028       0.058806
40 20        0.06853       0.001564
40 21       -0.03811       0.052456
40 22      0.0048076      -0.020142
40 23       0.021332    -0.00058296
40 24       0.022848      0.0075214
40 25      -0.073742      -0.008294
40 26       0.061658      -0.055834
40 27      0.0054352      0.0162772
40 28      0.0048096        0.01832
40 29       0.043522     -0.0062504
40 30       0.031384     -0.0127654
40 31       0.025414     -0.0047886
40 32     -0.0144248     -0.0049278
40 33      0.0078446      -0.087038
40 34      -0.057936      -0.038542
40 35      -0.046182       -0.04654
40 36      -0.045166      -0.022476
40 37      0.0141592      0.0014006
40 38      -0.030892      -0.078884
40 39       0.033564       0.074946
40 40     -0.0198726      -0.025402
