 0  0          2.945              0
 1  0      -0.022205              0
 1  1       -0.54786        0.49086
 2  0        0.38219              0
 2  1        1.33702         2.4838
 2  2         2.8184        -1.0056
 3  0        0.53693              0
 3  1       -1.09798         0.3998
 3  2       0.121996       -0.61234
 3  3        1.99842        1.65242
 4  0        0.31689              0
 4  1       -1.16444         -0.226
 4  2       -0.73384       0.146772
 4  3        1.73502       -0.38278
 4  4      -0.012734         1.1177
 5  0       -0.32237              0
 5  1       -1.40348       -0.69064
 5  2       -1.89192        0.29424
 5  3        0.76074       -0.72876
 5  4        1.22724        -2.1374
 5  5       -1.01358       -0.74002
 6  0      -0.048992              0
 6  1        0.47054         0.5502
 6  2        -1.1561        1.39352
 6  3        -0.2614       -0.83408
 6  4       -0.36656        0.82146
 6  5       -1.83454        -0.5168
 6  6      -0.184012        0.42674
 7  0       -0.33363              0
 7  1        0.37208       -0.79876
 7  2       -0.27666        0.26094
 7  3        0.44986       -0.55556
 7  4      -0.050692        0.82586
 7  5        0.02574        1.14268
 7  6        0.53172       -1.22242
 7  7        0.32036       -0.04791
 8  0       -0.34897              0
 8  1       0.190372        0.48668
 8  2        -1.3392       -0.24832
 8  3       -0.35948      -0.109358
 8  4        0.41666       -0.07967
 8  5         0.2512         0.2348
 8  6       -0.51734       0.049206
 8  7        0.63754        0.26926
 8  8        0.42888      -0.196136
 9  0       0.052486              0
 9  1          0.426        0.51098
 9  2      -0.165048       0.123944
 9  3       -1.02256       -0.29644
 9  4        0.09181      -0.133518
 9  5        0.51602       -0.09878
 9  6       -0.27682       -0.58256
 9  7       -0.29644        -1.2584
 9  8       -0.62244       -0.49944
 9  9      -0.063998      0.0188496
10  0        0.04246              0
10  1          0.324      -0.044732
10  2        0.20118     0.00081878
10  3       0.065398       -0.24026
10  4       0.070364      -0.136966
10  5        -0.2258       0.073054
10  6       0.117232        0.35134
10  7      -0.060392       0.090468
10  8       -0.32312       0.067134
10  9      -0.065798        0.37732
10 10       -0.48248       0.118492
11  0        0.28108              0
11  1     -0.0171534        0.29382
11  2      -0.016031       0.120778
11  3       -0.43906       -0.39232
11  4     -0.0062888        0.45048
11  5        0.42802        0.60696
11  6        0.33856       0.051182
11  7       -0.47262        -0.2627
11  8      -0.086484      -0.198702
11  9       0.072954        0.65998
11 10       0.024546       0.103868
11 11       -0.21848        0.33214
12  0      0.0065787              0
12  1       -0.32482       0.067248
12  2       0.166822       -0.66414
12  3       0.141034      -0.122234
12  4       -0.34528         0.5627
12  5       0.030046       -0.30652
12  6      -0.198004        0.31616
12  7      -0.003155        0.33334
12  8       -0.36302        -0.2688
12  9        0.29448         0.2972
12 10      -0.095318        0.62204
12 11        0.39882        0.23188
12 12       0.049046        -0.0904
13  0       -0.25399              0
13  1       -0.40952       -0.16541
13  2     -0.0061512        0.42108
13  3       -0.28862        0.26588
13  4       0.038512         0.2055
13  5        0.25578        -0.3197
13  6        0.16512      -0.039636
13  7     -0.0099564       -0.36142
13  8       -0.19388       -0.22342
13  9        0.34734        0.24404
13 10        0.22102         0.2674
13 11       -0.25874       -0.23492
13 12        0.47458       -0.33436
13 13       -0.42736        0.59872
14  0      -0.061451              0
14  1       -0.24354        0.44276
14  2        0.40672       -0.03816
14  3         0.3034         0.3618
14  4       -0.26168        0.14915
14  5       0.124774        0.06216
14  6         0.4146       -0.05572
14  7        0.17684       0.120916
14  8       0.109192       -0.25714
14  9        0.22902        0.22374
14 10       0.062202      -0.059906
14 11          0.223       -0.53396
14 12       0.123838      -0.170468
14 13       0.116784       0.022502
14 14         0.3369        0.34026
15  0      -0.062597              0
15  1      -0.084606       -0.12947
15  2      -0.057336        0.30752
15  3        0.53366         0.3085
15  4       0.053782      0.0094852
15  5       -0.11267      -0.095126
15  6       0.004541       -0.03764
15  7        0.27286        0.44826
15  8       0.152264       -0.22982
15  9      -0.062436       0.192778
15 10        -0.3236      -0.062208
15 11        0.04199       0.046038
15 12      -0.154294        -0.5168
15 13      -0.074164       0.068392
15 14       0.104796      -0.165366
15 15      -0.092582      -0.131734
16  0        0.14024              0
16  1        0.22768       0.116584
16  2     -0.0094014      -0.129904
16  3      -0.027152      -0.124912
16  4       0.041684      -0.070402
16  5       0.150602      -0.046382
16  6        0.03025        0.22272
16  7     -0.0136782       0.082116
16  8       -0.07035       0.108926
16  9        -0.3275       -0.22882
16 10      -0.090534      -0.110032
16 11       0.161588         0.2132
16 12      -0.059598      -0.152218
16 13       0.095066       0.050488
16 14       0.197912        0.27748
16 15        0.30626      -0.088322
16 16      -0.026206      -0.103458
17  0       0.011877              0
17  1     -0.0091728      -0.090164
17  2       0.011973      -0.023438
17  3        0.35908         0.0968
17  4       0.174578       0.131028
17  5       -0.34562      -0.155778
17  6       0.067818      -0.071774
17  7        0.11918       0.013559
17  8      -0.174968         0.0217
17  9       -0.28182       -0.25936
17 10        0.14141       -0.21448
17 11       -0.21792         0.4549
17 12       -0.28382      -0.096032
17 13      0.0076322      -0.181902
17 14       0.182168      0.0166914
17 15       -0.24264       0.165158
17 16        0.20704      -0.189918
17 17     -0.0034652       -0.22494
18  0        0.04043              0
18  1      -0.028072        -0.2716
18  2      -0.169182      -0.095324
18  3       -0.03837      -0.021704
18  4       -0.42804        0.03287
18  5       0.047854       -0.03064
18  6       0.033076      -0.039638
18  7      -0.073146      -0.113772
18  8      -0.086584       0.190134
18  9      -0.143598      -0.129804
18 10      -0.115694       0.061686
18 11     -0.0090086       0.190494
18 12      0.0135942      -0.033742
18 13     -0.0195556       -0.20844
18 14       0.102176      -0.128448
18 15        0.09697       -0.15391
18 16      -0.167394        0.11879
18 17     -0.0155138       0.057184
18 18       0.082646      -0.143548
19  0      -0.052041              0
19  1       0.038428      -0.107462
19  2       -0.27312      -0.164712
19  3       0.031514       0.160566
19  4      0.0142644      -0.194174
19  5        0.23044       0.195328
19  6       -0.08876       0.024488
19  7      -0.151488      -0.035126
19  8      -0.094758       0.064252
19  9      -0.130774      0.0180454
19 10       0.182944      -0.125066
19 11         0.2011       0.099448
19 12       0.116014       0.101716
19 13        0.12395      -0.140886
19 14       0.086028       0.088442
19 15      -0.161962        0.11938
19 16      -0.087682      -0.065208
19 17        -0.2014        0.01876
19 18       -0.26804       0.186328
19 19       -0.21256      0.0096844
20  0      -0.032934              0
20  1       0.032546      -0.032996
20  2      -0.137858      -0.041086
20  3      -0.112942       0.174504
20  4       -0.15716     -0.0121636
20  5        0.25432      -0.134538
20  6      -0.196922      -0.042926
20  7    1.42008e-05       0.199468
20  8        0.17944        0.17331
20  9        0.28288       0.038648
20 10     -0.0074184       0.054286
20 11       0.039574       -0.11818
20 12        0.20038       0.172088
20 13       0.020198      -0.061054
20 14       0.112164      0.0061086
20 15      -0.039016       -0.17329
20 16      -0.057944        0.22566
20 17      -0.050688      -0.152344
20 18      -0.198842       0.079112
20 19       -0.22712       0.048218
20 20      -0.176118      0.0116922
21  0      -0.094183              0
21  1       0.033674        0.32028
21  2       0.082464      -0.086526
21  3       0.067562       0.176608
21  4      -0.113758        0.21026
21  5       0.052772      -0.081424
21  6        0.09746     -0.0167336
21  7      0.0039356      -0.120198
21  8        0.28414       0.098676
21  9      -0.026938        0.09749
21 10       0.150102      -0.126302
21 11      -0.065214       -0.25906
21 12       0.041456       0.047832
21 13       0.073316      -0.025328
21 14        -0.2181      0.0036892
21 15         0.2192      -0.105456
21 16      -0.130034      -0.053904
21 17       -0.12981       0.196664
21 18      -0.112624      -0.058652
21 19      -0.054372       0.151842
21 20       0.064618       0.068998
21 21      -0.164844       -0.09987
22  0       0.019206              0
22  1       0.039198        0.22822
22  2       0.091988      -0.031924
22  3       0.057502        0.02801
22  4        0.13969      0.0138018
22  5      -0.147598       -0.05575
22  6      -0.093204      -0.038188
22  7       -0.02084      -0.074034
22  8        0.10891      0.0156046
22  9        0.07207       0.142948
22 10      -0.141572      -0.073236
22 11      -0.059616       -0.19762
22 12      -0.097512      -0.126014
22 13       -0.26904       0.064982
22 14      -0.022812       0.037126
22 15       0.050998      -0.137846
22 16      -0.076602       0.063924
22 17       -0.08427       -0.06436
22 18       0.031952       0.134432
22 19       0.045262        0.04671
22 20      -0.074364        0.03813
22 21        0.20768       0.135244
22 22        -0.0357      -0.070276
23  0       0.040666              0
23  1       0.031612       0.100646
23  2        0.10148     -0.0048206
23  3       0.014567      -0.134078
23  4       0.145502      -0.081274
23  5        0.06164      -0.098352
23  6      -0.081524      0.0197254
23  7      -0.140778      -0.109074
23  8     -0.0109226       -0.20032
23  9         0.2041      -0.049394
23 10       -0.30244      -0.156716
23 11      0.0163556     -0.0123084
23 12      -0.071536      -0.120302
23 13     -0.0120972        0.02471
23 14      -0.089092      -0.080132
23 15      -0.024878      -0.074294
23 16       0.074456        0.04785
23 17      -0.128474    -0.00170202
23 18       0.062164       0.026944
23 19        0.07353       0.028534
23 20       0.044014      -0.035496
23 21        0.03182     -0.0140874
23 22        0.26972      -0.086322
23 23       0.039502       0.106612
24  0       0.035312              0
24  1        0.03364      0.0032134
24  2       0.027454       0.032218
24  3      -0.003158       -0.07434
24  4      -0.021228        0.04469
24  5      -0.067496      -0.013076
24  6        -0.1144       0.051544
24  7       0.197398      -0.080298
24  8      -0.102734      -0.003017
24  9     -0.0126868       0.058338
24 10       -0.09063      -0.133406
24 11        0.06291     -0.0048782
24 12      -0.152598       0.125914
24 13       0.044786      0.0007104
24 14       0.195914     -0.0178228
24 15       0.044544      -0.113404
24 16      -0.119808       0.090844
24 17      -0.049664      0.0174338
24 18       0.146926       0.042136
24 19       0.078124       0.063368
24 20      -0.021182        0.03977
24 21      -0.022954      -0.127808
24 22      -0.162442      -0.033388
24 23      0.0006693        0.02967
24 24       0.051994      0.0078126
25  0      -0.026884              0
25  1       0.041898       -0.20292
25  2       -0.11833        0.05646
25  3       0.020048      -0.063388
25  4       -0.04833       0.092002
25  5       0.080316      -0.046472
25  6      -0.115058       0.059264
25  7       0.052854      -0.110388
25  8      -0.088736      -0.093158
25  9        -0.2196       0.157228
25 10      0.0108342       0.091578
25 11       0.046486       0.089298
25 12      -0.038534      -0.137852
25 13       0.021444      -0.032968
25 14       0.044334        0.24856
25 15        0.08715       -0.02842
25 16       0.157534       0.030112
25 17     -0.0193046       0.095018
25 18       -0.09191      -0.038162
25 19       0.038126      -0.167692
25 20       0.024382       0.023904
25 21      -0.061686       0.023654
25 22       0.074286       0.062306
25 23       -0.03225     -0.0083016
25 24        0.04893      -0.021654
25 25       0.075026       -0.09561
26  0     -0.0040494              0
26  1      -0.023494       0.010431
26  2       -0.06108      -0.116058
26  3      0.0160442       0.019811
26  4      -0.114986        0.05518
26  5      0.0102216        0.06056
26  6      0.0060776      -0.021202
26  7       0.024404      -0.075152
26  8       0.061826      -0.100388
26  9      -0.121242      -0.076804
26 10       0.194454      -0.002371
26 11       0.152412       0.123638
26 12       0.083508      -0.132834
26 13      -0.022158      0.0113704
26 14        0.01501       0.025954
26 15      -0.097206       0.029606
26 16       0.066076      -0.107112
26 17      -0.023324       0.053606
26 18       -0.09796      -0.028184
26 19      -0.054924        0.04293
26 20        0.04545      -0.020602
26 21        0.03862     -0.0088608
26 22      -0.046348      -0.078798
26 23        0.06177       0.007728
26 24      0.0029888      -0.054482
26 25      -0.111362       -0.05847
26 26      -0.026938     -0.0040476
27  0      0.0063952              0
27  1      -0.021132       0.060724
27  2       0.029014     -0.0047358
27  3       0.149666       0.041052
27  4      -0.092518      -0.164128
27  5       0.027706       0.081108
27  6      -0.065644       0.048718
27  7      -0.031288       0.038638
27  8      0.0020884      -0.030522
27  9      -0.072062       0.017238
27 10       0.117706       0.068964
27 11     -0.0054438        -0.0482
27 12        0.04369      -0.078588
27 13       0.068478      -0.050988
27 14       -0.05909     -0.0178896
27 15       0.036226      -0.025106
27 16      -0.011073      -0.143184
27 17        0.08369      -0.079532
27 18      -0.013804       0.043494
27 19      -0.062626      0.0117154
27 20       0.082624      0.0189484
27 21      0.0174534     -0.0184584
27 22       0.072504        -0.1944
27 23      -0.033224       0.053622
27 24       0.087626    -0.00082412
27 25       0.005697      -0.057894
27 26      -0.065344       0.035554
27 27        0.06081    -0.00121752
28  0     -0.0092944              0
28  1      0.0052116        0.04106
28  2       0.061748       0.129376
28  3       0.130048        0.15078
28  4       0.064456     -0.0178598
28  5       0.080416     -0.0045628
28  6     -0.0045652      -0.073812
28  7      -0.067272       0.018794
28  8        0.04435       0.094172
28  9       -0.03029     -0.0128056
28 10      -0.046992      -0.054404
28 11      -0.064154      -0.049134
28 12       0.042564       0.025228
28 13       0.101896       0.029272
28 14        0.05684     -0.0056838
28 15       -0.11351      -0.093626
28 16       0.020942       0.113346
28 17       0.123874     0.00163274
28 18       0.032504        0.06988
28 19      -0.027394        0.02374
28 20      -0.025778      -0.030096
28 21       -0.08561      0.0128902
28 22       0.029336      0.0022448
28 23      0.0158714      -0.075222
28 24       -0.04987       0.079482
28 25        0.02424      -0.156704
28 26      -0.029218      -0.057386
28 27     -0.0063454       0.135196
28 28    -0.00181846      -0.033218
29  0       0.035461              0
29  1      -0.029122       0.033908
29  2      -0.015937       0.026778
29  3        0.05206        0.02605
29  4       0.107738        0.06176
29  5      -0.038018      -0.060232
29  6       0.089622       0.041598
29  7      -0.117698     -0.0164774
29  8       0.068306       0.036474
29  9      -0.017398       0.002247
29 10      -0.123356       0.077734
29 11       0.037824       -0.03698
29 12       -0.04802       0.070772
29 13     -0.0129884       0.021838
29 14       -0.02002    0.000152796
29 15        0.07138      0.0165266
29 16      -0.122886       -0.05556
29 17       0.036596       0.062554
29 18      -0.095436       0.059828
29 19      -0.107462       0.087892
29 20       -0.04552      -0.055362
29 21      -0.038372      -0.030814
29 22       0.031378       -0.04304
29 23        0.06575     -0.0040338
29 24      0.0109116       0.024652
29 25      -0.024946       0.034262
29 26     -0.0122284      -0.092896
29 27     -0.0178226       0.045496
29 28        0.02132       0.116746
29 29      0.0085246      -0.042068
30  0       0.019769              0
30  1       0.052798      -0.023482
30  2      0.0182324      0.0101084
30  3      -0.031396      -0.105814
30  4       0.031848       0.025508
30  5       0.056192      -0.053684
30  6       0.041152       0.101764
30  7      0.0093022       0.002563
30  8      -0.041622      -0.025792
30  9       0.023012       -0.05498
30 10      -0.040096       0.031264
30 11      0.0156702       0.038916
30 12     0.00179368      0.0136224
30 13      -0.021648      -0.098486
30 14       0.079742     -0.0143068
30 15      -0.082264        0.08339
30 16        0.08479       -0.02211
30 17       -0.03345      -0.102042
30 18      -0.022746      -0.023308
30 19      -0.128382       0.035276
30 20       -0.05703      -0.040978
30 21      -0.043746     0.00145172
30 22     -0.0037612      -0.023568
30 23       0.059768       -0.02886
30 24      -0.095758       0.072066
30 25     -0.0161664      -0.038178
30 26      -0.021944      -0.025548
30 27       0.010098       0.042358
30 28       0.112736        0.06319
30 29        0.02154      -0.028144
30 30      -0.077566      -0.024582
31  0      -0.051925              0
31  1     0.00065706      -0.127978
31  2      -0.065828      -0.043742
31  3       0.033452      -0.045446
31  4      -0.117644       -0.08355
31  5      -0.043826      0.0066982
31  6      -0.025874       0.051474
31  7        0.10324       0.036356
31  8     -0.0181614       0.058778
31  9       0.061406      -0.070492
31 10      -0.060242      -0.055404
31 11      -0.021226       0.057136
31 12       0.082616     -0.0037872
31 13       0.121726     -0.0165044
31 14       0.050942      -0.152456
31 15       0.067676     -0.0020138
31 16      0.0066204      -0.030628
31 17     -0.0056796     -0.0077004
31 18       0.088524        0.04153
31 19     -0.0112052      -0.051718
31 20      -0.030034      -0.064306
31 21      -0.079666        0.02913
31 22      -0.033388       0.031984
31 23    -0.00156362      -0.072342
31 24     -0.0067624        0.02407
31 25      -0.098574      -0.030092
31 26       -0.03205      -0.025156
31 27       -0.00515       0.039454
31 28       0.050178       0.064166
31 29      0.0110818      -0.015731
31 30      -0.047152      -0.055454
31 31      -0.080456      -0.057536
32  0      -0.033622              0
32  1      -0.066332      -0.045214
32  2      -0.042436      -0.070158
32  3     -0.0070712     -0.0031986
32  4      -0.060478        0.03631
32  5      -0.023832       0.025122
32  6      -0.072382      0.0195854
32  7       0.095376     -0.0022932
32  8     -0.0079396       0.039152
32  9       -0.03566       0.024992
32 10      -0.039052       0.034838
32 11       -0.08191       0.028436
32 12    -0.00020992       -0.05609
32 13       0.090292       0.039202
32 14       0.071036      -0.051828
32 15        0.02432     -0.0151234
32 16       0.047524      -0.071874
32 17      -0.086908     -0.0165994
32 18      0.0194578        0.14557
32 19       0.054236      0.0163336
32 20       0.029244      -0.098554
32 21      -0.058148      0.0039284
32 22     -0.0099554        0.04178
32 23       0.008433      0.0065152
32 24       0.064484       0.022668
32 25      -0.002155       0.046208
32 26      -0.039822      -0.020326
32 27       0.023366       0.025152
32 28      -0.072864       0.116076
32 29      -0.074544       0.122466
32 30      -0.039014       0.024286
32 31      -0.027502       0.048388
32 32    -0.00027038       0.033922
33  0    -0.00048792              0
33  1     -0.0174764     -0.0122214
33  2      -0.105376       -0.02216
33  3       0.026924     -0.0041746
33  4      -0.048814      -0.036808
33  5     -0.0140632       0.118912
33  6      0.0002326        0.02537
33  7       -0.04058      0.0189282
33  8       0.052694      0.0151488
33  9       0.022188       0.045982
33 10        -0.0597     -0.0176884
33 11        0.02258        0.03225
33 12      0.0073164      -0.048922
33 13      -0.074612      -0.064296
33 14      0.0034174      -0.059684
33 15      0.0190054       0.006612
33 16      -0.073156        0.03808
33 17      -0.000477      -0.043084
33 18       0.043804      -0.034306
33 19     -0.0095704       0.033628
33 20     -0.0007935      0.0104504
33 21      -0.093266       -0.05847
33 22       -0.00462        0.06469
33 23     -0.0043206      -0.060426
33 24      -0.093198      -0.073364
33 25       0.058734      0.0047882
33 26       0.025904       0.025634
33 27      -0.030444      0.0187296
33 28      0.0052338        0.02952
33 29     -0.0047898        0.04308
33 30     -0.0102334     -0.0198848
33 31      -0.063668      0.0091738
33 32       0.031164       0.034382
33 33      -0.020978       0.035324
34  0       0.021994              0
34  1       -0.03883       0.086856
34  2      -0.030772      -0.049894
34  3       0.073368       0.085428
34  4    -0.00036946       -0.04059
34  5        0.04676      -0.045864
34  6      0.0161274       0.021604
34  7      0.0046492      -0.103252
34  8    -0.00165658     -0.0080824
34  9       0.043196       0.065908
34 10      0.0179652      0.0121802
34 11      0.0080392      0.0065404
34 12      -0.034602      -0.051016
34 13      0.0042264      -0.055556
34 14       -0.03409      0.0126474
34 15       0.070588      -0.051862
34 16     -0.0119828      -0.062824
34 17     -0.0160574      0.0180722
34 18       0.066644      0.0041376
34 19      0.0135058      -0.040774
34 20      -0.091412      -0.008976
34 21       -0.04489      -0.022726
34 22        0.05775       0.051786
34 23      -0.024702      0.0171854
34 24     -0.0165302      -0.024148
34 25        0.03893      -0.124124
34 26        -0.0514         0.0427
34 27       0.023186       0.056226
34 28     -0.0004768       0.024752
34 29        0.03841      0.0129442
34 30       0.067546       0.045948
34 31      -0.016272     -0.0152534
34 32        -0.0585        0.05043
34 33     -0.0150576     -0.0159308
34 34      -0.030036       0.037438
35  0      0.0014198              0
35  1      -0.023184     -0.0045594
35  2     -0.0082216       -0.04904
35  3     -0.0150976        0.05971
35  4       0.086468       0.022958
35  5       0.013511      -0.077876
35  6      -0.047068      0.0066924
35  7       0.036562     -0.0018456
35  8      -0.027168      0.0124566
35  9      0.0127162     0.00105538
35 10        0.03549      0.0071054
35 11        0.03774       0.033496
35 12      -0.054906      0.0155882
35 13        0.00693      0.0156826
35 14        0.05468       0.043554
35 15      0.0085096      0.0097032
35 16       0.037924      -0.016719
35 17       -0.03393      -0.023364
35 18       0.021814       0.038612
35 19       0.040308        0.04964
35 20      -0.043562      -0.043416
35 21      -0.044608       0.053348
35 22     -0.0143928      -0.040672
35 23       -0.02521     -0.0094858
35 24      -0.033242    -0.00054854
35 25       0.038168       0.049308
35 26       0.034542      -0.017981
35 27     -0.0108324      -0.060316
35 28      -0.062634        0.04927
35 29     -0.0120092         0.0812
35 30       0.012408     -0.0117462
35 31       0.037812     0.00085562
35 32       0.057544       0.067822
35 33      0.0093304      0.0157804
35 34       0.023494      -0.003791
35 35     -0.0183762     0.00062558
36  0       0.037106              0
36  1       0.086204     -0.0053308
36  2      -0.025172      -0.060608
36  3     -0.0084194      -0.047068
36  4       0.008304      -0.029642
36  5       0.099524     -0.0039194
36  6     -0.0179772       -0.12586
36  7     -0.0039054      0.0085408
36  8      -0.085528      -0.034858
36  9      0.0082518        0.05045
36 10      -0.029672       0.028246
36 11     -0.0066102        0.02039
36 12       0.018263     -0.0066286
36 13      -0.096046      0.0059848
36 14     -0.0194068       0.021402
36 15        0.05313     -0.0074216
36 16       0.065436     -0.0127914
36 17      -0.030584       -0.03185
36 18      0.0184864      -0.050084
36 19      -0.053702     -0.0158928
36 20      -0.039136      0.0008053
36 21        0.03041      -0.028928
36 22      -0.040156      -0.009382
36 23         0.0361        0.07579
36 24       0.046274      -0.040404
36 25      0.0155086      -0.038218
36 26       0.028472       0.126442
36 27      0.0081288      0.0190682
36 28      -0.025304     -0.0037012
36 29      0.0041088      -0.002533
36 30      0.0138304     -0.0158548
36 31      0.0129712     -0.0170124
36 32       0.021508      -0.025486
36 33       0.114618        0.06603
36 34      -0.002237      0.0049284
36 35      -0.004472      -0.024334
36 36    -0.00055666       0.060768
37  0     -0.0029395              0
37  1       0.042738     -0.0116702
37  2      0.0062302     -0.0059886
37  3      -0.079006      -0.035244
37  4       -0.02856      0.0027416
37  5     -0.0128804        0.06598
37  6       0.054948      0.0177626
37  7     -0.0193432       0.054044
37  8      -0.056298      0.0010644
37  9       0.045718      -0.022456
37 10     -0.0033692   -0.000116362
37 11      0.0040138      0.0118924
37 12       0.038436      -0.039472
37 13      -0.021922      -0.043192
37 14      -0.031158      -0.061084
37 15      0.0079056       0.047086
37 16      -0.022998      0.0007701
37 17       0.094662       -0.04221
37 18     -0.0160154      -0.025556
37 19      -0.038798      0.0085952
37 20       0.040702      0.0188126
37 21       0.044318      -0.077156
37 22      -0.022542      -0.050324
37 23       0.073662       0.031772
37 24       0.043536     -0.0171872
37 25       0.025822      -0.031536
37 26        0.02002     -0.0074376
37 27     -0.0137692      -0.038236
37 28      -0.036474       0.023848
37 29     -0.0170072      -0.051158
37 30        0.05603      -0.046656
37 31     -0.0153944     -0.0047588
37 32      0.0181014      -0.040358
37 33     -0.0072192      -0.021014
37 34       0.037024     -0.0104832
37 35      0.0087086      -0.050104
37 36      -0.026948      -0.002223
37 37       0.020352       0.007618
38  0      0.0039471              0
38  1      -0.031984     -0.0031488
38  2      -0.050436      0.0129662
38  3      -0.037398       0.023764
38  4      -0.045876     -0.0124926
38  5      -0.023644    -0.00087172
38  6      -0.055038      0.0145672
38  7     -0.0104068        0.05107
38  8       -0.02842        0.05805
38  9      0.0077566     -0.0071778
38 10    -0.00077514      0.0116456
38 11      0.0147396       0.066634
38 12       0.059476       0.030332
38 13     -0.0113024       0.059308
38 14      -0.045078      -0.041676
38 15       0.026744       0.024584
38 16      -0.067162       0.023508
38 17        0.04213       0.023938
38 18     0.00168422     -0.0171868
38 19        0.03571       0.041488
38 20       0.057814       0.081652
38 21     -0.0058618      -0.003887
38 22        0.03743      -0.072974
38 23       0.029738      -0.046628
38 24       0.037574       0.026006
38 25       0.016031       0.032922
38 26        0.06615     0.00182686
38 27      0.0195624      0.0077534
38 28       0.030182    -0.00046458
38 29      -0.026116       0.049072
38 30     -0.0079388      -0.030328
38 31       0.043276     -0.0069986
38 32      0.0095022        0.02414
38 33       0.024784       0.055882
38 34      -0.014389      0.0108328
38 35      0.0108476      -0.032644
38 36       0.015016     -0.0134226
38 37       0.044268      -0.022172
38 38      -0.072582      -0.058624
39  0     -0.0084913              0
39  1       0.023338       0.027356
39  2    -0.00157098       0.060322
39  3      -0.012022        0.02476
39  4       0.007187       0.005339
39  5        0.06776        0.03139
39  6     0.00073544       -0.02804
39  7       0.017803      0.0091934
39  8       0.020536      0.0182114
39  9     -0.0043644      0.0050096
39 10        0.02207      0.0147064
39 11       0.026846     -0.0079518
39 12      0.0162256      0.0031726
39 13       0.032762      0.0159028
39 14      -0.063822      0.0043012
39 15       0.018512       0.058806
39 16      0.0038358      -0.032308
39 17      0.0182168      -0.024934
39 18      -0.029016       0.037942
39 19      -0.045012       0.023788
39 20     -0.0089216     -0.0062128
39 21      0.0135374       0.049852
39 22       0.021528        0.02617
39 23      -0.118192      -0.014595
39 24       0.028626      0.0038082
39 25      -0.037616       0.036478
39 26     -0.0053472      -0.035864
39 27      -0.024208        0.02088
39 28      0.0166978        -0.0443
39 29      0.0199698       0.020092
39 30       -0.03676      0.0146966
39 31       -0.02653     -0.0037994
39 32       0.032016      -0.045302
39 33      -0.023964      0.0070988
39 34       -0.05182       0.049312
39 35      -0.057678      -0.038722
39 36      -0.042318      -0.026856
39 37      -0.025078       -0.04742
39 38      -0.024954      -0.005362
39 39      -0.032486      -0.014943
40  0      -0.013507              0
40  1      0.0074142      -0.010129
40  2      0.0158536       -0.02087
40  3       0.026872       0.036462
40  4      -0.047958      -0.027302
40  5      0.0177716       0.028292
40  6      -0.006794     -0.0140982
40  7      0.0112924     -0.0118794
40  8       0.064578       0.037232
40  9       0.046432      -0.002048
40 10     -0.0143106       0.004546
40 11       0.045544      -0.073166
40 12    -0.00017305      -0.036546
40 13        0.02727      -0.019832
40 14      -0.024134      -0.040828
40 15     -0.0061528      -0.014875
40 16      -0.027268      0.0176992
40 17       0.046746       0.030884
40 18       0.030376      -0.049372
40 19      -0.022656       0.042416
40 20       0.063608      0.0045486
40 21      -0.049672       0.046928
40 22      0.0170484      -0.037836
40 23     -0.0188308       0.024824
40 24       0.037526      0.0070716
40 25      -0.076354      -0.011873
40 26       0.054796       -0.03391
40 27     -0.0039758        0.01471
40 28      -0.023696        0.02971
40 29       0.037124      -0.020624
40 30      0.0125602     -0.0090392
40 31        0.03213       0.026524
40 32      -0.036908      -0.023622
40 33      0.0161426      -0.071038
40 34      -0.055528      -0.009323
40 35      -0.050704      -0.077422
40 36      -0.022934      -0.043104
40 37        0.00266       0.002777
40 38      -0.040454      -0.064354
40 39        0.02168       0.063258
40 40    -0.00082356     -0.0186036
