 0  0         2.8118              0
 1  0        0.38355              0
 1  1       -1.02168       0.110078
 2  0        0.65604              0
 2  1         1.0445        1.99688
 2  2          2.182       -1.23826
 3  0        0.41405              0
 3  1       -1.05374       0.090222
 3  2       -0.26196        -0.2756
 3  3        1.78672        1.21908
 4  0        0.42593              0
 4  1        -0.9825      -0.052146
 4  2       -1.04836        0.37902
 4  3        1.63946       -0.23994
 4  4      -0.026606        1.29814
 5  0         -0.605              0
 5  1       -1.40708       -0.56282
 5  2       -1.97304        0.32622
 5  3        0.77006       -0.70504
 5  4        1.54464        -2.1146
 5  5       -1.06998       -0.81878
 6  0       0.056593              0
 6  1        0.53974        0.74022
 6  2       -1.07502        1.25042
 6  3        -0.2748       -1.01822
 6  4      -0.191846        0.69696
 6  5       -1.71786       -0.49776
 6  6      -0.064456         0.5331
 7  0       -0.39581              0
 7  1        0.30256       -0.96684
 7  2       -0.29908        0.35586
 7  3        0.43982        -0.5741
 7  4      -0.069814        0.79756
 7  5       0.036544         1.0548
 7  6        0.33718       -1.29834
 7  7         0.4487   -0.000134016
 8  0       -0.33618              0
 8  1       0.198438         0.4438
 8  2       -1.19492       -0.22506
 8  3       -0.37038        -0.2298
 8  4         0.3615       0.068174
 8  5        0.29688       0.110332
 8  6       -0.56186        0.15285
 8  7        0.36808        0.25506
 8  8        0.41224       -0.34032
 9  0      -0.074069              0
 9  1        0.37764         0.3422
 9  2       -0.24498       0.158294
 9  3       -0.91994       -0.36576
 9  4       0.055868      -0.082924
 9  5        0.48226       -0.08542
 9  6        -0.3852       -0.44632
 9  7       -0.24652       -1.07638
 9  8       -0.42836       -0.28092
 9  9       0.022938      -0.054118
10  0      -0.026071              0
10  1         0.3327       0.066866
10  2      -0.032726     -0.0128562
10  3      0.0067636      -0.161542
10  4      -0.021492      -0.120306
10  5      -0.195918       0.098176
10  6        0.11208        0.36988
10  7      0.0177552        0.06861
10  8        -0.2387       0.037204
10  9       -0.05912        0.37268
10 10        -0.3872        0.12124
11  0        0.18917              0
11  1      -0.103954        0.41222
11  2      -0.032824        0.19438
11  3       -0.46132       -0.34242
11  4       0.021456        0.43626
11  5        0.44158        0.55638
11  6        0.40306        0.06125
11  7        -0.5136       -0.28632
11  8       0.040964      -0.098912
11  9       0.128796        0.54822
11 10      -0.120974       0.134818
11 11       -0.22084         0.5253
12  0       0.038895              0
12  1        -0.3669       0.156292
12  2        0.20122       -0.69546
12  3       0.094908       -0.07421
12  4       -0.26732         0.6171
12  5       0.021468       -0.22744
12  6      -0.114784        0.24092
12  7     -0.0059072        0.35602
12  8       -0.39268       -0.26408
12  9         0.2498        0.29082
12 10       -0.08046        0.52808
12 11        0.34288        0.28532
12 12       0.078252      -0.182904
13  0       -0.20316              0
13  1       -0.44416        -0.2152
13  2       0.062352         0.3742
13  3       -0.29578        0.20596
13  4       0.085962        0.22912
13  5        0.26454        -0.2844
13  6       0.176764       -0.15242
13  7       -0.02204       -0.32836
13  8       -0.15723       -0.20606
13  9        0.34582       0.195206
13 10       0.178298        0.26124
13 11       -0.24962       -0.22596
13 12        0.41338       -0.40284
13 13       -0.42928        0.65882
14  0      -0.096169              0
14  1      -0.198872         0.3618
14  2        0.37548      -0.041776
14  3        0.29102        0.34764
14  4       -0.23446        0.13773
14  5       0.070742      0.0068232
14  6        0.36614     -0.0166774
14  7       0.022978       0.084142
14  8       0.044346       -0.27038
14  9        0.15276       0.199556
14 10      0.0113072      -0.101062
14 11       0.196266        -0.4858
14 12       0.181504        -0.2564
14 13     -0.0078924       0.020956
14 14        0.27538         0.2697
15  0      -0.047553              0
15  1       -0.12779      -0.170976
15  2      -0.100546        0.27198
15  3        0.45184        0.27138
15  4      -0.059574      -0.062962
15  5      -0.078978      -0.106902
15  6        0.02194      -0.047162
15  7        0.24356        0.39888
15  8       0.087464       -0.18867
15  9      -0.119348       0.199678
15 10       -0.34492      0.0020848
15 11      -0.010395        0.04811
15 12       -0.20734       -0.47792
15 13      -0.066538       0.123342
15 14       0.137244       -0.31304
15 15       -0.14169      -0.134604
16  0       0.055395              0
16  1         0.2312       0.140258
16  2      -0.020178      -0.097092
16  3       0.109496      -0.066492
16  4       0.011754      -0.027502
16  5       0.169644       -0.02717
16  6      -0.052392        0.21334
16  7      0.0092084       0.045316
16  8      -0.072976        0.10065
16  9       -0.27172        -0.2146
16 10       -0.06055      -0.097996
16 11       0.170968       0.154008
16 12      -0.060796        -0.2248
16 13       0.085684      0.0078622
16 14       0.178628        0.24518
16 15        0.30974      -0.133264
16 16       -0.03406       -0.12303
17  0     -0.0095448              0
17  1      -0.080944      -0.040114
17  2     0.00198728       -0.07327
17  3        0.35082        0.10264
17  4       0.170594       0.028566
17  5        -0.3004      -0.110276
17  6        0.09324       0.007388
17  7       0.103944       0.066298
17  8      -0.166402      -0.012893
17  9       -0.27944        -0.2742
17 10       0.141352      -0.112092
17 11      -0.195718        0.32738
17 12        -0.2058      -0.058872
17 13     -0.0010665      -0.153534
17 14         0.2038      -0.029106
17 15       -0.25796       0.079824
17 16       0.150766      -0.137274
17 17      0.0183816       -0.20802
18  0       0.031937              0
18  1      0.0066568       -0.20644
18  2      -0.123218      -0.052524
18  3      -0.051986      -0.023064
18  4       -0.44024      0.0067938
18  5       0.132198      0.0058162
18  6       0.093684      -0.030482
18  7       -0.04574      -0.075546
18  8      -0.076192        0.23292
18  9      -0.121372        -0.2397
18 10      -0.163206       0.035904
18 11       0.007491        0.20394
18 12      -0.056738      -0.057166
18 13      0.0021946      -0.179122
18 14       0.148754       -0.12993
18 15       0.110558       -0.10776
18 16      -0.131114       0.185272
18 17     -0.0091878       0.063184
18 18       0.052968       -0.11194
19  0      -0.038151              0
19  1       0.048808      -0.150898
19  2        -0.2899       -0.15295
19  3       0.065822       0.196268
19  4      0.0063804       -0.22346
19  5       0.192994       0.182448
19  6      -0.044706     -0.0058988
19  7      -0.144622      -0.058604
19  8      -0.092104       0.068274
19  9      -0.101664        0.04254
19 10       0.177044      -0.121342
19 11        0.20018       0.155876
19 12       0.143316       0.071084
19 13       0.095878      -0.155214
19 14       0.078598       0.086628
19 15      -0.185102       0.101186
19 16      -0.084284      -0.060684
19 17      -0.131528       0.114374
19 18        -0.2287        0.20922
19 19       -0.18884        0.04783
20  0      -0.031197              0
20  1       0.040416      -0.066272
20  2      -0.150908      -0.085546
20  3      -0.086532        0.12924
20  4      -0.149848      -0.023212
20  5        0.21782         -0.148
20  6      -0.156426       -0.04681
20  7       0.046734       0.130406
20  8       0.146248        0.16276
20  9        0.25024       0.029842
20 10      -0.052508      0.0144324
20 11     -0.0051992       -0.11919
20 12        0.22172        0.14446
20 13      0.0066462     -0.0042652
20 14       0.100286     -0.0154076
20 15      -0.104052      -0.164574
20 16      -0.038288        0.23436
20 17      0.0101976      -0.169544
20 18       -0.22494       0.051954
20 19       -0.22012       0.055184
20 20      -0.050306        0.02745
21  0       -0.11773              0
21  1     -0.0103242         0.2398
21  2       0.033314       -0.07946
21  3        0.04352       0.164868
21  4      -0.136542        0.22508
21  5        0.04697      -0.084792
21  6       0.114108        0.01713
21  7       0.020122      -0.092196
21  8        0.25206       0.106358
21  9       0.016464       0.084352
21 10       0.156972      -0.120562
21 11      -0.086384       -0.21952
21 12       0.042492       0.036348
21 13       0.050686      -0.027456
21 14        -0.2179      0.0072684
21 15         0.2236      -0.117436
21 16       -0.11308     0.00064876
21 17      -0.085888        0.20366
21 18      -0.132322      -0.067418
21 19      -0.053988       0.088532
21 20        0.10462        0.06624
21 21       -0.13301       -0.13107
22  0      0.0075868              0
22  1      0.0091214         0.1861
22  2       0.028102      0.0110734
22  3        0.04461       0.035272
22  4       0.092766     -0.0112262
22  5      -0.139568      -0.035996
22  6      -0.095642     -0.0046166
22  7     -0.0133374       -0.07582
22  8       0.120244       0.050492
22  9       0.016736       0.113818
22 10       -0.10025       -0.06045
22 11        -0.0398        -0.2099
22 12      -0.087384      -0.098372
22 13       -0.18238        0.03123
22 14     -0.0079306       0.008539
22 15      0.0167584      -0.142308
22 16      -0.015703       0.066296
22 17      -0.082978      -0.072728
22 18      -0.012861       0.146344
22 19       0.041888       0.022408
22 20      -0.035006       0.022098
22 21       0.147776       0.092004
22 22       -0.06548       -0.07594
23  0     -0.0014455              0
23  1       0.034596       0.110384
23  2       0.071782      0.0128392
23  3       0.023386      -0.101214
23  4       0.137314      -0.093876
23  5       0.076626      -0.076718
23  6      -0.068226     0.00137468
23  7      -0.105518      -0.021012
23  8       0.043378      -0.147096
23  9        0.20016      -0.027006
23 10       -0.29024      -0.175298
23 11       0.005365       0.014035
23 12      -0.032196      -0.075606
23 13     -0.0062818       0.033538
23 14       -0.06409     -0.0082814
23 15     -0.0060782      -0.062572
23 16       0.069198       0.083312
23 17       -0.10092      -0.045362
23 18       0.044028       0.038056
23 19        0.08069    -0.00186342
23 20        0.07546      -0.042152
23 21     -0.0150328     -0.0182836
23 22        0.20594      -0.115676
23 23       0.017883       0.061616
24  0       0.019292              0
24  1       0.053066        0.04392
24  2       0.047246      0.0144294
24  3       0.012522       -0.05338
24  4     -0.0066732         0.0577
24  5      -0.029616     -0.0058544
24  6      -0.103278       0.068218
24  7        0.20354      -0.055286
24  8      -0.038914       0.064602
24  9       0.033332       0.060964
24 10        -0.0423       -0.16745
24 11       0.055426      0.0166666
24 12      -0.162476       0.102078
24 13     -0.0019808      0.0051346
24 14       0.133938       0.038854
24 15        0.07825      -0.123218
24 16      -0.121984       0.099138
24 17      -0.072998      -0.019899
24 18       0.111236       0.039682
24 19        0.05423       0.068072
24 20      -0.025616       0.003384
24 21       0.043818      -0.127998
24 22      -0.130604        -0.0202
24 23     -0.0197804      -0.034654
24 24       0.028012        0.05422
25  0      -0.017915              0
25  1       0.059784      -0.173892
25  2      -0.086484       0.064504
25  3       0.036958      -0.083026
25  4       -0.07687       0.094118
25  5       0.127322     -0.0078468
25  6      -0.117514       0.034866
25  7        0.06241       -0.07348
25  8      -0.052316      -0.117464
25  9      -0.187426       0.136506
25 10      -0.016134       0.074858
25 11       0.084394       0.061856
25 12      -0.058656      -0.117106
25 13       0.036742      -0.024606
25 14       0.065312        0.22394
25 15       0.091478      0.0023828
25 16       0.146524       0.040578
25 17     -0.0190726       0.046296
25 18       -0.09049      -0.035264
25 19      0.0147686       -0.18997
25 20       0.047222       0.008567
25 21      -0.055144     -0.0102118
25 22       0.084922        0.06311
25 23      -0.003652      -0.031846
25 24       0.077448     -0.0018318
25 25       0.078458      -0.048812
26  0     -0.0019523              0
26  1     -0.0035774        -0.0674
26  2      -0.034676       -0.12043
26  3       0.058728      0.0035494
26  4      -0.150666       0.044162
26  5      0.0043342       0.047912
26  6   -0.000161018     -0.0145986
26  7       0.045832      -0.095716
26  8       0.045774      -0.068968
26  9      -0.110604      -0.063808
26 10       0.151218     -0.0191418
26 11       0.164038       0.097138
26 12        0.06624      -0.161532
26 13      -0.038756      0.0003135
26 14       0.085294        0.02242
26 15      -0.053364       0.031684
26 16       0.024376      -0.126488
26 17      -0.023874        0.05161
26 18      -0.071964       -0.03293
26 19      -0.042738        0.05048
26 20       0.055626      -0.025184
26 21       0.024334    -0.00172238
26 22       0.006535      -0.076394
26 23       0.030136      -0.020866
26 24      -0.005384     -0.0132704
26 25       -0.08584      -0.053236
26 26     -0.0076406      -0.032606
27  0       0.012325              0
27  1     -0.0115306     7.7006e-06
27  2       0.032104      -0.035332
27  3       0.099142      0.0067608
27  4      -0.109866       -0.17207
27  5      0.0033228       0.064082
27  6      -0.070032      0.0120138
27  7      -0.057218      0.0075498
27  8        0.03566       -0.02088
27  9      -0.028582      0.0182082
27 10       0.084268        0.06322
27 11      -0.027476       -0.04585
27 12      0.0182226      -0.086498
27 13        0.02567      -0.021048
27 14       -0.03936     0.00164496
27 15      0.0172958      -0.032914
27 16      0.0164936      -0.163728
27 17       0.062654      -0.069008
27 18      -0.026598       0.057382
27 19      -0.035934      -0.012183
27 20       0.076264      0.0066192
27 21       0.000651      -0.016413
27 22        0.04985      -0.166192
27 23       -0.05264       0.032184
27 24       0.042318     -0.0094962
27 25        0.02217     -0.0146772
27 26      -0.100408      0.0199924
27 27        0.06398     -0.0195328
28  0     -0.0076626              0
28  1     -0.0012766       0.057004
28  2        0.06508       0.128726
28  3        0.06273       0.100184
28  4       0.045334      -0.043758
28  5       0.058408      0.0065126
28  6      -0.034722       -0.06556
28  7      -0.121492      0.0078972
28  8       0.067822       0.098494
28  9      -0.052314      -0.005811
28 10     -0.0161742      -0.005526
28 11      -0.069592      -0.029338
28 12       0.084256     -0.0035324
28 13        0.07729       0.059456
28 14       0.051698     -0.0131882
28 15      -0.136674      -0.089772
28 16       0.041732       0.073818
28 17       0.115328     -0.0024348
28 18       0.024354       0.020648
28 19      -0.029822       0.033286
28 20     -0.0033076     -0.0050992
28 21      -0.085104     -0.0055764
28 22     -0.0030808       0.027444
28 23       0.023778        -0.0598
28 24      -0.116628       0.064218
28 25       0.021224      -0.102506
28 26      -0.038272       -0.04559
28 27     -0.0144692       0.120954
28 28      -0.007329       -0.02993
29  0      -0.000376              0
29  1      -0.033742       0.046148
29  2      -0.003504       0.062502
29  3       0.047872       0.039436
29  4       0.123298       0.060704
29  5      -0.020402      -0.059362
29  6       0.098422       0.050908
29  7      -0.116832      0.0003272
29  8       0.069678       0.051612
29  9     -0.0116654        0.02433
29 10      -0.078804       0.055058
29 11      0.0163192      -0.035694
29 12      -0.053934       0.060488
29 13      -0.003123       0.035024
29 14      -0.047174    -0.00055572
29 15       0.023284     0.00140908
29 16      -0.093746      -0.032392
29 17       0.021614       0.056494
29 18       -0.12088       0.071274
29 19      -0.086784       0.047694
29 20      -0.055992      -0.020302
29 21      -0.074058      -0.053648
29 22       0.021522      -0.039436
29 23        0.03117     0.00096464
29 24     -0.0045214       0.066874
29 25       -0.02975       0.044562
29 26     -0.0130422      -0.072478
29 27      -0.027126       0.069752
29 28      0.0139758       0.144972
29 29      0.0083512      -0.036626
30  0       0.036076              0
30  1       0.059024     -0.0116332
30  2     -0.0037116      0.0147114
30  3      -0.033242       -0.07593
30  4       0.021158       0.049746
30  5       0.069554      -0.047718
30  6      0.0140584       0.104884
30  7      0.0104134      0.0077252
30  8      -0.041674     -0.0157932
30  9       0.041418      -0.044066
30 10     -0.0171668      0.0185008
30 11      0.0127714       0.021854
30 12       0.037962     -0.0023858
30 13     -0.0197214      -0.082204
30 14       0.044474      -0.037832
30 15      -0.065664       0.078908
30 16       0.115176        0.03575
30 17     -0.0117046      -0.130452
30 18      -0.026824     -0.0094952
30 19      -0.102592       0.055234
30 20      -0.038922      -0.043242
30 21        -0.0747      -0.034886
30 22      0.0104434     -0.0143854
30 23       0.066316     -0.0100072
30 24      -0.096776       0.080578
30 25      -0.028954      0.0087142
30 26      0.0189336      0.0120466
30 27      0.0088614      0.0059856
30 28       0.096482       0.065744
30 29      -0.019782      -0.016516
30 30      -0.063532       -0.03774
31  0      -0.046553              0
31  1       0.043204      -0.150678
31  2      -0.034004     -0.0124854
31  3       0.039906      -0.065522
31  4      -0.091524       -0.06495
31  5      -0.035386     -0.0183392
31  6      0.0020506       0.041898
31  7       0.101946        0.02837
31  8      -0.015446       0.028878
31  9        0.05167      -0.079636
31 10      -0.047542      -0.040642
31 11      0.0020824       0.029914
31 12        0.09163       -0.02017
31 13       0.100928     -0.0048624
31 14       0.046452      -0.171738
31 15       0.057864      -0.032278
31 16      0.0166012      -0.020884
31 17     -0.0023338      -0.024926
31 18       0.095602       0.029904
31 19       -0.01549       -0.05057
31 20     -0.0095932      -0.032376
31 21      -0.091266       0.025332
31 22      -0.040594        0.02876
31 23       0.002038       -0.04996
31 24       0.026972       0.028986
31 25        -0.0903      -0.039386
31 26      -0.012718     -0.0193044
31 27     -0.0116576       0.077396
31 28       0.020652       0.038768
31 29      0.0163682     -0.0139366
31 30       -0.05351      -0.064946
31 31      -0.093536      -0.046876
32  0      -0.030745              0
32  1      -0.069872       -0.05083
32  2      -0.020534      -0.064154
32  3       0.019933      -0.023628
32  4       -0.08269       0.065522
32  5      -0.024842      0.0086062
32  6      -0.057012       0.043544
32  7        0.10874      -0.039104
32  8      -0.012377       0.036498
32  9      -0.050064     -0.0108708
32 10      -0.061038       0.026694
32 11       -0.08462       0.027136
32 12     -0.0151806      -0.063528
32 13       0.073648      0.0196794
32 14       0.083318      -0.028258
32 15      0.0114098      0.0039818
32 16       0.006631       -0.05982
32 17      -0.059974      -0.012606
32 18     -0.0103472       0.096994
32 19        0.04505       0.031106
32 20       0.044844      -0.100524
32 21      -0.056746       0.010631
32 22       -0.01602       0.058448
32 23     -0.0102342       0.025218
32 24       0.030438       0.018705
32 25      0.0145604       0.079838
32 26      -0.022022      -0.032854
32 27       0.026142       0.038774
32 28      -0.074234       0.090736
32 29      -0.026238        0.10307
32 30      -0.018524      0.0002439
32 31      -0.024462       0.034076
32 32     -0.0027608       0.043938
33  0       0.016986              0
33  1     -0.0082918      -0.022912
33  2       -0.08252     -0.0061318
33  3       0.033458     -0.0083378
33  4       -0.06513     -0.0036444
33  5     -0.0089358       0.091528
33  6      -0.024546      0.0120364
33  7      -0.060538        0.03015
33  8       0.031888     -0.0026964
33  9      0.0078722       0.037042
33 10      -0.065408      -0.025242
33 11       0.064156       0.065592
33 12     -0.0015667      -0.014837
33 13       -0.07493       -0.06754
33 14       0.021216      -0.041712
33 15      0.0104304       0.027634
33 16      -0.073088       0.020146
33 17      -0.007176      -0.012885
33 18       0.059966      -0.059014
33 19       -0.03607      0.0070006
33 20     -0.0112748     -0.0022786
33 21      -0.082362      -0.039454
33 22     -0.0153594       0.051692
33 23     0.00174488      -0.066754
33 24       -0.06976      -0.065448
33 25       0.045468     -0.0023182
33 26       0.026652       0.039444
33 27     -0.0044852        0.02866
33 28       0.026692      0.0129494
33 29    -0.00031302       0.038352
33 30       0.020916       -0.03624
33 31      -0.051764     -0.0040098
33 32       0.042794        0.04604
33 33     -0.0181504       0.031528
34  0       0.021098              0
34  1      -0.032016       0.038904
34  2      -0.012238      -0.061734
34  3       0.070712       0.088766
34  4     -0.0161706      -0.044094
34  5       0.043082      -0.037708
34  6     -0.0083032     -0.0026368
34  7      0.0058174       -0.07312
34  8     -0.0183274      0.0065358
34  9      0.0143814       0.073748
34 10       0.005641      0.0124038
34 11      0.0072518       0.020964
34 12      -0.046306        -0.0389
34 13      -0.002065      -0.049406
34 14      0.0020622      0.0076496
34 15       0.051232      -0.061718
34 16      0.0057836      -0.056276
34 17     -0.0028592       0.033792
34 18       0.081738     -0.0074632
34 19     -0.0127474      -0.072216
34 20      -0.122578       0.034362
34 21        -0.0617     -0.0115002
34 22       0.037926       0.035868
34 23      -0.028326       0.022164
34 24     -0.0070878     -0.0026012
34 25       0.063982      -0.105712
34 26       -0.03447       0.011594
34 27       0.030742       0.036928
34 28      0.0192316       0.022138
34 29       0.040672      -0.025442
34 30       0.051282       0.059118
34 31     -0.0037132      -0.002186
34 32      -0.039944       0.041518
34 33     -0.0142278      -0.028436
34 34      -0.021792        0.03738
35  0      -0.028935              0
35  1      -0.027688      -0.028218
35  2      -0.024048      -0.058104
35  3       0.003349       0.089528
35  4       0.094538      0.0133536
35  5       0.023674      -0.040658
35  6      -0.040726       0.023202
35  7       0.045298     -0.0069538
35  8       -0.03289      0.0058318
35  9      0.0070598       0.044176
35 10       0.030464       0.024808
35 11       0.033746         0.0512
35 12      -0.058286     -0.0033336
35 13     -0.0024166       0.027256
35 14       0.069852       0.034592
35 15     -0.0124964       0.037236
35 16      0.0169872     -0.0142014
35 17      -0.010239      -0.021834
35 18       0.041318        0.04035
35 19     -0.0077074       0.046832
35 20      -0.057538       -0.02872
35 21       -0.05204       0.059782
35 22    -0.00140038      -0.052676
35 23      -0.033126      -0.020566
35 24      -0.046412     -0.0119448
35 25       0.037506       0.046116
35 26        0.04282      -0.020086
35 27    -0.00146934      -0.060516
35 28       -0.06147       0.051702
35 29      0.0103628       0.064472
35 30       0.032714      -0.032124
35 31      0.0091276       0.005357
35 32       0.063354        0.03667
35 33      0.0145818      0.0144226
35 34       0.038838      0.0055278
35 35      -0.036172     -0.0096688
36  0       0.038627              0
36  1       0.065582      -0.026268
36  2     -0.0189768       -0.05546
36  3      -0.021862      -0.022974
36  4       0.037608      -0.041866
36  5       0.090918     -0.0037022
36  6     -0.0035672      -0.115532
36  7        0.02047        0.00815
36  8      -0.067734      -0.059986
36  9       0.008802       0.037642
36 10     0.00168816     0.00167386
36 11       0.002785     -0.0043314
36 12        0.02159      -0.020158
36 13      -0.097038      -0.002531
36 14      0.0048604     -0.0193318
36 15       0.036526      -0.027832
36 16       0.035398     -0.0186068
36 17     -0.0074526      -0.039712
36 18       0.047314      -0.046724
36 19      -0.072096     -0.0119308
36 20      -0.024782      -0.011009
36 21        0.02075      -0.020868
36 22     -0.0046558     -0.0099008
36 23        0.03579        0.05449
36 24       0.055058      -0.075936
36 25       0.023398      -0.028234
36 26      0.0110368       0.079994
36 27         0.0298       0.024492
36 28       -0.04868     -0.0194314
36 29      0.0117982     -0.0038344
36 30       0.021442       -0.04178
36 31      0.0174036     -0.0022322
36 32      0.0040338     -0.0151604
36 33        0.10658       0.065976
36 34      -0.010286       0.046942
36 35     -0.0053172      -0.027262
36 36     -0.0143412       0.051576
37  0      0.0032617              0
37  1       0.028452     -0.0128522
37  2      0.0083578      -0.014356
37  3      -0.070332      -0.032338
37  4     -0.0090156     -0.0111152
37  5     -0.0022648        0.05821
37  6        0.05741       0.015041
37  7      0.0033136       0.043606
37  8     -0.0092978    -0.00169118
37  9        0.05783     -0.0052814
37 10     -0.0089092      -0.022268
37 11     -0.0103386     -0.0031478
37 12        0.03109      -0.036372
37 13     -0.0090868     -0.0162872
37 14      -0.041012      -0.074376
37 15     -0.0145892       0.034248
37 16      -0.029844     -0.0081424
37 17          0.071      -0.022552
37 18       -0.02293      -0.016155
37 19      -0.034984     0.00147234
37 20       0.039762    -0.00180672
37 21       0.038622      -0.044352
37 22      -0.030136      -0.038996
37 23       0.074652       0.049298
37 24       0.055438       -0.02695
37 25       0.038794       0.003953
37 26       0.031236      -0.024212
37 27      -0.025012      -0.062602
37 28       -0.02902      0.0175178
37 29     -0.0177764      -0.054706
37 30        0.07561      -0.052664
37 31      -0.023248     0.00193704
37 32     -0.0065656      -0.013865
37 33     -0.0114748      0.0094614
37 34       0.026162      0.0027332
37 35    -0.00071612       -0.03748
37 36       -0.03247       0.002933
37 37     0.00043082     0.00097086
38  0      -0.001635              0
38  1     -0.0109686       0.031064
38  2      -0.050828      0.0065126
38  3     -0.0177812       0.023048
38  4       -0.02889     -0.0037694
38  5      -0.032672     -0.0083782
38  6       -0.06054      0.0086338
38  7     -0.0148596       0.028036
38  8      0.0046932       0.044392
38  9     0.00099672     -0.0058254
38 10      -0.023118       0.026282
38 11      -0.014599       0.061582
38 12      0.0166734       0.043694
38 13      -0.028962       0.061754
38 14      -0.059618      -0.038756
38 15    0.000123796        0.03638
38 16      -0.080916      0.0047054
38 17       0.029438       0.029922
38 18     -0.0040266      0.0057218
38 19       0.045322        0.02775
38 20       0.043658       0.057384
38 21      0.0071516       0.007932
38 22       0.041704      -0.056652
38 23       0.021704      -0.069758
38 24         0.0322        0.03588
38 25        0.02644       0.029766
38 26       0.071488      0.0093032
38 27        0.03171      0.0072478
38 28       0.029198     -0.0140098
38 29      -0.028856       0.045718
38 30      0.0048974       -0.03307
38 31       0.020538       -0.02712
38 32      -0.033368      0.0150778
38 33       0.035898        0.04907
38 34       -0.02836      0.0172462
38 35     -0.0068444      -0.035494
38 36      0.0065992     -0.0020386
38 37       0.057558      0.0109136
38 38      -0.091432      -0.024616
39  0     -0.0036926              0
39  1      0.0197838       0.039736
39  2      -0.009532       0.046262
39  3     -0.0074752      0.0074642
39  4       0.021366     0.00103536
39  5       0.051776      0.0174268
39  6      -0.030546     -0.0064904
39  7     -0.0134538      0.0089158
39  8      0.0036582      0.0175104
39  9      -0.023036     -0.0033262
39 10      0.0048508    0.000186888
39 11      0.0097598      0.0184234
39 12     -0.0104246      0.0100496
39 13       0.030414      0.0182212
39 14       -0.04926       0.029186
39 15      0.0197076       0.041402
39 16      0.0097566     -0.0100282
39 17      0.0093486      -0.043922
39 18      -0.044252      0.0118732
39 19      -0.028858      0.0126088
39 20      -0.004122      0.0046588
39 21     0.00041898       0.022502
39 22       0.021472      0.0176774
39 23      -0.092312      -0.009771
39 24      0.0098802      0.0194724
39 25      -0.028842       0.035812
39 26       0.024676     -0.0159184
39 27     -0.0117232       0.029676
39 28      0.0056038      -0.020884
39 29     -0.0117724       0.009875
39 30      -0.050898       0.010703
39 31      -0.020958     -0.0028536
39 32      0.0114304       -0.04878
39 33      -0.036314     0.00198036
39 34      -0.037022       0.041238
39 35      -0.048724      -0.054786
39 36      -0.050182       -0.02419
39 37     -0.0097448       -0.04345
39 38     -0.0018113       0.018634
39 39     -0.0111232     0.00030296
40  0     -0.0085216              0
40  1      0.0076676      0.0093378
40  2      0.0050954      -0.028354
40  3     0.00155152      0.0154952
40  4      -0.041344     -0.0085342
40  5      0.0126584       0.034328
40  6      -0.037254     -0.0155176
40  7      -0.024296      0.0085266
40  8       0.050928       0.054854
40  9       0.027982     -0.0059234
40 10     -0.0187854       0.022876
40 11        0.04317      -0.057608
40 12      0.0070952     -0.0195008
40 13       0.021836      0.0082204
40 14      -0.031722     -0.0178348
40 15       0.021418      0.0056596
40 16      0.0020038       0.031748
40 17       0.027408       0.033188
40 18       0.036556      -0.053324
40 19      -0.021632      0.0126686
40 20       0.073294        0.02691
40 21       -0.04341       0.045722
40 22       0.010083      -0.039892
40 23     -0.0169338       0.039416
40 24       0.030686      0.0116128
40 25      -0.071972      0.0140108
40 26       0.038574       -0.02131
40 27     -0.0038836       0.026582
40 28      -0.027224       0.030396
40 29       0.027028       0.012734
40 30     -0.0105136     -0.0027972
40 31      0.0158758     -0.0032772
40 32      -0.039652      -0.020858
40 33       0.009915      -0.085308
40 34       -0.04756     -0.0051488
40 35      -0.052312      -0.060566
40 36      -0.019999      -0.028826
40 37     -0.0098198       0.006846
40 38      -0.040246      -0.054774
40 39      0.0152262       0.044674
40 40       0.024532      -0.031116
