 0  0         2.4348              0
 1  0        0.58622              0
 1  1       -1.33504      -0.123182
 2  0        0.89099              0
 2  1         0.7394        1.44526
 2  2        1.54804        -1.3174
 3  0        0.36889              0
 3  1       -0.91842       -0.13569
 3  2       -0.45764      -0.098492
 3  3        1.41274        0.74254
 4  0         0.4551              0
 4  1       -0.73428       0.094856
 4  2       -1.18502         0.5398
 4  3         1.5264       -0.12612
 4  4      -0.044816        1.25664
 5  0       -0.82612              0
 5  1        -1.3222       -0.43852
 5  2       -1.84872        0.31368
 5  3        0.71494       -0.62404
 5  4        1.62112        -1.8602
 5  5       -0.99194       -0.73524
 6  0        0.11496              0
 6  1        0.50332        0.82374
 6  2       -0.93312        1.09436
 6  3        -0.1845       -1.18286
 6  4      -0.133866        0.58068
 6  5       -1.55688       -0.48942
 6  6       0.118282        0.65102
 7  0       -0.46242              0
 7  1        0.26616       -1.02256
 7  2       -0.38388        0.34272
 7  3        0.33504       -0.53472
 7  4      -0.074308        0.65646
 7  5     -0.0028884         0.9619
 7  6       0.120104       -1.24404
 7  7        0.42936     -0.0118224
 8  0       -0.30697              0
 8  1       0.116146        0.40282
 8  2       -1.00406      -0.158722
 8  3       -0.28094       -0.38396
 8  4        0.24576        0.22656
 8  5        0.38406       0.107538
 8  6       -0.56588       0.168024
 8  7       0.029608         0.2337
 8  8         0.4915       -0.40758
 9  0       -0.13079              0
 9  1         0.3692        0.17316
 9  2       -0.29922       0.169966
 9  3        -0.7218       -0.34714
 9  4       0.049066      -0.081082
 9  5        0.36974      -0.070272
 9  6        -0.4442       -0.29222
 9  7      -0.113394       -0.85356
 9  8       -0.32998       -0.12575
 9  9        0.11135      -0.061872
10  0      -0.082495              0
10  1        0.20976       0.158414
10  2      -0.186518      -0.035846
10  3      -0.101764      -0.119432
10  4      -0.135462      -0.045282
10  5        -0.0884       0.065566
10  6     -0.0022176        0.38896
10  7       0.068224       0.067244
10  8      -0.157808      -0.037604
10  9     -0.0142148        0.29266
10 10        -0.2898     -0.0115664
11  0       0.097804              0
11  1      -0.112594        0.40274
11  2      -0.051148        0.28608
11  3       -0.41936       -0.29844
11  4       0.083136        0.36926
11  5        0.41422         0.5199
11  6         0.5439       0.078484
11  7       -0.50556       -0.27958
11  8       0.106022      -0.048578
11  9        0.23646        0.47032
11 10      -0.129478       0.146522
11 11       -0.16581        0.58022
12  0       0.031489              0
12  1       -0.35098        0.25536
12  2        0.19727          -0.74
12  3       0.046562      -0.021596
12  4       -0.21138        0.67032
12  5       0.031002       -0.20756
12  6      -0.104736       0.080546
12  7     0.00041328        0.39202
12  8       -0.37546       -0.27564
12  9        0.22236        0.26272
12 10      -0.036256        0.34702
12 11        0.28134        0.39514
12 12       0.073128       -0.20072
13  0       -0.16384              0
13  1       -0.55722       -0.25142
13  2        0.09888        0.36982
13  3       -0.29564         0.0904
13  4        0.10819        0.24986
13  5        0.26468       -0.22282
13  6       0.191358      -0.165932
13  7       -0.09665       -0.22804
13  8      -0.123102      -0.111862
13  9        0.35316         0.1023
13 10       0.075872        0.25808
13 11       -0.29148      -0.171294
13 12        0.38732        -0.4294
13 13       -0.34224         0.6364
14  0       -0.11648              0
14  1       -0.21024        0.28716
14  2        0.30466      -0.051068
14  3       0.198646         0.3724
14  4      -0.124696        0.10514
14  5       0.028856      -0.015933
14  6        0.22556       0.028996
14  7        -0.0368       0.112388
14  8       0.021992       -0.27566
14  9       0.152832       0.187492
14 10       0.052542      -0.127918
14 11       0.171848        -0.4435
14 12        0.21434       -0.26774
14 13      -0.128332        0.10614
14 14        0.28592       0.199646
15  0      -0.022347              0
15  1      -0.183124       -0.19332
15  2      -0.099476        0.27698
15  3        0.37872        0.22096
15  4      -0.155784      -0.045604
15  5       -0.04848       -0.11245
15  6       0.026688      -0.129858
15  7       0.167998          0.407
15  8        0.10826      -0.139054
15  9       -0.14236       0.193568
15 10       -0.39356      -0.032166
15 11      0.0171848       0.045572
15 12       -0.21256        -0.4638
15 13      -0.062842       0.167834
15 14        0.20078       -0.38222
15 15       -0.24738      -0.093496
16  0       0.024203              0
16  1        0.28526       0.136274
16  2      -0.042874      -0.089438
16  3       0.190782       0.035166
16  4     -0.0116214      0.0040854
16  5       0.165142     -0.0089548
16  6      -0.075908        0.24934
16  7       0.040622      0.0100646
16  8      -0.110556       0.109816
16  9       -0.24158      -0.153952
16 10      -0.016187        -0.1136
16 11       0.179264       0.038186
16 12     -0.0061774       -0.23466
16 13       0.040922      -0.040384
16 14       0.132178        0.20366
16 15        0.23706      -0.106378
16 16      -0.046526      -0.119742
17  0      -0.052072              0
17  1       -0.11945       0.021262
17  2      -0.039734       -0.15868
17  3        0.28372       0.054338
17  4       0.152818       0.017433
17  5       -0.28988      -0.017402
17  6       0.076714       0.056032
17  7       0.046898       0.109412
17  8      -0.143218      -0.068888
17  9       -0.23436       -0.25256
17 10       0.072402      -0.083974
17 11       -0.11421        0.20146
17 12      -0.166118       -0.03556
17 13      -0.028012      -0.094548
17 14        0.23572      -0.041926
17 15       -0.29876       0.025506
17 16       0.031666      -0.066894
17 17       0.065828       -0.16173
18  0       0.019226              0
18  1      0.0188314      -0.139422
18  2      -0.086686      -0.038562
18  3       -0.08047      -0.030464
18  4       -0.48328      -0.086544
18  5        0.20168       0.034644
18  6       0.115222       0.025834
18  7      -0.064758       -0.13559
18  8      -0.077382        0.25116
18  9      -0.126502       -0.26846
18 10      -0.173446     -0.0033152
18 11       0.054258        0.24548
18 12      -0.091212      -0.119356
18 13     -0.0182106      -0.115688
18 14       0.149868       -0.17693
18 15       0.116624       0.001285
18 16      -0.066222        0.21028
18 17     -0.0023562       0.126934
18 18        0.03746      -0.057784
19  0      -0.016988              0
19  1       0.058416       -0.20664
19  2       -0.24936      -0.095812
19  3       -0.02593       0.198364
19  4       0.041742       -0.21946
19  5       0.175522       0.137778
19  6      -0.006995     -0.0089422
19  7      -0.109036      -0.037176
19  8      -0.105988      0.0156324
19  9      -0.120812       0.112254
19 10       0.193342      -0.094894
19 11       0.156756       0.167118
19 12       0.178508      0.0196668
19 13       0.096122      -0.171244
19 14       0.094118          0.037
19 15      -0.198212       0.122784
19 16      -0.097734      -0.007916
19 17      -0.026282        0.14986
19 18       -0.15501        0.11596
19 19       -0.21592        0.11645
20  0      -0.033923              0
20  1       -0.01354      -0.093044
20  2       -0.20216      -0.132026
20  3      -0.052846       0.100642
20  4      -0.109146      -0.038412
20  5        0.20788       -0.10977
20  6      -0.120472      -0.060562
20  7       0.038862        0.08128
20  8       0.132208       0.156772
20  9         0.2396       0.061578
20 10      -0.102614     -0.0038546
20 11     -0.0181182      -0.070074
20 12        0.22798       0.112562
20 13      0.0055792        0.02725
20 14       0.085722      -0.023816
20 15       -0.12763       -0.11712
20 16      -0.047558        0.22638
20 17       0.042818      -0.139352
20 18      -0.174766       0.026088
20 19      -0.192406         0.0787
20 20       0.034606    -0.00081634
21  0       -0.13717              0
21  1      -0.025282       0.188328
21  2      -0.033526       -0.07175
21  3       -0.03352       0.149546
21  4       -0.12642       0.191564
21  5        0.07262      -0.151106
21  6       0.086832       0.053224
21  7        0.02008      -0.079206
21  8       0.183412        0.11144
21  9         0.0261       0.054432
21 10       0.185908       -0.15978
21 11      -0.173772      -0.187738
21 12        0.06962       0.048738
21 13       0.044848      -0.061492
21 14       -0.23042      -0.017232
21 15        0.22038      -0.083974
21 16     -0.0175536      0.0098258
21 17      -0.058074       0.127944
21 18      -0.164568       -0.04928
21 19      -0.026774       0.086698
21 20        0.15623       0.044086
21 21      -0.128412      -0.134574
22  0      -0.011322              0
22  1      -0.031308       0.157156
22  2     -0.0185908     -0.0165098
22  3       -0.02445      0.0038434
22  4       0.004824      -0.021824
22  5      -0.090506      0.0035524
22  6      -0.049684       -0.00398
22  7      -0.021344       -0.07571
22  8       0.111366       0.073066
22  9      -0.097238       0.102812
22 10       -0.06511      -0.032626
22 11      0.0135388       -0.16247
22 12      -0.104042       -0.05157
22 13      -0.119406       0.059196
22 14       0.028098       0.024568
22 15       -0.03974      -0.123376
22 16       0.015403       0.107374
22 17      -0.030488       -0.08879
22 18      -0.021016       0.110664
22 19       0.011581       0.027568
22 20      -0.034162       0.039848
22 21       0.143828        0.04887
22 22       -0.08129        -0.0418
23  0      -0.049482              0
23  1      0.0151484        0.13465
23  2        0.01209        0.03683
23  3      0.0172166      -0.118246
23  4         0.1765      -0.108768
23  5       0.025622      -0.033772
23  6       -0.05942       0.033574
23  7      -0.045132       0.007382
23  8         0.0664      -0.126666
23  9       0.164568      0.0059972
23 10       -0.28392      -0.138558
23 11      0.0091918      0.0132212
23 12       0.022936       -0.02849
23 13      -0.022498       0.051814
23 14       -0.06575        0.03032
23 15      -0.040984      -0.048594
23 16       0.090618       0.073692
23 17      -0.128246       -0.04672
23 18     -0.0023592       0.072822
23 19       0.114808      -0.041808
23 20        0.07336      -0.049038
23 21      -0.046614      -0.018422
23 22       0.181652      -0.186276
23 23      0.0028764       0.037868
24  0      0.0026159              0
24  1       0.065496       0.066308
24  2       0.069544       0.041734
24  3      0.0052688      -0.029852
24  4     -0.0110462       0.033026
24  5       0.007561      -0.017061
24  6       -0.08215       0.102794
24  7       0.182286     -0.0195422
24  8      0.0149518       0.052766
24  9       0.083094       0.069396
24 10     -0.0091326      -0.113452
24 11       0.031676         0.0241
24 12      -0.160148        0.07312
24 13      0.0107228       0.014987
24 14       0.060108       0.008385
24 15       0.049098      -0.137018
24 16      -0.099432       0.131056
24 17       -0.04854      -0.048472
24 18       0.111422       0.039476
24 19       0.041958       0.115694
24 20      -0.025112     -0.0133972
24 21        0.07971      -0.122274
24 22      -0.068178     -0.0098438
24 23      -0.039954       -0.06437
24 24      0.0134318       0.085356
25  0       -0.00897              0
25  1       0.047778      -0.124428
25  2      -0.075602       0.098918
25  3      0.0063412      -0.078304
25  4      -0.108816       0.055434
25  5       0.132994       0.023798
25  6      -0.051132        0.06302
25  7       0.071064      -0.081284
25  8       -0.03121      -0.090628
25  9       -0.13169       0.084938
25 10      -0.021142       0.057312
25 11       0.099626       0.038572
25 12      -0.081084      -0.102536
25 13     -0.0151732      0.0149704
25 14       0.103446        0.20106
25 15       0.084022     -0.0112662
25 16        0.13961      0.0082538
25 17      -0.005629       0.081742
25 18      -0.022264      -0.029416
25 19       0.008184       -0.23794
25 20        0.04132       0.015382
25 21      0.0033362      0.0019835
25 22       0.051948       0.042318
25 23      -0.014251       0.013977
25 24       0.079758      0.0044774
25 25       0.076552      -0.013216
26  0      0.0080246              0
26  1     -0.0126674      -0.086442
26  2       -0.02076      -0.094738
26  3       0.028152        0.04674
26  4       -0.14264        0.03086
26  5      0.0041006       0.025684
26  6        0.02968      0.0032208
26  7        0.05662       -0.10928
26  8       0.024734      -0.059498
26  9      -0.132196      -0.069432
26 10       0.140698      -0.023948
26 11        0.15465         0.0899
26 12       0.067618       -0.17991
26 13      -0.033576      -0.003849
26 14       0.091258      0.0012958
26 15       -0.02804       0.026814
26 16       0.032758      -0.141214
26 17      -0.030542       0.022304
26 18       -0.08513      -0.031626
26 19      0.0082844       0.040162
26 20       0.067258     -0.0197014
26 21      0.0091516       -0.00277
26 22       0.047028      -0.076986
26 23     -0.0075154      -0.052222
26 24     -0.0098666       0.040934
26 25      -0.055144     -0.0183356
26 26       0.006106       -0.02244
27  0      0.0092119              0
27  1      -0.033074      -0.024384
27  2       0.025682      -0.057234
27  3        0.07659     0.00133726
27  4      -0.112418       -0.16232
27  5       0.029656       0.028606
27  6      -0.039778      0.0190136
27  7      -0.107892      -0.040558
27  8       0.076992     -0.0164536
27  9     -0.0065022      -0.029482
27 10        0.04073        0.03967
27 11       -0.02178      -0.058144
27 12     -0.0168558      -0.060424
27 13      -0.020586     -0.0134922
27 14     -0.0079762     -0.0175956
27 15      0.0177394      -0.036926
27 16      0.0101778      -0.184626
27 17       0.031086       -0.04345
27 18      0.0179008        0.04373
27 19      -0.058192      -0.067572
27 20       0.074898      0.0053706
27 21       0.022468      0.0079898
27 22     0.00191694       -0.20848
27 23      -0.074544       0.059376
27 24       0.031854      0.0080296
27 25        0.04969        0.02747
27 26      -0.102256      0.0020502
27 27        0.09322      -0.020168
28  0     -0.0035043              0
28  1     -0.0038956       0.096644
28  2       0.054714       0.124974
28  3       0.063436       0.054612
28  4       0.034764      -0.035608
28  5       0.028892      -0.022424
28  6      -0.034732      -0.045856
28  7      -0.105698      -0.034136
28  8       0.064764       0.088242
28  9       -0.05189       0.023082
28 10        0.04026       0.020272
28 11      -0.081666     -0.0068186
28 12       0.089652     -0.0052144
28 13       0.053654       0.073248
28 14       0.110852      -0.021242
28 15      -0.103936       -0.06323
28 16       0.087126       0.043204
28 17       0.085826     -0.0097398
28 18      0.0047906       0.028896
28 19      0.0075914       0.040084
28 20      -0.037896    -0.00156906
28 21      -0.092894     -0.0142544
28 22     -0.0033798    -0.00105898
28 23      0.0156394      -0.029552
28 24       -0.13581      0.0176184
28 25        0.03779      -0.065872
28 26     -0.0039986       -0.03695
28 27        0.00509       0.098712
28 28      -0.032408      0.0039488
29  0      -0.014572              0
29  1      -0.038982       0.044728
29  2      0.0026642       0.061842
29  3       0.063762       0.052802
29  4       0.072534       0.076684
29  5     -0.0071354       -0.03613
29  6        0.11048        0.07586
29  7      -0.106032     -0.0174126
29  8       0.065042       0.053118
29  9      -0.025586      -0.021822
29 10      -0.057294       0.080502
29 11      0.0167054     -0.0125268
29 12      -0.046696       0.068414
29 13      0.0074102       0.037996
29 14      -0.057768     -0.0155926
29 15     -0.0084646      -0.024596
29 16      -0.038106      -0.022028
29 17       0.034186       0.079514
29 18      -0.144338       0.030474
29 19      -0.080386       0.042622
29 20       -0.05623     0.00019907
29 21      -0.070276       -0.06011
29 22      0.0114178      -0.043708
29 23       0.039518       0.012724
29 24      0.0197876       0.091864
29 25      -0.063732       0.048114
29 26     -0.0161512      -0.062334
29 27      -0.050012       0.108398
29 28      -0.002815       0.148536
29 29     -0.0092054      -0.021636
30  0       0.048706              0
30  1      0.0095768       0.009946
30  2       -0.02115      0.0198338
30  3     -0.0192578      -0.039116
30  4      -0.004158        0.04669
30  5       0.044232      -0.030578
30  6      0.0120098       0.140214
30  7    -0.00166974       0.036938
30  8        -0.0312        0.02344
30  9         0.0438      -0.057398
30 10     -0.0090474       -0.02117
30 11      0.0197618       0.071266
30 12       0.058824      0.0120896
30 13        -0.0643      -0.071384
30 14      0.0194768     -0.0146142
30 15        -0.0404       0.026368
30 16       0.120458       0.025244
30 17       0.031896      -0.131276
30 18     -0.0039828     -0.0132816
30 19       -0.10054        0.06818
30 20      -0.053682      -0.049858
30 21       -0.09025      -0.047308
30 22       0.031802     -0.0072388
30 23       0.043104      0.0053836
30 24      -0.072358        0.10119
30 25      -0.028584      0.0145266
30 26       0.023024       0.026888
30 27     -0.0032076      -0.051212
30 28       0.065542       0.064882
30 29      -0.020356      -0.021412
30 30      -0.038932      -0.021784
31  0      -0.024239              0
31  1       0.070394      -0.144722
31  2     -0.0192554       0.044338
31  3       0.052832       -0.05892
31  4      -0.068894      -0.055246
31  5      -0.003614      -0.035514
31  6      0.0054936     -0.0043784
31  7       0.123262       0.027068
31  8      0.0040836      0.0136504
31  9      0.0022566      -0.096472
31 10      -0.037194      -0.030426
31 11      0.0027004     -0.0038102
31 12       0.089978      -0.016505
31 13       0.095728     -0.0084138
31 14      0.0188396      -0.170644
31 15       0.037338      -0.049386
31 16      0.0067498      0.0100582
31 17      0.0097276       -0.07904
31 18       0.085858       0.054056
31 19      -0.025512      -0.024842
31 20      -0.041436      0.0188188
31 21      -0.157292      0.0148402
31 22      -0.050676       0.053336
31 23     -0.0107508       -0.05153
31 24      0.0115234       0.030342
31 25       -0.06626      -0.025148
31 26     -0.0090798       0.013806
31 27     -0.0163492        0.05461
31 28     -0.0069058     -0.0024266
31 29      0.0154084       0.022608
31 30      -0.037308      -0.037948
31 31      -0.099318       -0.02622
32  0      -0.013062              0
32  1      -0.073716      -0.020498
32  2      -0.033306      -0.053398
32  3       0.057436      0.0040228
32  4      -0.081194       0.073158
32  5     -0.0195088     -0.0064534
32  6       -0.02748       0.042478
32  7       0.102878      -0.066742
32  8     0.00193226        0.04681
32  9      -0.081762     -0.0159182
32 10      -0.094986       0.046128
32 11      -0.080832       0.056494
32 12     -0.0101802      -0.034096
32 13        0.03462      0.0088356
32 14       0.055062     -0.0109724
32 15       0.034222      -0.020502
32 16     -0.0020104       -0.03377
32 17      -0.034686     -0.0127324
32 18    -0.00134218       0.056818
32 19       0.028502       0.029566
32 20        0.05437      -0.083912
32 21       -0.05786      0.0124484
32 22      -0.021252       0.041724
32 23      -0.026702        0.02074
32 24      0.0185024     -0.0109686
32 25      0.0194906       0.090144
32 26      -0.020158      -0.047942
32 27        0.04461       0.030406
32 28      -0.049578       0.050526
32 29      -0.035044         0.0869
32 30       0.026276       0.021038
32 31     -0.0030738       0.023746
32 32       0.032846        0.06028
33  0       0.055347              0
33  1       0.013113     -0.0089264
33  2      -0.084732     -0.0074058
33  3       0.039686       0.025354
33  4      -0.055252      -0.003797
33  5       0.009708       0.059286
33  6     -0.0151586       0.002998
33  7       -0.06815     -0.0082922
33  8       0.038354      0.0121864
33  9     -0.0061198        0.04586
33 10      -0.057888     -0.0133882
33 11       0.076604       0.085368
33 12     -0.0196502       0.027248
33 13      -0.040582      -0.049924
33 14     0.00132618     0.00040384
33 15     -0.0071842       0.047294
33 16       -0.03695     9.0256e-05
33 17       0.005988     -0.0127786
33 18       0.084654      -0.050816
33 19      -0.046278     -0.0106812
33 20     -0.0199656       -0.04111
33 21      -0.084612     -0.0089504
33 22      -0.024786        0.03652
33 23    -0.00093732       -0.10391
33 24      -0.056198      -0.057048
33 25       0.042064        0.02655
33 26       0.026118       0.038698
33 27     -0.0052724      0.0198822
33 28      0.0159448       0.022518
33 29      0.0196898       0.042788
33 30        0.04212      -0.051358
33 31      -0.064288     -0.0119382
33 32       0.040958       0.044642
33 33      -0.026806      0.0081364
34  0       0.034856              0
34  1       0.005696       0.039726
34  2      0.0020398      -0.084192
34  3       0.077686       0.076238
34  4     -0.0116684      -0.055016
34  5        0.02976       -0.03263
34  6     -0.0140476     -0.0157282
34  7        -0.0043      -0.070384
34  8      -0.003866       0.028884
34  9       0.029344       0.060216
34 10      -0.009556        0.02823
34 11      0.0197318         0.0205
34 12      -0.022856      -0.056678
34 13      0.0091816     -0.0097826
34 14      0.0177532     -0.0044802
34 15       0.040102       -0.08024
34 16       0.012743      -0.063626
34 17      0.0102776      0.0100506
34 18       0.059538      -0.019059
34 19      0.0098464      -0.105284
34 20      -0.116594       0.060102
34 21      -0.037288     -0.0025192
34 22       0.026266        0.02998
34 23      -0.015744       0.022686
34 24       0.006637     0.00078258
34 25       0.058386      -0.057122
34 26      -0.026588      0.0033804
34 27      0.0038842       0.022432
34 28      0.0158182       0.019409
34 29      0.0117352      -0.030098
34 30        0.02468       0.063284
34 31      0.0048268      -0.017594
34 32       -0.04543       0.003548
34 33     -0.0141922      -0.031868
34 34      -0.010387        0.03741
35  0      -0.043897              0
35  1     -0.0120958       -0.05038
35  2      -0.032074      -0.057742
35  3      -0.013921       0.086522
35  4       0.099402     0.00048652
35  5      0.0119866      -0.025826
35  6      -0.041854       0.054218
35  7       0.053894     -0.0065912
35  8      -0.058222      0.0187122
35  9       0.024018       0.039848
35 10       0.019601        0.03558
35 11      0.0164262       0.064726
35 12      -0.029482     -0.0174708
35 13      -0.021186       0.032228
35 14       0.066094       0.032486
35 15      0.0136092        0.04735
35 16      0.0119338      -0.027878
35 17     -0.0105664     -0.0114728
35 18        0.02219       0.037312
35 19    -0.00173202        0.03654
35 20      -0.073766      -0.038522
35 21      -0.065538       0.070416
35 22       0.022976      -0.050734
35 23       -0.04075      -0.036464
35 24       -0.03973      0.0057644
35 25     -0.0004409      0.0142184
35 26       0.034068      -0.013938
35 27     -0.0036164      -0.032376
35 28      -0.057608       0.055896
35 29       0.006221       0.055434
35 30     -0.0020224      -0.033736
35 31      -0.032606      0.0121584
35 32       0.076928      0.0143068
35 33    -0.00024676     -0.0073716
35 34       0.037506       0.025808
35 35      -0.057044      0.0177692
36  0       0.036755              0
36  1       0.058896      -0.023772
36  2      0.0029314      -0.043434
36  3       -0.04414      -0.025758
36  4       0.029784       -0.05818
36  5        0.08274     -0.0032432
36  6     -0.0021884      -0.110942
36  7         0.0227      0.0154234
36  8      -0.028846        -0.0716
36  9       0.021004     -0.0117746
36 10        0.03861     -0.0043048
36 11     -0.0040788       -0.02334
36 12      0.0181358     -0.0115104
36 13      -0.055732     -0.0127242
36 14      0.0025208      -0.048374
36 15     -0.0088906       -0.03116
36 16        0.04983     -0.0043398
36 17      -0.026616       -0.05742
36 18       0.038044      -0.046572
36 19      -0.076618      0.0023008
36 20      -0.023214      -0.045768
36 21      -0.022666       -0.03517
36 22      0.0060768      -0.022568
36 23      0.0056342       0.026928
36 24      0.0179756      -0.054938
36 25      0.0162354      -0.025036
36 26      0.0089596       0.069834
36 27       0.044514       0.025234
36 28      -0.052452      -0.037254
36 29     -0.0074642      0.0028878
36 30        0.02536       -0.06068
36 31      0.0096124     -0.0077946
36 32    -0.00147036       0.007504
36 33       0.103932       0.044808
36 34       -0.04237        0.04923
36 35     -0.0141724     -0.0189782
36 36      -0.026326       0.044894
37  0     -0.0094942              0
37  1       0.029926     -0.0033354
37  2       0.035334      -0.014803
37  3      -0.052254      -0.021352
37  4     -0.0183326       -0.02372
37  5      -0.023602        0.08463
37  6       0.033744       0.024788
37  7       0.021696       0.059202
37  8     -0.0039534      0.0033232
37  9        0.06365      -0.026748
37 10      0.0030156      -0.049204
37 11     -0.0110766      -0.052934
37 12        0.04556     -0.0191974
37 13     -0.0096354     -0.0069062
37 14      0.0141944      -0.083532
37 15      -0.027314       0.018983
37 16      -0.029978   -0.000106004
37 17       0.069852     -0.0185268
37 18      -0.038746      -0.024364
37 19       -0.03768      0.0130126
37 20       0.054508      0.0119338
37 21      0.0113902      -0.033538
37 22       -0.03013      -0.056904
37 23       0.054584       0.062512
37 24       0.029402      -0.025264
37 25        0.02828       -0.00272
37 26       0.036464      0.0047842
37 27     -0.0169934      -0.068074
37 28      -0.008853      0.0134988
37 29      -0.036174      -0.051102
37 30        0.06229       -0.03622
37 31      -0.009485       0.009574
37 32      -0.024052      0.0027826
37 33      -0.030674      0.0067238
37 34       0.023538       0.023614
37 35     -0.0108506       -0.02785
37 36      -0.046912      0.0038352
37 37     -0.0093704     -0.0092636
38  0     -0.0028754              0
38  1     0.00031222       0.047796
38  2      -0.025468     -0.0068968
38  3       -0.02424       0.039346
38  4     -0.0117886      -0.003094
38  5      -0.041344      -0.007335
38  6      -0.043684      0.0105282
38  7     -0.0022838       0.033218
38  8       0.021568       0.035614
38  9     -0.0048522      -0.033146
38 10      -0.030418       0.022216
38 11       -0.03608       0.029498
38 12        0.02017       0.037388
38 13      -0.048378       0.075512
38 14      -0.056286      -0.046834
38 15     -0.0103104       0.040256
38 16       -0.07898      0.0153288
38 17       0.029942       0.032398
38 18       0.007942      0.0005032
38 19       0.040506      0.0195312
38 20       0.035168       0.039922
38 21       0.009636    -0.00178274
38 22       0.041676       -0.05369
38 23      0.0059636       -0.07795
38 24      0.0013347        0.05823
38 25        0.03751      -0.003168
38 26        0.07543      0.0158514
38 27       0.029576       0.025346
38 28       0.017651      -0.020602
38 29     -0.0149566       0.026756
38 30      0.0051336     -0.0062334
38 31      0.0161838      -0.030216
38 32     -0.0167646      0.0009272
38 33      0.0179464       0.031842
38 34      -0.058838      0.0136812
38 35      -0.008333     -0.0089806
38 36     -0.0029578      0.0020316
38 37        0.04761       0.029178
38 38      -0.095866      -0.033568
39  0        0.00299              0
39  1      0.0128316       0.037672
39  2      0.0106706       0.045782
39  3     -0.0105092      0.0183998
39  4       0.035338    -0.00168256
39  5       0.065448      0.0148132
39  6     -0.0165184     -0.0160892
39  7     -0.0062068     -0.0055968
39  8      0.0046894       0.008869
39  9      -0.037678      -0.014413
39 10     -0.0108004      -0.043762
39 11      -0.020094       0.019252
39 12      -0.021052       0.013861
39 13     -0.0009803      0.0199466
39 14      -0.039946       0.037688
39 15      0.0080168       0.032822
39 16     -0.0020846     -0.0051178
39 17      0.0144182      -0.046326
39 18        -0.0528       0.037314
39 19      -0.039046        0.01598
39 20      0.0110474       0.007045
39 21     -0.0049988       0.004531
39 22     -0.0039824      0.0149016
39 23       -0.07849      0.0067184
39 24     -0.0035676       0.024874
39 25      -0.017514       0.044732
39 26       0.028182      -0.003926
39 27      0.0093246     -0.0010376
39 28      -0.019495      -0.011018
39 29    -0.00070108     -0.0104166
39 30     -0.0159106       -0.02135
39 31      -0.016506        0.00087
39 32        0.02218       -0.05496
39 33     -0.0061742     -0.0092468
39 34      -0.021614       0.045234
39 35      -0.047084       -0.07656
39 36      -0.036132     -0.0067406
39 37     -0.0077414      -0.032846
39 38       0.004983       0.026192
39 39     -0.0060174      0.0036474
40  0      0.0022544              0
40  1       0.031916       0.023424
40  2       0.019216       -0.02535
40  3       0.014704     -0.0041136
40  4      -0.028742      -0.012086
40  5      0.0074582       0.009276
40  6       -0.03637      -0.036402
40  7     -0.0167116      0.0031332
40  8         0.0586       0.027936
40  9       0.022392      0.0061396
40 10     -0.0035558     -0.0084238
40 11       0.041604      -0.073338
40 12     -0.0132438      0.0183982
40 13     -0.0142508     -0.0051268
40 14      -0.038728      0.0038814
40 15        0.04647      0.0104446
40 16    -0.00125956      0.0153436
40 17       0.026594      0.0181864
40 18       0.043734     -0.0191178
40 19      -0.036072      0.0018138
40 20       0.078854       0.041374
40 21      -0.034422       0.022856
40 22     0.00180904      -0.049186
40 23     -0.0137428       0.039762
40 24       0.048702       0.012774
40 25       -0.05031       0.011536
40 26       0.022328      0.0071432
40 27     -0.0155578       0.030312
40 28      -0.034556       0.028272
40 29      0.0135732       0.021924
40 30      -0.024366       -0.02287
40 31      0.0024504         -0.033
40 32      -0.031596      -0.026582
40 33      0.0147856      -0.085818
40 34      -0.033844       0.005977
40 35      -0.025562       -0.04911
40 36      -0.021476     -0.0187696
40 37       0.015111      -0.004852
40 38      -0.027444       -0.07651
40 39       0.006502       0.043008
40 40        0.03501      -0.039432
