#Total number of fault_segments=     1
#Fault_segment =   1 nx(Along-strike)=  24 Dx= 10.00km ny(downdip)=  10 Dy=  9.00km
#Boundary of Fault_segment     1. EQ in cell 13,6. Lon: 121.8900   Lat: -8.5100
#Lon.  Lat.  Depth
      120.74960       -8.18660        0.82320
      122.91390       -8.11180        0.82320
      122.93710       -8.76950       50.14400
      120.77280       -8.84420       50.14400
      120.74960       -8.18660        0.82320
#Lat. Lon. depth slip rake strike dip t_rup t_ris t_fal mo
      -8.186600     120.749600       0.823200       1.541130      68.896930      88.000000      34.000000      60.800000       2.400000       2.400000   2.974979e+23
      -8.183400     120.840500       0.823200       8.159710      69.774410      88.000000      34.000000      54.800000       3.600000       2.400000   1.575144e+24
      -8.180300     120.931400       0.823200      24.039100      81.395270      88.000000      34.000000      46.600000       1.200000       2.400000   4.640488e+24
      -8.177200     121.022400       0.823200      12.264080     123.448300      88.000000      34.000000      42.200000       6.000000       1.200000   2.367449e+24
      -8.174000     121.113300       0.823200       8.370480      91.242160      88.000000      34.000000      39.400000       3.600000       1.200000   1.615831e+24
      -8.170900     121.204300       0.823200       4.399870     114.437600      88.000000      34.000000      34.000000       4.800000       4.800000   8.493474e+23
      -8.167700     121.295200       0.823200       9.773640      66.016320      88.000000      34.000000      31.600000       6.000000       1.200000   1.886696e+24
      -8.164600     121.386100       0.823200      72.905280      81.633160      88.000000      34.000000      25.400000       1.200000       1.200000   1.407358e+25
      -8.161400     121.477100       0.823200     195.789510      95.953690      88.000000      34.000000      23.600000       1.200000       1.200000   3.779505e+25
      -8.158300     121.568000       0.823200     210.048200      92.923190      88.000000      34.000000      22.400000       3.600000       2.400000   4.054753e+25
      -8.155200     121.659000       0.823200     242.445100     101.709300      88.000000      34.000000      20.400000       6.000000       2.400000   4.680142e+25
      -8.152000     121.749900       0.823200     255.552800      94.660790      88.000000      34.000000      17.800000       1.200000       2.400000   4.933172e+25
      -8.148900     121.840800       0.823200     214.957990      91.219640      88.000000      34.000000      16.200000       1.200000       4.800000   4.149533e+25
      -8.145700     121.931800       0.823200     155.567600      95.073330      88.000000      34.000000      17.600000       3.600000       1.200000   3.003065e+25
      -8.142600     122.022700       0.823200      74.050450      87.698290      88.000000      34.000000      19.200000       2.400000       2.400000   1.429464e+25
      -8.139500     122.113600       0.823200      88.708660      83.478900      88.000000      34.000000      20.600000       1.200000       1.200000   1.712425e+25
      -8.136300     122.204600       0.823200     106.739700     103.697900      88.000000      34.000000      24.000000       3.600000       2.400000   2.060495e+25
      -8.133200     122.295500       0.823200     133.338700      85.641680      88.000000      34.000000      26.600000       1.200000       2.400000   2.573960e+25
      -8.130000     122.386500       0.823200     207.925200     104.082700      88.000000      34.000000      31.600000       6.000000       4.800000   4.013772e+25
      -8.126900     122.477400       0.823200     114.718800     122.141600      88.000000      34.000000      32.800000       6.000000       2.400000   2.214523e+25
      -8.123800     122.568300       0.823200      26.774670     123.897100      88.000000      34.000000      37.000000       1.200000       2.400000   5.168563e+24
      -8.120600     122.659300       0.823200       3.545020      66.872980      88.000000      34.000000      41.600000       4.800000       2.400000   6.843274e+23
      -8.117500     122.750200       0.823200      31.847980     115.312200      88.000000      34.000000      46.400000       2.400000       1.200000   6.147908e+24
      -8.114300     122.841200       0.823200       0.185080     101.563900      88.000000      34.000000      49.600000       6.000000       6.000000   3.572739e+22
      -8.253700     120.751900       5.856000       9.530180      93.463190      88.000000      34.000000      59.600000       1.200000       3.600000   2.677104e+24
      -8.250500     120.842900       5.856000     128.798900      82.512500      88.000000      34.000000      53.400000       1.200000       1.200000   3.618064e+25
      -8.247400     120.933800       5.856000     134.004300      78.421590      88.000000      34.000000      45.400000       1.200000       1.200000   3.764288e+25
      -8.244300     121.024700       5.856000      37.946750      87.178000      88.000000      34.000000      41.200000       6.000000       1.200000   1.065955e+25
      -8.241100     121.115700       5.856000      11.661920      88.348340      88.000000      34.000000      36.800000       1.200000       3.600000   3.275927e+24
      -8.238000     121.206600       5.856000      56.383430     116.919500      88.000000      34.000000      32.400000       1.200000       1.200000   1.583856e+25
      -8.234800     121.297600       5.856000      18.900440     113.599900      88.000000      34.000000      27.800000       6.000000       3.600000   5.309285e+24
      -8.231700     121.388500       5.856000      96.724480      90.294850      88.000000      34.000000      24.000000       1.200000       3.600000   2.717068e+25
      -8.228600     121.479400       5.856000     153.366100      99.952410      88.000000      34.000000      21.200000       1.200000       1.200000   4.308175e+25
      -8.225400     121.570400       5.856000     207.387100      87.365060      88.000000      34.000000      19.400000       2.400000       1.200000   5.825669e+25
      -8.222300     121.661300       5.856000     223.706890      98.552090      88.000000      34.000000      16.400000       6.000000       6.000000   6.284107e+25
      -8.219100     121.752300       5.856000     310.127110     109.500100      88.000000      34.000000      13.000000       1.200000       1.200000   8.711717e+25
      -8.216000     121.843200       5.856000     316.459110     104.254500      88.000000      34.000000      13.000000       2.400000       4.800000   8.889588e+25
      -8.212900     121.934100       5.856000     211.982890     100.675200      88.000000      34.000000      13.400000       3.600000       1.200000   5.954771e+25
      -8.209700     122.025100       5.856000     123.448400     101.146900      88.000000      34.000000      15.800000       2.400000       1.200000   3.467764e+25
      -8.206600     122.116000       5.856000      87.637250     102.428000      88.000000      34.000000      18.800000       2.400000       2.400000   2.461801e+25
      -8.203400     122.207000       5.856000     155.314700     112.222600      88.000000      34.000000      21.000000       6.000000       4.800000   4.362915e+25
      -8.200300     122.297900       5.856000     183.129590     100.633100      88.000000      34.000000      24.000000       6.000000       2.400000   5.144256e+25
      -8.197100     122.388800       5.856000     273.606410     111.364500      88.000000      34.000000      28.600000       4.800000       1.200000   7.685824e+25
      -8.194000     122.479800       5.856000     259.919710     121.423300      88.000000      34.000000      30.800000       2.400000       2.400000   7.301354e+25
      -8.190900     122.570700       5.856000     147.756810     118.913800      88.000000      34.000000      36.000000       6.000000       1.200000   4.150607e+25
      -8.187700     122.661700       5.856000      78.531970     103.201900      88.000000      34.000000      38.800000       1.200000       1.200000   2.206025e+25
      -8.184600     122.752600       5.856000       0.957680      83.817980      88.000000      34.000000      43.400000       3.600000       1.200000   2.690213e+23
      -8.181400     122.843500       5.856000       8.178890      91.094110      88.000000      34.000000      46.800000       1.200000       1.200000   2.297514e+24
      -8.320800     120.754300      10.888700       6.490820      70.713800      88.000000      34.000000      59.600000       1.200000       4.800000   2.021684e+24
      -8.317600     120.845200      10.888700      95.268660      79.830230      88.000000      34.000000      53.600000       1.200000       1.200000   2.967318e+25
      -8.314500     120.936200      10.888700      48.254170      66.690580      88.000000      34.000000      45.600000       1.200000       1.200000   1.502965e+25
      -8.311400     121.027100      10.888700       2.088840      87.695130      88.000000      34.000000      40.600000       1.200000       2.400000   6.506085e+23
      -8.308200     121.118100      10.888700       8.322590      73.922680      88.000000      34.000000      36.600000       3.600000       1.200000   2.592223e+24
      -8.305100     121.209000      10.888700      19.367770      87.269500      88.000000      34.000000      30.800000       1.200000       6.000000   6.032447e+24
      -8.301900     121.299900      10.888700      32.624470      67.264140      88.000000      34.000000      25.800000       1.200000       1.200000   1.016149e+25
      -8.298800     121.390900      10.888700      65.508460     106.279200      88.000000      34.000000      23.800000       4.800000       2.400000   2.040382e+25
      -8.295700     121.481800      10.888700      67.268620     108.767000      88.000000      34.000000      18.600000       2.400000       1.200000   2.095205e+25
      -8.292500     121.572700      10.888700     147.330800      87.706990      88.000000      34.000000      15.400000       6.000000       1.200000   4.588888e+25
      -8.289400     121.663700      10.888700     269.123600     100.138900      88.000000      34.000000      12.800000       1.200000       2.400000   8.382352e+25
      -8.286200     121.754600      10.888700     333.387080     117.730300      88.000000      34.000000      10.000000       1.200000       2.400000   1.038395e+26
      -8.283100     121.845600      10.888700     327.344790     107.500200      88.000000      34.000000       9.600000       2.400000       2.400000   1.019576e+26
      -8.280000     121.936500      10.888700     195.230390      90.968960      88.000000      34.000000      10.000000       1.200000       2.400000   6.080808e+25
      -8.276800     122.027400      10.888700     128.478300     105.274100      88.000000      34.000000      12.600000       2.400000       3.600000   4.001695e+25
      -8.273700     122.118400      10.888700     107.214300     124.039800      88.000000      34.000000      15.000000       6.000000       1.200000   3.339387e+25
      -8.270500     122.209300      10.888700     143.885800     124.249500      88.000000      34.000000      18.400000       3.600000       1.200000   4.481587e+25
      -8.267400     122.300300      10.888700     143.099300     123.785900      88.000000      34.000000      22.000000       1.200000       2.400000   4.457090e+25
      -8.264300     122.391200      10.888700     249.681110     112.962300      88.000000      34.000000      24.400000       1.200000       1.200000   7.776779e+25
      -8.261100     122.482100      10.888700     264.303590     115.300800      88.000000      34.000000      29.200000       4.800000       4.800000   8.232224e+25
      -8.258000     122.573100      10.888700     171.087400     107.070700      88.000000      34.000000      32.000000       1.200000       2.400000   5.328833e+25
      -8.254800     122.664000      10.888700      62.689900      87.634050      88.000000      34.000000      37.400000       3.600000       1.200000   1.952592e+25
      -8.251700     122.755000      10.888700      50.812100      89.867130      88.000000      34.000000      39.400000       1.200000       1.200000   1.582637e+25
      -8.248500     122.845900      10.888700       9.675520     116.305900      88.000000      34.000000      45.800000       4.800000       1.200000   3.013621e+24
      -8.387900     120.756700      15.921400       7.572740      83.745500      88.000000      34.000000      61.200000       2.400000       1.200000   2.705808e+24
      -8.384800     120.847600      15.921400     102.253300      86.067540      88.000000      34.000000      55.600000       6.000000       3.600000   3.653603e+25
      -8.381600     120.938500      15.921400       0.254230      80.481510      88.000000      34.000000      47.800000       2.400000       2.400000   9.083754e+22
      -8.378500     121.029500      15.921400       1.816120     100.303600      88.000000      34.000000      41.800000       3.600000       4.800000   6.489154e+23
      -8.375300     121.120400      15.921400       8.238990     117.793400      88.000000      34.000000      35.400000       4.800000       4.800000   2.943867e+24
      -8.372200     121.211400      15.921400       0.386970      99.389790      88.000000      34.000000      31.600000       4.800000       3.600000   1.382680e+23
      -8.369000     121.302300      15.921400       5.944840      81.843000      88.000000      34.000000      26.000000       3.600000       1.200000   2.124146e+24
      -8.365900     121.393200      15.921400       3.244140      77.703030      88.000000      34.000000      21.400000       3.600000       1.200000   1.159159e+24
      -8.362800     121.484200      15.921400      11.498490      98.365800      88.000000      34.000000      17.600000       3.600000       3.600000   4.108513e+24
      -8.359600     121.575100      15.921400     179.429200      83.553800      88.000000      34.000000      12.400000       1.200000       1.200000   6.411168e+25
      -8.356500     121.666100      15.921400     224.958210     100.724600      88.000000      34.000000      11.200000       4.800000       1.200000   8.037961e+25
      -8.353300     121.757000      15.921400     233.747800     114.327100      88.000000      34.000000       6.800000       1.200000       2.400000   8.352020e+25
      -8.350200     121.847900      15.921400     185.412200     106.699500      88.000000      34.000000       5.800000       3.600000       1.200000   6.624944e+25
      -8.347100     121.938900      15.921400     121.103700      77.065480      88.000000      34.000000       6.600000       1.200000       3.600000   4.327145e+25
      -8.343900     122.029800      15.921400      64.766530      85.157960      88.000000      34.000000       8.800000       1.200000       1.200000   2.314166e+25
      -8.340800     122.120800      15.921400      53.641960     123.433500      88.000000      34.000000      13.200000       6.000000       1.200000   1.916676e+25
      -8.337600     122.211700      15.921400     102.008300     123.957500      88.000000      34.000000      17.600000       2.400000       1.200000   3.644848e+25
      -8.334500     122.302600      15.921400     103.401100     121.792800      88.000000      34.000000      20.800000       2.400000       6.000000   3.694614e+25
      -8.331400     122.393600      15.921400     176.665410     119.774300      88.000000      34.000000      24.600000       2.400000       1.200000   6.312415e+25
      -8.328200     122.484500      15.921400     162.549190     122.466700      88.000000      34.000000      28.800000       6.000000       6.000000   5.808031e+25
      -8.325100     122.575400      15.921400     119.632000     124.852000      88.000000      34.000000      31.400000       3.600000       4.800000   4.274559e+25
      -8.321900     122.666400      15.921400      88.944650     123.116200      88.000000      34.000000      36.000000       3.600000       1.200000   3.178073e+25
      -8.318800     122.757300      15.921400      46.721700     108.884400      88.000000      34.000000      38.200000       1.200000       1.200000   1.669409e+25
      -8.315700     122.848300      15.921400       0.779580      87.272480      88.000000      34.000000      42.800000       1.200000       1.200000   2.785511e+23
      -8.455000     120.759000      20.954200       3.919050      72.066930      88.000000      34.000000      61.200000       1.200000       1.200000   1.539971e+24
      -8.451900     120.850000      20.954200      61.632900      84.056390      88.000000      34.000000      58.000000       6.000000       3.600000   2.421836e+25
      -8.448700     120.940900      20.954200       0.689830      77.940620      88.000000      34.000000      48.800000       3.600000       1.200000   2.710665e+23
      -8.445600     121.031900      20.954200       0.312150      95.119770      88.000000      34.000000      40.800000       1.200000       4.800000   1.226590e+23
      -8.442400     121.122800      20.954200      10.041240     117.672900      88.000000      34.000000      35.400000       2.400000       2.400000   3.945657e+24
      -8.439300     121.213700      20.954200       1.447310     114.267600      88.000000      34.000000      29.600000       1.200000       4.800000   5.687138e+23
      -8.436200     121.304700      20.954200       0.944400     124.739700      88.000000      34.000000      25.400000       2.400000       1.200000   3.710978e+23
      -8.433000     121.395600      20.954200       0.548650      88.001690      88.000000      34.000000      20.000000       1.200000       3.600000   2.155880e+23
      -8.429900     121.486500      20.954200      73.974420     105.280400      88.000000      34.000000      15.000000       1.200000       1.200000   2.906790e+25
      -8.426700     121.577500      20.954200     165.655000      93.788600      88.000000      34.000000      12.000000       2.400000       1.200000   6.509335e+25
      -8.423600     121.668400      20.954200     137.828900     113.291300      88.000000      34.000000       7.800000       6.000000       4.800000   5.415923e+25
      -8.420400     121.759400      20.954200     120.846300     113.249700      88.000000      34.000000       4.800000       4.800000       6.000000   4.748600e+25
      -8.417300     121.850300      20.954200     203.202500     112.141400      88.000000      34.000000       2.600000       2.400000       1.200000   7.984746e+25
      -8.414200     121.941200      20.954200     142.975010      80.257800      88.000000      34.000000       4.200000       2.400000       1.200000   5.618137e+25
      -8.411000     122.032200      20.954200       6.173520      88.334520      88.000000      34.000000       7.200000       2.400000       4.800000   2.425858e+24
      -8.407900     122.123100      20.954200      12.225500      80.925520      88.000000      34.000000      13.600000       4.800000       2.400000   4.803953e+24
      -8.404700     122.214100      20.954200      22.491780     123.529900      88.000000      34.000000      16.800000       1.200000       3.600000   8.838042e+24
      -8.401600     122.305000      20.954200      44.528960     108.871100      88.000000      34.000000      20.600000       1.200000       1.200000   1.749745e+25
      -8.398500     122.395900      20.954200      78.672000     114.257300      88.000000      34.000000      25.400000       2.400000       1.200000   3.091380e+25
      -8.395300     122.486900      20.954200      36.246160     116.549400      88.000000      34.000000      30.400000       4.800000       1.200000   1.424276e+25
      -8.392200     122.577800      20.954200      48.484710     124.463600      88.000000      34.000000      33.800000       3.600000       3.600000   1.905184e+25
      -8.389000     122.668800      20.954200     122.952200     122.265700      88.000000      34.000000      35.800000       2.400000       1.200000   4.831349e+25
      -8.385900     122.759700      20.954200      81.954790     123.083600      88.000000      34.000000      40.800000       4.800000       1.200000   3.220376e+25
      -8.382800     122.850600      20.954200       6.379090     116.325600      88.000000      34.000000      42.800000       1.200000       2.400000   2.506633e+24
      -8.522100     120.761400      25.986900       7.267940      77.531580      88.000000      34.000000      61.400000       2.400000       2.400000   3.244409e+24
      -8.519000     120.852300      25.986900       1.395690     101.884900      88.000000      34.000000      55.800000       2.400000       4.800000   6.230382e+23
      -8.515800     120.943300      25.986900       0.319670     120.639800      88.000000      34.000000      49.400000       4.800000       6.000000   1.426986e+23
      -8.512700     121.034200      25.986900       0.656750      95.592410      88.000000      34.000000      41.600000       2.400000       4.800000   2.931729e+23
      -8.509500     121.125200      25.986900      93.501570     124.409700      88.000000      34.000000      34.800000       1.200000       1.200000   4.173909e+25
      -8.506400     121.216100      25.986900       0.847690     100.119100      88.000000      34.000000      31.400000       6.000000       1.200000   3.784090e+23
      -8.503300     121.307000      25.986900       0.954180     118.346800      88.000000      34.000000      26.800000       6.000000       6.000000   4.259465e+23
      -8.500100     121.398000      25.986900       0.893190     102.921400      88.000000      34.000000      22.200000       6.000000       2.400000   3.987194e+23
      -8.497000     121.488900      25.986900     107.445700     115.271500      88.000000      34.000000      14.600000       1.200000       1.200000   4.796375e+25
      -8.493800     121.579900      25.986900     140.486600     111.886500      88.000000      34.000000      12.200000       4.800000       1.200000   6.271323e+25
      -8.490700     121.670800      25.986900      61.739570     124.015700      88.000000      34.000000       6.200000       1.200000       1.200000   2.756054e+25
      -8.487600     121.761700      25.986900     181.838590     104.770900      88.000000      34.000000       2.000000       1.200000       1.200000   8.117271e+25
      -8.484400     121.852700      25.986900     297.455290     109.705200      88.000000      34.000000       0.600000       1.200000       1.200000   1.327840e+26
      -8.481300     121.943600      25.986900     199.889600      75.069400      88.000000      34.000000       3.200000       3.600000       3.600000   8.923069e+25
      -8.478100     122.034600      25.986900      17.616610      67.491610      88.000000      34.000000       6.400000       1.200000       1.200000   7.864054e+24
      -8.475000     122.125500      25.986900       2.696210     103.477200      88.000000      34.000000      12.400000       2.400000       4.800000   1.203588e+24
      -8.471900     122.216400      25.986900       1.903780     121.263600      88.000000      34.000000      18.800000       3.600000       3.600000   8.498488e+23
      -8.468700     122.307400      25.986900       5.647820      99.381000      88.000000      34.000000      23.000000       1.200000       3.600000   2.521187e+24
      -8.465600     122.398300      25.986900      59.431430     123.997500      88.000000      34.000000      29.400000       6.000000       1.200000   2.653019e+25
      -8.462400     122.489300      25.986900       2.973580     122.248200      88.000000      34.000000      32.200000       3.600000       1.200000   1.327408e+24
      -8.459300     122.580200      25.986900      17.460640     119.650900      88.000000      34.000000      36.000000       4.800000       6.000000   7.794427e+24
      -8.456100     122.671100      25.986900     123.777300     118.041100      88.000000      34.000000      39.400000       6.000000       2.400000   5.525416e+25
      -8.453000     122.762100      25.986900      93.823490     122.928300      88.000000      34.000000      41.400000       3.600000       1.200000   4.188279e+25
      -8.449900     122.853000      25.986900       5.899160      77.762170      88.000000      34.000000      44.400000       2.400000       2.400000   2.633386e+24
      -8.589200     120.763800      31.019600       3.206820     121.642500      88.000000      34.000000      60.800000       4.800000       6.000000   1.638568e+24
      -8.586100     120.854700      31.019600       0.183920      81.071380      88.000000      34.000000      56.000000       6.000000       3.600000   9.397473e+22
      -8.582900     120.945700      31.019600       0.417320     109.283500      88.000000      34.000000      49.400000       4.800000       2.400000   2.132341e+23
      -8.579800     121.036600      31.019600       0.929350      81.736270      88.000000      34.000000      42.000000       3.600000       3.600000   4.748611e+23
      -8.576600     121.127500      31.019600      94.515080     123.750600      88.000000      34.000000      34.400000       1.200000       1.200000   4.829368e+25
      -8.573500     121.218500      31.019600      53.712740     123.611900      88.000000      34.000000      30.600000       3.600000       6.000000   2.744522e+25
      -8.570400     121.309400      31.019600      20.587180     104.636400      88.000000      34.000000      26.800000       3.600000       6.000000   1.051928e+25
      -8.567200     121.400400      31.019600       0.664540     101.171200      88.000000      34.000000      21.600000       3.600000       4.800000   3.395563e+23
      -8.564100     121.491300      31.019600       5.404350     103.363800      88.000000      34.000000      16.400000       1.200000       3.600000   2.761423e+24
      -8.560900     121.582200      31.019600      12.914660     106.629600      88.000000      34.000000      11.800000       1.200000       1.200000   6.598911e+24
      -8.557800     121.673200      31.019600       3.056640     109.770100      88.000000      34.000000       7.200000       4.800000       1.200000   1.561831e+24
      -8.554700     121.764100      31.019600     180.440510      85.586340      88.000000      34.000000       3.200000       1.200000       1.200000   9.219839e+25
      -8.551500     121.855000      31.019600     292.998110      94.173360      88.000000      34.000000       1.800000       1.200000       1.200000   1.497111e+26
      -8.548400     121.946000      31.019600     213.515790      65.732770      88.000000      34.000000       3.800000       1.200000       1.200000   1.090986e+26
      -8.545200     122.036900      31.019600       6.701520     104.107300      88.000000      34.000000       8.400001       1.200000       1.200000   3.424228e+24
      -8.542100     122.127900      31.019600       0.337280      70.194070      88.000000      34.000000      14.600000       3.600000       6.000000   1.723361e+23
      -8.539000     122.218800      31.019600       0.693060     100.238000      88.000000      34.000000      19.800000       4.800000       3.600000   3.541299e+23
      -8.535800     122.309700      31.019600       3.414140      71.790890      88.000000      34.000000      25.400000       2.400000       1.200000   1.744499e+24
      -8.532700     122.400700      31.019600      90.243130     124.760600      88.000000      34.000000      30.600000       3.600000       1.200000   4.611088e+25
      -8.529500     122.491600      31.019600      31.005210     117.534200      88.000000      34.000000      32.600000       1.200000       1.200000   1.584251e+25
      -8.526400     122.582600      31.019600      19.666540      95.565830      88.000000      34.000000      36.600000       6.000000       6.000000   1.004887e+25
      -8.523300     122.673500      31.019600      36.040870      92.272140      88.000000      34.000000      40.600000       4.800000       1.200000   1.841554e+25
      -8.520100     122.764400      31.019600       6.963100     101.600000      88.000000      34.000000      42.000000       2.400000       1.200000   3.557883e+24
      -8.517000     122.855400      31.019600       0.530270     108.719800      88.000000      34.000000      45.600000       2.400000       4.800000   2.709502e+23
      -8.656300     120.766100      36.052400       5.886500     113.283900      88.000000      34.000000      57.600000       4.800000       6.000000   3.577854e+24
      -8.653200     120.857100      36.052400       0.774810     106.781800      88.000000      34.000000      52.800000       2.400000       1.200000   4.709366e+23
      -8.650000     120.948000      36.052400       0.216070     111.906100      88.000000      34.000000      46.600000       1.200000       6.000000   1.313272e+23
      -8.646900     121.039000      36.052400       0.013940      95.376370      88.000000      34.000000      41.200000       3.600000       6.000000   8.470536e+21
      -8.643800     121.129900      36.052400       2.008380     118.892600      88.000000      34.000000      35.400000       4.800000       6.000000   1.220707e+24
      -8.640600     121.220800      36.052400       3.969180     122.709100      88.000000      34.000000      31.200000       2.400000       3.600000   2.412493e+24
      -8.637500     121.311800      36.052400      27.411750     120.971300      88.000000      34.000000      27.400000       6.000000       3.600000   1.666105e+25
      -8.634300     121.402700      36.052400       1.772160      89.860450      88.000000      34.000000      23.600000       3.600000       6.000000   1.077129e+24
      -8.631200     121.493700      36.052400       1.321690      96.900890      88.000000      34.000000      18.000000       1.200000       1.200000   8.033304e+23
      -8.628000     121.584600      36.052400       0.315810      95.026580      88.000000      34.000000      15.400000       4.800000       1.200000   1.919516e+23
      -8.624900     121.675500      36.052400       2.324570     107.883700      88.000000      34.000000      10.200000       2.400000       1.200000   1.412892e+24
      -8.621800     121.766500      36.052400      49.044740     115.764200      88.000000      34.000000       6.600000       1.200000       2.400000   2.980973e+25
      -8.618600     121.857400      36.052400      84.472230     124.690200      88.000000      34.000000       5.800000       2.400000       3.600000   5.134279e+25
      -8.615500     121.948400      36.052400      26.305360     122.517400      88.000000      34.000000       7.000000       1.200000       2.400000   1.598857e+25
      -8.612300     122.039300      36.052400       3.371940     122.576600      88.000000      34.000000      12.000000       2.400000       1.200000   2.049486e+24
      -8.609200     122.130200      36.052400       1.477460     117.167300      88.000000      34.000000      16.600000       2.400000       2.400000   8.980092e+23
      -8.606100     122.221200      36.052400       2.212520      88.464560      88.000000      34.000000      20.800000       1.200000       1.200000   1.344785e+24
      -8.602900     122.312100      36.052400      16.574900     113.695900      88.000000      34.000000      26.400000       6.000000       6.000000   1.007433e+25
      -8.599800     122.403100      36.052400      69.588150     122.212400      88.000000      34.000000      31.000000       2.400000       1.200000   4.229615e+25
      -8.596600     122.494000      36.052400       9.952930     104.693200      88.000000      34.000000      33.200000       1.200000       6.000000   6.049461e+24
      -8.593500     122.584900      36.052400       0.498130      92.976850      88.000000      34.000000      36.800000       2.400000       2.400000   3.027644e+23
      -8.590400     122.675900      36.052400       4.912780      67.500700      88.000000      34.000000      40.200000       3.600000       6.000000   2.986022e+24
      -8.587200     122.766800      36.052400       1.716680      82.905620      88.000000      34.000000      42.600000       1.200000       2.400000   1.043411e+24
      -8.584100     122.857700      36.052400       0.698730     100.061800      88.000000      34.000000      45.600000       1.200000       3.600000   4.246920e+23
      -8.723400     120.768500      41.085100       0.504180     114.590000      88.000000      34.000000      54.400000       1.200000       6.000000   3.064439e+23
      -8.720300     120.859500      41.085100       2.086720     116.706600      88.000000      34.000000      51.600000       3.600000       3.600000   1.268325e+24
      -8.717100     120.950400      41.085100       2.074640      80.965450      88.000000      34.000000      45.600000       6.000000       3.600000   1.260981e+24
      -8.714000     121.041300      41.085100       1.376110     101.005000      88.000000      34.000000      39.600000       1.200000       3.600000   8.364074e+23
      -8.710900     121.132300      41.085100      15.397320      97.840380      88.000000      34.000000      34.800000       1.200000       1.200000   9.358596e+24
      -8.707700     121.223200      41.085100      26.136120     121.342900      88.000000      34.000000      32.400000       3.600000       1.200000   1.588571e+25
      -8.704600     121.314100      41.085100      77.668580     124.094800      88.000000      34.000000      29.800000       4.800000       1.200000   4.720749e+25
      -8.701400     121.405100      41.085100      37.472280     124.163900      88.000000      34.000000      25.600000       6.000000       6.000000   2.277590e+25
      -8.698300     121.496000      41.085100       2.615570     116.064500      88.000000      34.000000      19.800000       6.000000       4.800000   1.589759e+24
      -8.695200     121.587000      41.085100       1.186440      82.332560      88.000000      34.000000      15.800000       3.600000       6.000000   7.211265e+23
      -8.692000     121.677900      41.085100       1.095860     115.861200      88.000000      34.000000      12.200000       1.200000       4.800000   6.660712e+23
      -8.688900     121.768800      41.085100      46.592220     119.002600      88.000000      34.000000      10.200000       2.400000       1.200000   2.831906e+25
      -8.685700     121.859800      41.085100      75.054630     124.678300      88.000000      34.000000       9.000000       1.200000       1.200000   4.561871e+25
      -8.682600     121.950700      41.085100       2.009010      80.089620      88.000000      34.000000      12.000000       4.800000       3.600000   1.221092e+24
      -8.679500     122.041700      41.085100       2.120390      76.315900      88.000000      34.000000      14.000000       4.800000       4.800000   1.288785e+24
      -8.676300     122.132600      41.085100       1.112510      79.197170      88.000000      34.000000      18.000000       6.000000       6.000000   6.761936e+23
      -8.673200     122.223500      41.085100       2.065850      96.207950      88.000000      34.000000      22.200000       2.400000       4.800000   1.255635e+24
      -8.670000     122.314500      41.085100      14.378130     115.083100      88.000000      34.000000      28.200000       6.000000       1.200000   8.739125e+24
      -8.666900     122.405400      41.085100      43.462440     123.594500      88.000000      34.000000      30.400000       2.400000       1.200000   2.641677e+25
      -8.663700     122.496400      41.085100       2.657850     115.876300      88.000000      34.000000      35.200000       6.000000       2.400000   1.615459e+24
      -8.660600     122.587300      41.085100       9.954730     108.040700      88.000000      34.000000      36.200000       1.200000       6.000000   6.050553e+24
      -8.657500     122.678200      41.085100       0.103640      81.098150      88.000000      34.000000      40.600000       4.800000       2.400000   6.299572e+22
      -8.654300     122.769200      41.085100       4.886680      87.634260      88.000000      34.000000      42.200000       1.200000       1.200000   2.970155e+24
      -8.651200     122.860100      41.085100       0.821170      68.175660      88.000000      34.000000      47.200000       6.000000       3.600000   4.991150e+23
      -8.790500     120.770900      46.117900       0.054810      91.328220      88.000000      34.000000      51.800000       2.400000       4.800000   3.331653e+22
      -8.787400     120.861800      46.117900       0.521150      90.383020      88.000000      34.000000      48.600000       2.400000       2.400000   3.167614e+23
      -8.784200     120.952800      46.117900       0.390480      92.849120      88.000000      34.000000      43.400000       1.200000       1.200000   2.373354e+23
      -8.781100     121.043700      46.117900       0.168840     122.828400      88.000000      34.000000      39.000000       1.200000       6.000000   1.026206e+23
      -8.778000     121.134600      46.117900       0.421730      65.124730      88.000000      34.000000      36.400000       4.800000       6.000000   2.563290e+23
      -8.774800     121.225600      46.117900       2.069360      96.622010      88.000000      34.000000      32.000000       1.200000       3.600000   1.257771e+24
      -8.771700     121.316500      46.117900       2.507700     116.792800      88.000000      34.000000      30.000000       6.000000       1.200000   1.524200e+24
      -8.768500     121.407500      46.117900       5.751770     116.890000      88.000000      34.000000      24.800000       4.800000       6.000000   3.495964e+24
      -8.765400     121.498400      46.117900       0.031310      96.742160      88.000000      34.000000      21.600000       1.200000       3.600000   1.903249e+22
      -8.762300     121.589300      46.117900       0.299190     103.185400      88.000000      34.000000      20.400000       6.000000       3.600000   1.818517e+23
      -8.759100     121.680300      46.117900       0.806220     101.551900      88.000000      34.000000      17.400000       6.000000       2.400000   4.900275e+23
      -8.756000     121.771200      46.117900       0.229430      69.333360      88.000000      34.000000      13.400000       2.400000       6.000000   1.394466e+23
      -8.752800     121.862200      46.117900       1.856250      66.363230      88.000000      34.000000      12.800000       1.200000       3.600000   1.128238e+24
      -8.749700     121.953100      46.117900       0.382440     121.422200      88.000000      34.000000      13.800000       4.800000       1.200000   2.324469e+23
      -8.746600     122.044000      46.117900       2.751080      80.181490      88.000000      34.000000      17.400000       4.800000       4.800000   1.672124e+24
      -8.743400     122.135000      46.117900       0.457520      99.025040      88.000000      34.000000      20.400000       3.600000       1.200000   2.780824e+23
      -8.740300     122.225900      46.117900       0.866390     123.713200      88.000000      34.000000      22.800000       6.000000       4.800000   5.265990e+23
      -8.737100     122.316800      46.117900       2.193840      91.414110      88.000000      34.000000      27.400000       3.600000       2.400000   1.333428e+24
      -8.734000     122.407800      46.117900       4.345610     117.110600      88.000000      34.000000      29.200000       6.000000       2.400000   2.641288e+24
      -8.730900     122.498700      46.117900       4.241460     121.657900      88.000000      34.000000      32.200000       1.200000       6.000000   2.577985e+24
      -8.727700     122.589700      46.117900       4.473020      65.024100      88.000000      34.000000      36.600000       4.800000       6.000000   2.718732e+24
      -8.724600     122.680600      46.117900       4.035320      79.926530      88.000000      34.000000      38.200000       1.200000       2.400000   2.452696e+24
      -8.721400     122.771500      46.117900       2.259680     124.372000      88.000000      34.000000      41.600000       1.200000       1.200000   1.373450e+24
      -8.718300     122.862500      46.117900       0.714200      93.902730      88.000000      34.000000      45.000000       1.200000       1.200000   4.340943e+23