# Love 100 s group velocity model
# from Larson & Ekstrom (1999), for more information, see
# http://www.seismology.harvard.edu/projects/surfwave/LE99-Pageoph
# Spherical harmonics, columns are: l m Alm Blm
 0  0      0.5369429              0
 1  0     -0.9813178              0
 1  1      0.6310049      0.8225319
 2  0      -0.410516              0
 2  1       1.501693       3.514828
 2  2        3.47781     -0.5839666
 3  0      0.5418661              0
 3  1       -1.11654      0.8323634
 3  2       1.168044      -1.504882
 3  3       2.033633       2.599842
 4  0      0.5604149              0
 4  1      -1.554745     -0.5660275
 4  2      0.5402704     -0.4991317
 4  3       1.882742      -1.152043
 4  4      0.5197785    0.009052769
 5  0      0.3802953              0
 5  1      -1.270061     -0.8737678
 5  2      -1.756341      0.7424625
 5  3       1.264395     -0.6564242
 5  4     -0.1248024      -1.348026
 5  5     -0.9521697     0.04000231
 6  0      -0.242466              0
 6  1      0.6361167      0.4373956
 6  2     -0.9125888       1.962859
 6  3     -0.0340376     -0.6569853
 6  4     -0.5057939       1.110918
 6  5      -1.823938     -0.5043537
 6  6      0.1200558      0.3760625
 7  0     -0.1485916              0
 7  1      0.7065387     -0.6810251
 7  2     -0.7837164      0.6373528
 7  3      0.7831451     -0.4233522
 7  4      0.2493453       1.072554
 7  5     0.05386778      0.6092669
 7  6      0.1375047     -0.9985614
 7  7      0.2251142     -0.2409355
 8  0    -0.01633815              0
 8  1     -0.2480129       0.268719
 8  2      -1.657853     -0.1660052
 8  3     -0.6472231    -0.09019825
 8  4      0.3366204     -0.3173867
 8  5    -0.02748955      0.4023329
 8  6     -0.3913496      0.1041497
 8  7       0.774592      0.4907554
 8  8      0.9053698      0.2843693
 9  0      0.1737776              0
 9  1       0.442745       1.022451
 9  2    -0.08822697      0.3458976
 9  3      -1.218346     -0.2252825
 9  4     -0.2715745      0.5383433
 9  5      0.4202927     0.03881544
 9  6     -0.3985347     -0.5439127
 9  7    -0.02505445      -1.246612
 9  8      -1.230142       -0.61226
 9  9     -0.3934684     -0.2272489
10  0     -0.2801955              0
10  1      0.5829317     -0.2800594
10  2      0.1164211      0.3341011
10  3     0.02090679     -0.3827912
10  4       1.074314     -0.7595252
10  5     -0.1908216      0.4970755
10  6      0.5743502     0.01157025
10  7    -0.07824316     -0.4656768
10  8     -0.2922733      0.1188127
10  9       1.129359     -0.2936154
10 10      -1.087237      0.1963011
11  0      0.5201869              0
11  1      0.2611617      0.2520098
11  2      0.1034338     -0.1654436
11  3     -0.3901808      -0.126917
11  4     -0.7540113        1.08637
11  5      0.3414541       0.726708
11  6       0.141666      0.2515149
11  7     -0.8532511     -0.2036863
11  8       -0.02705     -0.2946978
11  9     -0.3963007       1.317197
11 10      -0.100822      0.2266647
11 11     -0.4560406     -0.2797599
12  0       0.289802              0
12  1     -0.3945571      -0.802478
12  2      0.6439517     -0.8733044
12  3      0.1952053     0.09969702
12  4    -0.01779356      0.4044905
12  5     -0.2492594     -0.5153813
12  6      0.2015658      0.1580911
12  7     -0.5707859      0.0832919
12  8      0.3217585     -0.2259947
12  9      0.3212864      0.6111937
12 10     -0.2390137     -0.1927553
12 11      0.9152972      0.4782074
12 12      0.4896992     -0.2546823
13  0     -0.3407699              0
13  1     -0.1437742     0.02849914
13  2      0.2348788     0.06714096
13  3    -0.02858842      0.3061022
13  4    -0.08758341     -0.1978978
13  5      0.3042409      0.1563608
13  6      0.2358332      -0.282186
13  7    -0.07494442     -0.1362718
13  8      0.1716248      0.1928538
13  9      0.2159146      0.3252514
13 10     -0.1363739      0.2701173
13 11     -0.2363245   0.0009738237
13 12      0.3454672     -0.4213556
13 13     -0.5071948      0.3459053
14  0     -0.1994796              0
14  1     0.02993457      0.1415627
14  2      0.2783855     0.02849491
14  3      0.1466803     0.07025521
14  4     -0.3196914      0.3591031
14  5     0.03785691      -0.376963
14  6     0.04765069      0.2421819
14  7     0.02503975      0.0146288
14  8    -0.06035201     -0.1476391
14  9      0.0564436     0.02399533
14 10     -0.2260437     -0.3075342
14 11      0.2236128     -0.5152156
14 12      0.1465406     -0.1068899
14 13      0.0050969      0.3127322
14 14      0.3846849      0.3337563
15  0    -0.08386568              0
15  1     -0.1262471      0.1019626
15  2      0.2785335      0.1517114
15  3      0.2177674    0.003571992
15  4      0.1673357     -0.0266795
15  5    -0.04777974     0.07095053
15  6       0.156105      -0.197341
15  7      0.1414796    0.005323668
15  8      0.2731541   -0.009425249
15  9     -0.1980912     -0.1835525
15 10    -0.01280456    -0.09488917
15 11    -0.09262132      0.1424895
15 12     -0.1633101     -0.3288819
15 13     -0.3624065     0.05311737
15 14    -0.07393495    -0.08672708
15 15    -0.05474262     -0.1044875
16  0     -0.1261424              0
16  1       0.217122      -0.130616
16  2      0.1001607     -0.1762408
16  3     -0.1658351     -0.2236773
16  4     0.05273669    -0.07026341
16  5     -0.1515629     0.09676152
16  6      0.1427535     0.04044977
16  7    -0.01894005     0.09797994
16  8     -0.1091599     -0.2101686
16  9     -0.1977955     -0.1557123
16 10      0.1212275     -0.1781857
16 11      0.1200603      0.2638803
16 12      0.1008278     -0.2236455
16 13      0.1859423      0.1009079
16 14     0.05906842      0.1970372
16 15     -0.1406614    -0.07852192
16 16     -0.1272925     -0.2176918
17  0    -0.06850238              0
17  1     0.07303836     0.01096644
17  2      0.2031878     -0.2009355
17  3      0.5758882      0.2761426
17  4       0.125932     -0.1478738
17  5     0.09250897     -0.2818947
17  6     0.05949131    -0.09898476
17  7      0.2049604     -0.0226859
17  8     -0.2342125     0.02868936
17  9     -0.4636138     -0.2802941
17 10      0.3336143     -0.1029251
17 11      0.1387152    -0.04831209
17 12     -0.3051431     -0.1234487
17 13      0.0777079     0.07823831
17 14       0.092499     -0.2324491
17 15     -0.0818779     0.03654476
17 16     0.07416591     -0.2967723
17 17     -0.2476704     0.05920554
18  0    -0.02423797              0
18  1   -0.004599565     -0.4459995
18  2    -0.06206543    -0.02839747
18  3    -0.05864846     0.03213249
18  4     0.05571807      0.1092205
18  5      -0.104074     -0.0499364
18  6    -0.06163321     -0.2549258
18  7      -0.100491     0.08458944
18  8     -0.3206624      0.1127466
18  9      0.1175587      0.3122874
18 10     0.06067196      -0.132661
18 11    -0.03942322      0.1900538
18 12     -0.1246777     0.03617802
18 13     -0.1065628    -0.06206556
18 14     0.03647328      0.1856962
18 15     -0.1676366     -0.3083595
18 16     -0.1761831    -0.08356474
18 17     0.07940511     -0.2317573
18 18    -0.07942534    -0.03411282
19  0   -0.001488983              0
19  1   -0.004246512      0.1792979
19  2     -0.1092317     -0.1169072
19  3     0.00267508    -0.02031616
19  4     -0.3166023    0.009721051
19  5      0.1821861      0.1752639
19  6      0.1580478     0.03887832
19  7     0.07311881      0.1272259
19  8     -0.1779198      0.1672345
19  9     -0.2329695    -0.05122726
19 10      0.1034011     -0.2248589
19 11    -0.02288395     -0.2986632
19 12      0.3955044      0.1339362
19 13      0.1632086     -0.1482004
19 14    -0.03712024      0.1795979
19 15     -0.3123061     0.07629952
19 16      0.1048351    -0.07899905
19 17      0.0302329    0.004235578
19 18     -0.0334942     -0.1411599
19 19     -0.2939419  -0.0006698881
20  0    -0.06682671              0
20  1    -0.01976489      0.1582948
20  2     -0.2269613    -0.09651686
20  3     -0.1969635     0.08115562
20  4   -0.001961853    -0.09816976
20  5      0.1096618      0.1740986
20  6       -0.28385       0.184804
20  7     -0.1369901     -0.1116745
20  8     0.07854424     -0.1318801
20  9      0.1051673    -0.01085251
20 10      0.2429086      0.1279457
20 11     0.03511789      0.1023073
20 12      0.2017927     -0.3229348
20 13      0.2540503   -0.008923293
20 14      0.2619602      0.2445618
20 15      0.0362778     -0.2883627
20 16       -0.14434     0.01090472
20 17      0.0136927      -0.145183
20 18    -0.04332805      0.1460602
20 19     -0.0170611     0.04165786
20 20    -0.04238577    -0.06590693
21  0    -0.02900172              0
21  1      0.1690095      0.3409746
21  2     -0.1111259    0.009966059
21  3      0.1695935       0.124211
21  4     0.03305198      0.3367157
21  5     0.01554237      0.1280848
21  6    -0.06488514     0.03527506
21  7     0.03128562     0.08512329
21  8     0.02932462     -0.1439205
21  9     0.01261444    0.002838932
21 10      0.2829282      -0.109014
21 11      0.2316777     0.09164114
21 12      0.0523865      0.1027047
21 13     0.04210597     -0.1174003
21 14     -0.2173219     -0.1231497
21 15     -0.2123732     0.04777792
21 16     -0.1028608      0.1513218
21 17      -0.221448      0.2260267
21 18    -0.07658537     0.08640178
21 19     -0.0520378     0.07174285
21 20       0.292748    0.008652643
21 21     -0.2669974      -0.150046
22  0     0.09804355              0
22  1      0.3360225     0.09305257
22  2     -0.1772675     -0.1084357
22  3      0.2950548     -0.1003934
22  4    -0.02315444     -0.1234855
22  5     -0.1068679    -0.02088277
22  6    -0.05811934      0.2159003
22  7      0.0337284    -0.07697861
22  8    -0.01087302      0.1724143
22  9     -0.0424662     0.04134207
22 10   -0.004341864     -0.1673654
22 11     -0.0829803     -0.2809659
22 12    -0.02116317     0.04308933
22 13    -0.05809357      0.2710617
22 14    -0.07377759     -0.0317184
22 15     0.06716143      0.1109004
22 16     0.03535303     0.07992089
22 17     0.07999185      0.1764487
22 18     -0.1064639     0.05699266
22 19    -0.06685032     0.05795256
22 20    -0.06877121     -0.1733289
22 21    -0.09080932      0.2460339
22 22      0.1017368     0.01685861
23  0      0.0195569              0
23  1     -0.1720833      0.1466402
23  2    -0.09102377      -0.134156
23  3    -0.03134641    -0.02924492
23  4    -0.03533195     0.03499857
23  5    -0.05121307     -0.1737096
23  6    0.006885608      0.2923556
23  7      0.1323188    -0.09071268
23  8     0.08857094     -0.1127024
23  9    -0.06232493     0.05470806
23 10     0.02648592   -0.004444134
23 11      0.1524857      0.1274855
23 12     -0.1076437      0.1621922
23 13    -0.07685744      0.1032523
23 14      0.1175149     0.07872598
23 15      0.2201366     -0.3225174
23 16      0.1117609    -0.08107473
23 17     -0.2321929     -0.0889001
23 18      0.3459364     -0.0379567
23 19       0.127241      -0.156954
23 20    0.002995043   -0.002346273
23 21     -0.2932276      0.2110886
23 22       0.307156    -0.08285864
23 23      0.1365842      0.2931028
24  0    -0.05282451              0
24  1      0.2025601     0.03005449
24  2       0.113196       0.265485
24  3     0.09014864     -0.3183515
24  4     0.01016712     0.02293754
24  5    -0.09183859     -0.1010612
24  6     -0.3065691   -0.002577152
24  7     0.06828288      -0.230325
24  8     -0.3259406      0.0726672
24  9     -0.1005949     -0.1681489
24 10     -0.0886854     -0.1783393
24 11    -0.06094853     -0.2262485
24 12     -0.2245801     -0.1422189
24 13     -0.1783078       0.134794
24 14      0.0680555    -0.01081957
24 15     -0.1797053     -0.2374188
24 16    -0.04013699     -0.1422054
24 17      0.0255762     0.06088547
24 18      0.1737721    -0.08735436
24 19    -0.06341685     0.03506673
24 20     -0.1931366     0.05918324
24 21     0.03668848     0.02117701
24 22      0.1788346     -0.0505825
24 23      0.0221109    -0.06385455
24 24   -0.002290609     0.07866754
25  0   -0.007011902              0
25  1     0.09034637    -0.02022555
25  2     -0.2871287    -0.09505969
25  3   -0.001298465      0.1106896
25  4     0.05384152      0.1749903
25  5    -0.02509739     0.01950987
25  6     0.05442783     0.07426936
25  7      0.1454489     0.05026047
25  8      0.1997215     -0.1390685
25  9     -0.1344654     0.01477827
25 10     -0.1641684       0.124992
25 11     -0.2166993     0.01346006
25 12      0.1665857    -0.06992182
25 13      0.3077579     0.07011981
25 14     0.04436485      0.1355305
25 15     0.04672433    -0.06772339
25 16     0.07070759      0.1202513
25 17     -0.2088614       0.225073
25 18    -0.02193716     -0.2050909
25 19     0.03163981     0.08883543
25 20     -0.0153376     0.05904346
25 21   -0.008404834    -0.04311652
25 22     0.06624756     -0.1833874
25 23    -0.02104094    -0.03931104
25 24     -0.1990335    -0.09215915
25 25      0.1841041      0.0179822
26  0     -0.1881175              0
26  1      0.2751143     0.04203023
26  2      -0.114019    -0.09605348
26  3     -0.1514875     -0.2325049
26  4     -0.0689785     0.08029893
26  5      0.3312682    -0.09239519
26  6    -0.07534347     -0.2057458
26  7     -0.1108682    -0.02359106
26  8    -0.03900373      0.1907016
26  9     -0.2735361    -0.03171489
26 10     0.01873641    -0.02767648
26 11     -0.1461489      0.1246634
26 12    0.007290279    -0.06280142
26 13      0.2154515     0.04557037
26 14      0.1112325    -0.04099989
26 15        -0.1423    -0.04448545
26 16    -0.01772206     -0.1602584
26 17    -0.09174068     -0.1454075
26 18      0.1308276     0.04047604
26 19     0.08951522    -0.02578468
26 20    -0.08968265      0.1244454
26 21      0.1760391     -0.1122809
26 22    -0.07103673     0.03245642
26 23     -0.0227945     0.04007249
26 24    0.002562233     0.02086759
26 25      0.1489747     -0.1411238
26 26    0.007859838    -0.03947983
27  0     0.09283933              0
27  1    -0.03867927      0.1371395
27  2     -0.1476255      0.1682135
27  3      0.1896209      0.1361104
27  4     -0.1307624     -0.0405623
27  5      -0.183609     0.01658984
27  6    -0.02377788     -0.1291275
27  7      0.1023865    -0.01771729
27  8     0.03004333     0.07387379
27  9     0.06263759      -0.045844
27 10    -0.03648468      0.1826354
27 11      0.1761106      -0.290013
27 12     0.04546842    -0.03330649
27 13      0.1949258    0.001419808
27 14     -0.2474428     0.05573684
27 15    -0.01952495     0.06252948
27 16     0.06126321    -0.01547122
27 17      0.1857416     0.08797055
27 18      -0.108381    -0.08128446
27 19   -0.005401352     -0.2335127
27 20      0.1399768    -0.01360167
27 21     0.08491097      0.1393609
27 22    -0.05989834    -0.02326573
27 23    -0.08327063      0.1159776
27 24      0.2078656     0.08951593
27 25      0.1368818     0.04675522
27 26      0.1165622     0.06281429
27 27     0.04370053     -0.2009899
28  0    -0.07778174              0
28  1    0.002145982      0.1465386
28  2     0.03372969     0.04314816
28  3     -0.1611176    -0.03533906
28  4     0.08996903    0.005319134
28  5     -0.2076439     0.01411911
28  6    -0.01034452     0.03058802
28  7      0.0218674    -0.03675923
28  8     -0.1392282     -0.1873279
28  9     -0.2594262        0.17118
28 10     -0.1954242      0.1171977
28 11     0.01181687     -0.1284221
28 12    -0.03198168     0.08606882
28 13    -0.04968809   -0.001135032
28 14     0.02335111     0.09121262
28 15     -0.1520393     -0.1802724
28 16     -0.2019259    -0.06661322
28 17      0.2391588    -0.02623226
28 18     -0.1240692    -0.07724915
28 19    -0.07001978     0.07787625
28 20     0.07564794    -0.08896351
28 21     0.04347331     0.05853181
28 22     -0.1069453    -0.09041168
28 23     0.02635561     -0.1902533
28 24     -0.1491237    -0.06841943
28 25      0.2491163     0.06485758
28 26     -0.2469601     -0.1332854
28 27    -0.04643542      0.2644534
28 28    -0.05107486      0.1078205
29  0     -0.1089123              0
29  1     0.04830147     0.09432529
29  2    -0.04637778      0.3416188
29  3      0.1858063     -0.3654645
29  4      0.1573382     -0.1018435
29  5     -0.1172216      0.1385621
29  6      0.1012774     -0.1116295
29  7    -0.06340238     -0.1516088
29  8       0.100908      0.1414475
29  9      0.1411669   -0.005524182
29 10    -0.09280787      0.1384716
29 11     0.03595141     0.04262282
29 12     0.06113975    -0.08610255
29 13    -0.06875839     -0.1301573
29 14     0.02350588     -0.2509785
29 15     -0.1143727      0.1642136
29 16     -0.1988721      0.0888872
29 17       0.049119    0.008374704
29 18      0.1081321     0.03098841
29 19    -0.08165337      0.1179447
29 20     0.08242726     0.05027369
29 21      0.2337338     -0.1247042
29 22      0.2240031     0.07024974
29 23     -0.1700877     0.03516118
29 24    -0.03148466    0.009541729
29 25     -0.1238563     0.09083214
29 26    0.001580437    -0.01805898
29 27    -0.06875685    -0.04989862
29 28      0.2778947      -0.179673
29 29    -0.08336268    -0.02673251
30  0     0.06376366              0
30  1     0.07006827      -0.230941
30  2    -0.04693483    -0.05170764
30  3    -0.01095282    -0.04641132
30  4  -0.0009189371      0.0623505
30  5      0.1729462     0.03701059
30  6    -0.08000796    -0.08923143
30  7     0.01051479     0.08887492
30  8     -0.2255682     -0.2520935
30  9      0.1022946     -0.2173647
30 10    0.001967048    0.003403557
30 11     -0.1901486    -0.05086147
30 12      0.1164346      0.2676882
30 13    -0.06712222     0.06143962
30 14     -0.1073116   -0.002662766
30 15     0.08102053    0.005299508
30 16    -0.05031094    -0.06975951
30 17    -0.07355214     -0.1480896
30 18    -0.05384342    -0.03979865
30 19    -0.07223406    -0.04747198
30 20     0.03673243      0.1811298
30 21     -0.1001542     -0.1130089
30 22      0.1853589      0.2404483
30 23     0.03202228   -0.002656307
30 24    -0.04600427    -0.08043371
30 25     0.04236116      0.1281992
30 26     0.08103695     -0.1511864
30 27      0.1303327      0.1062647
30 28     -0.0285706     0.08211629
30 29    -0.09574398    0.005234487
30 30      0.1894243    -0.01865093
31  0    -0.01617444              0
31  1     0.09707912   -0.009786321
31  2     0.07664064      0.0540577
31  3     0.02006943    -0.07687946
31  4   -0.003298365     -0.1412006
31  5     -0.1872562      0.0320006
31  6     0.07968964    -0.01278208
31  7     0.01607201     0.07009311
31  8      0.0718326    -0.03794119
31  9    -0.05022648      0.1384466
31 10      0.1073738     0.02613082
31 11     0.07422006    -0.01582179
31 12     0.05311791      0.1292726
31 13     0.06160769     0.07616685
31 14      0.1824653     -0.1184487
31 15      0.1911738    -0.02780433
31 16     -0.1237197      0.1481311
31 17     -0.2159284    -0.06308205
31 18     0.06395785     0.08599325
31 19     0.05636724   -0.006486516
31 20    -0.07872819     -0.1775345
31 21    -0.06822576    -0.01415612
31 22     0.07408629    0.005438522
31 23     -0.1546485     0.05734605
31 24       0.134378    -0.05416988
31 25      0.1267403     -0.1277959
31 26     0.04494187     0.06930451
31 27    -0.06689731    -0.09457771
31 28    -0.02709309      -0.234667
31 29    -0.01857376      0.1765767
31 30     0.08634335     0.01861494
31 31     0.05739667       0.085738
32  0     -0.1102284              0
32  1     0.06072142     0.06153753
32  2    -0.01363243      0.1053399
32  3     -0.1140383     0.08578843
32  4    0.001690862    -0.02354373
32  5     0.09230145     0.04050758
32  6    -0.09149873     -0.1736526
32  7     0.07252607     -0.1649608
32  8     0.02082927    0.001293234
32  9    -0.03580387     -0.0882486
32 10      -0.200312     -0.0275847
32 11     0.06158633     -0.0805672
32 12     0.07057043  -0.0008646265
32 13    -0.03329251      0.2493065
32 14    -0.05318636      0.1619567
32 15    -0.06590454     0.07256987
32 16    -0.04660003      0.1325077
32 17      0.1882941      0.1105287
32 18     0.06696725     -0.1244216
32 19     0.04914576    -0.06004354
32 20     -0.1268039     0.03805357
32 21     -0.0754346    -0.03277253
32 22     -0.1961997      0.1060271
32 23     0.08966604      0.1716127
32 24    -0.02643401     -0.0136713
32 25    -0.09940387      0.2257251
32 26    -0.08147328    -0.03971296
32 27    -0.04968431      0.1867921
32 28     -0.1695023     0.00125095
32 29     0.01443305      0.2217224
32 30    -0.04606387     -0.1689246
32 31     -0.1222087     0.03456758
32 32     -0.1006032     0.07796314
33  0     0.06321731              0
33  1      0.1082519      0.1950383
33  2    -0.00508765      0.1155489
33  3     -0.2401596   -0.006291855
33  4     -0.1481933      0.2818379
33  5     -0.2142922    -0.09355086
33  6    -0.09213631      0.1510319
33  7     -0.1038323    -0.06530815
33  8     -0.1201859    -0.03981161
33  9     0.01664962       0.021047
33 10     0.01510174     0.01615936
33 11      -0.283609     0.01816089
33 12      0.2109903      0.2076377
33 13     0.04319597     -0.1419006
33 14     0.07094014     0.05381651
33 15   -0.005572439     -0.1284137
33 16    -0.09017129     0.09598878
33 17    -0.02937879    -0.01325312
33 18      0.1686192    -0.01914342
33 19    -0.08910275     -0.1224206
33 20    0.008377588     -0.1417981
33 21     0.07121414    -0.03565984
33 22    -0.02055896     0.01591395
33 23     -0.0374766     -0.1327046
33 24    -0.01984205     0.09134947
33 25    -0.02175183    -0.01993565
33 26      0.1571444     -0.1084775
33 27     0.04014173      0.1014708
33 28    0.008607469    -0.04647361
33 29      0.1250045      0.1965514
33 30   -0.006419991     0.06184197
33 31    0.003964202     0.07230172
33 32     0.02047885      0.1435111
33 33     0.08671357      0.1106391
34  0     -0.1628453              0
34  1     0.05071836     -0.0417535
34  2     0.01217831     0.04666078
34  3      0.2292091    -0.06094883
34  4     0.06413826      -0.160915
34  5     0.09275577     0.09518249
34  6     0.04623844     -0.1298747
34  7    -0.06533024      0.1770704
34  8     0.06251246     -0.1993192
34  9     -0.0952083      0.1523474
34 10      0.1272959    -0.01273671
34 11     0.05612514      0.1468635
34 12    -0.01848654    -0.04580062
34 13    -0.07531343     -0.1475893
34 14     0.09629878    -0.09174894
34 15      0.1049991    -0.08901908
34 16      0.1312929     0.06203121
34 17      0.1337404    -0.03166629
34 18      -0.179868      0.1100328
34 19      -0.208892     -0.2027942
34 20     0.04206201      0.1651965
34 21     -0.2050418   -0.003470489
34 22     -0.1559984     0.09740182
34 23      0.2324039     -0.1117688
34 24     0.01606626      0.1927429
34 25      0.1576869      0.1053629
34 26     -0.1276308    -0.09564658
34 27    -0.02788393     0.04169171
34 28     -0.2115777    -0.05603888
34 29      0.1466108     0.01524593
34 30     -0.1309702     -0.1205278
34 31    -0.03005587     -0.1684256
34 32      0.1744509     0.04573173
34 33     -0.1239747     0.08404951
34 34     -0.0541235     0.09344114
35  0    -0.01581719              0
35  1       0.279347      0.2140918
35  2    -0.01883233    -0.01034704
35  3     0.04560478     -0.1931525
35  4     0.02260429    -0.08471333
35  5     -0.1566553    -0.03400241
35  6      0.1814955     -0.0250552
35  7    -0.04863838     -0.1649339
35  8     0.09886502      -0.107169
35  9    -0.05990307    -0.07684764
35 10    -0.06238545     0.02188467
35 11      0.1072864     -0.1166115
35 12     0.05551077    -0.03684554
35 13     -0.1430391      0.1484316
35 14      0.1380635    -0.07395755
35 15      0.1747141      0.1841932
35 16     -0.3175001     -0.1201872
35 17    -0.01940085      0.1505865
35 18   -0.005100328      0.2475324
35 19    -0.02140874     -0.2116782
35 20    -0.07168406     0.02982661
35 21    0.007724829     0.05785529
35 22    -0.03783041      0.1467299
35 23     -0.0272482    -0.01265438
35 24      0.1606237     -0.2105835
35 25    -0.01104527      0.1450537
35 26     -0.1324678     0.06022028
35 27    -0.05257907     0.02187813
35 28     0.09599278     -0.0534991
35 29     0.08448453     0.06982768
35 30     0.02705775    -0.07426756
35 31    -0.07131645      0.1646965
35 32     0.04784492     0.03734935
35 33      0.1071417    -0.05178432
35 34     0.03332571    0.002577451
35 35   -0.001400075    -0.07646681
36  0     0.03179118              0
36  1     -0.0919704     0.04506536
36  2      0.1068372       0.144311
36  3     0.08429692     0.07136414
36  4     0.05288153     0.05214616
36  5      0.2304487     0.03815206
36  6     0.02229351    -0.04400129
36  7    -0.03218949    -0.06041002
36  8    -0.02949085     -0.2065259
36  9     0.02541878     0.06690176
36 10     0.03132217     -0.1901044
36 11      0.3385174    -0.06706157
36 12    -0.08832437    -0.02923084
36 13     -0.2481612    -0.04008869
36 14    -0.07409614    -0.04771188
36 15     -0.0454073     0.06773386
36 16    -0.02935663     0.09777922
36 17    -0.07246562      0.1412536
36 18     0.04846155     -0.1021817
36 19     0.05079636      0.1553582
36 20      0.1148695    0.006478355
36 21     0.03882856      0.1307696
36 22      0.1119678    -0.04462839
36 23     0.02366651    -0.07133999
36 24     0.06569193    -0.08036543
36 25    -0.03525062     -0.1168679
36 26     -0.0165355    -0.07655293
36 27    -0.05111336     0.02168137
36 28      0.1843872    -0.03225356
36 29     0.01938977    -0.06534863
36 30    -0.05426455    -0.02066528
36 31     0.08092444     0.04398603
36 32     -0.2067024     -0.1879297
36 33     0.02331196      0.1104998
36 34      0.0189879      0.1498457
36 35      0.0751304    -0.01308499
36 36      0.1775296     0.02504819
37  0    -0.01752491              0
37  1      0.1433827      -0.205202
37  2      0.1745398     -0.1871257
37  3     -0.1906434     0.01152955
37  4    -0.05906942     0.06603549
37  5      0.1476871    -0.04048513
37  6     -0.2322273     0.08593005
37  7      0.1038917      0.1137903
37  8      0.2121646     0.07363383
37  9     0.03482588    -0.07995321
37 10       0.120987      0.1498504
37 11     -0.1619255     0.06763574
37 12   -0.006322301     -0.1134072
37 13    -0.06042117      0.1436814
37 14     0.05460853      0.1011773
37 15     0.03573035    -0.04551198
37 16   -0.001558584      0.1347761
37 17     0.03130933     -0.1152515
37 18      0.1617305     0.07981758
37 19     -0.1743134    -0.03736937
37 20    -0.04628746    -0.02151458
37 21   -0.000101301    -0.08615784
37 22   -0.003871531    -0.01106598
37 23     -0.1188278    -0.01780274
37 24     -0.1097298      0.1604088
37 25     0.02721161    -0.03069771
37 26     0.03344719     0.08568805
37 27      0.0817292    -0.04544875
37 28    -0.04783399     -0.1555646
37 29    -0.08695161     0.01746433
37 30     0.09622344      0.1135057
37 31     0.07902636     0.01641853
37 32    -0.02517358    -0.02808852
37 33      0.1621654    -0.06433944
37 34     -0.1660163   -0.006499297
37 35      0.1869221     -0.1029978
37 36     0.02199077      0.2294773
37 37     0.03002227     0.02019193
38  0     -0.0347166              0
38  1     -0.2267176   -0.007016527
38  2      -0.197054     0.03897051
38  3    -0.08062179      0.1329925
38  4     0.09041993      0.2166184
38  5     0.04503193     -0.0356417
38  6     -0.1137878    -0.08148801
38  7    -0.08744846      0.1334115
38  8     -0.0323824     -0.2196077
38  9     0.08673019    -0.05164321
38 10    -0.01019414     -0.1542392
38 11     0.07128682     -0.1044986
38 12     -0.1052717       0.152308
38 13   -0.009393146    -0.02208895
38 14      0.1071679     -0.2283965
38 15    -0.08302538    -0.09137007
38 16     0.01155408   0.0008201052
38 17     -0.1911542      0.1130699
38 18    -0.04332958     0.06631695
38 19      0.1085857      0.1533728
38 20    -0.04883558      0.0150799
38 21    -0.08929338     -0.2655829
38 22      0.2337636     -0.1381637
38 23     -0.2012745    -0.03220921
38 24     0.07642335     0.07426779
38 25    0.009595632     -0.1164976
38 26    -0.04269752      0.1133356
38 27      0.1695974      0.1669219
38 28     -0.1157816    -0.04934957
38 29     0.04028461    -0.04511626
38 30  -0.0006670028     0.04289295
38 31      0.1648671    -0.07402696
38 32    -0.03345583      0.1901916
38 33    -0.02930668     0.03071058
38 34     0.08361637     0.02432301
38 35     0.06967452     -0.1302935
38 36    -0.06226819    -0.01664857
38 37      0.1985262    -0.07608116
38 38    -0.08341616      0.0625177
39  0      0.1331173              0
39  1    -0.07997466     0.05239218
39  2     -0.1183866      0.0135701
39  3    -0.07049818      0.1594688
39  4     -0.1178541      0.1260452
39  5     -0.2460252      0.1150291
39  6    -0.07773271    -0.04131141
39  7    -0.03946673    -0.08821265
39  8     0.07055651     0.06928906
39  9    -0.08962701     0.06516252
39 10   -0.005469444      0.1601402
39 11    -0.09494138     0.04289542
39 12   -0.007423435     -0.0349587
39 13    -0.08421986    0.009866384
39 14    -0.02299969    -0.08040202
39 15     -0.0474894     -0.2428814
39 16     0.06940076     0.07589832
39 17    -0.08757085    -0.07727553
39 18     0.06578591     0.03354294
39 19    -0.01673759     -0.1454045
39 20     0.06808683     0.03877258
39 21     0.03283967     -0.1540736
39 22      0.2422547     0.05326664
39 23     0.06279186     -0.1101552
39 24      0.1418065    -0.07671963
39 25      0.1738398     0.03848878
39 26     0.09864749     -0.2441708
39 27    -0.01808909     0.05748593
39 28    -0.02362338    -0.05925835
39 29     0.04168877    -0.03649119
39 30     -0.1304147    -0.04924982
39 31    -0.03337127     -0.1215938
39 32     0.02766502     -0.1981341
39 33    -0.08774478    -0.04365706
39 34    -0.03227059    -0.03896991
39 35     -0.1624493     0.03628524
39 36     0.03390044    -0.05147741
39 37     0.03475193    -0.01960933
39 38     0.07029908    0.003563428
39 39     0.03999195     -0.0143972
40  0     -0.0391879              0
40  1     -0.1054388       0.219354
40  2      0.1656864     -0.1318585
40  3     0.03381011    -0.07307872
40  4     -0.1264428     -0.0127059
40  5    -0.03369497    -0.06798203
40  6     0.06064856      0.1378413
40  7    -0.07445111     -0.1236551
40  8     0.05828537     -0.1164241
40  9     0.05997859    -0.03207168
40 10      0.1618994    -0.01096112
40 11      0.2364825    -0.06579588
40 12     0.04665816      -0.119463
40 13     0.06094753    0.007192075
40 14    -0.04910049     0.09262167
40 15    -0.02181379      0.1966771
40 16    -0.09826806     0.09413192
40 17     0.07259238    -0.03556483
40 18      -0.073307     0.07479336
40 19    -0.06072116      0.2193959
40 20     0.05768882     0.02368627
40 21     0.04666892     0.00407459
40 22     0.09624051    -0.01373906
40 23     0.08451468   -0.009056629
40 24     -0.1261035    -0.03635545
40 25     -0.1798485     0.03974891
40 26     0.09033315      0.1066791
40 27     -0.1569656     0.01502999
40 28    0.003892651    -0.05887397
40 29   0.0003863773     -0.1902108
40 30    0.005870983      0.1295081
40 31      0.2438304     0.03347211
40 32      0.1071477     0.03692322
40 33     -0.0200116    0.007520304
40 34     -0.2139009    -0.03175043
40 35     0.06421273      0.1683267
40 36   -0.007998752     0.08467882
40 37    -0.07154551    -0.04128964
40 38     0.03015592    -0.05700716
40 39      0.1099336     -0.0308547
40 40     0.07511301     0.03348513
