# Love 125 s group velocity model
# from Larson & Ekstrom (1999), for more information, see
# http://www.seismology.harvard.edu/projects/surfwave/LE99-Pageoph
# Spherical harmonics, columns are: l m Alm Blm
 0  0      0.4337788              0
 1  0     -0.1764036              0
 1  1      0.3458571      0.3427642
 2  0     0.01865932              0
 2  1       1.163936       2.724067
 2  2       2.907639     -0.6403922
 3  0      0.2904696              0
 3  1      -1.293918      0.5865818
 3  2      0.6445282     -0.8154659
 3  3         1.9451       2.025759
 4  0      0.6689262              0
 4  1      -1.016999     -0.5299915
 4  2     0.09845435      -0.127983
 4  3       1.845164     -0.7678337
 4  4     0.03293816      0.7242939
 5  0     0.03081109              0
 5  1      -1.374479     -0.6206194
 5  2       -1.55306      0.5104758
 5  3       1.169837      -0.734471
 5  4      0.6619801      -1.783009
 5  5      -1.192317     -0.1253884
 6  0     0.09340424              0
 6  1      0.8207781      0.6555662
 6  2      -1.206545       1.741323
 6  3     0.08592992     -0.8632476
 6  4     -0.5437909      0.8590024
 6  5      -1.714413      -0.461744
 6  6     -0.1615656      0.3227133
 7  0     -0.5231082              0
 7  1      0.1507762     -0.9397136
 7  2     -0.4444548      0.7477089
 7  3      0.9355325     -0.5000991
 7  4      0.1312078       1.147391
 7  5     0.03483706      0.6444677
 7  6      0.2068991     -0.5204853
 7  7      0.6384855     -0.1752372
 8  0     -0.1653792              0
 8  1     0.09411515       0.539008
 8  2      -1.662128     -0.4407235
 8  3     -0.6810145     -0.1110438
 8  4     0.09948528     -0.3031671
 8  5      0.3757352      0.4043704
 8  6     -0.1236269     -0.1610227
 8  7      0.5334885      0.2818658
 8  8      0.4588131     0.07793648
 9  0     0.07248858              0
 9  1      0.3027717      0.4995198
 9  2     -0.2867748      0.5165651
 9  3      -1.114496     -0.4732706
 9  4    -0.04549474      0.5524694
 9  5      0.5735708     -0.3344089
 9  6     -0.6345636     -0.5702136
 9  7     0.02632029     -0.9267729
 9  8      -1.166001     -0.2335671
 9  9    -0.04511962      0.1031824
10  0     -0.2463012              0
10  1      0.5064043    -0.02245298
10  2      0.1052025      0.1475688
10  3      0.2122807     -0.2102723
10  4      0.7342945     -0.3593925
10  5     0.03002227      0.3885411
10  6      0.5906359      0.1846172
10  7      0.0988192     -0.1777118
10  8      0.1076359      0.3644876
10  9      0.5087815     -0.2070219
10 10     -0.7212099     -0.0270836
11  0      0.2768715              0
11  1     0.02201628      0.1065825
11  2      0.2901381      0.2079484
11  3     -0.5487766    -0.08247522
11  4     -0.5595953      0.6778132
11  5      0.1300852      0.6509739
11  6    -0.01896743      0.6398492
11  7      -0.682575     -0.3131652
11  8     -0.2080241     -0.3231752
11  9     -0.2605216       1.087046
11 10     -0.2651743      0.3955843
11 11     -0.5975317     -0.2781337
12  0      0.1373334              0
12  1     -0.5852792     -0.1146192
12  2      0.3345362     -0.9898574
12  3      0.1435398      0.1815813
12  4     0.03521551      0.4137028
12  5    0.001148551     -0.4413066
12  6      0.2647272    -0.09421077
12  7     -0.6584741      0.2736588
12  8      0.2706988     -0.5253693
12  9      0.5090344      0.6501532
12 10     -0.1540231     -0.1762919
12 11      0.6224362       0.321834
12 12      0.6290422    -0.03215872
13  0     -0.1992214              0
13  1     -0.2116622      -0.127639
13  2      0.2343977     0.05470623
13  3    -0.05380416      0.2590597
13  4     -0.1863666     -0.2001226
13  5      0.2834191      0.0831317
13  6      0.2754238    -0.05006853
13  7     -0.0646358     -0.2428783
13  8       0.264193      0.1334186
13  9      0.2217219      0.2189811
13 10     -0.1435216      0.3383915
13 11     -0.2580944     0.06275487
13 12      0.1322743      -0.264006
13 13     -0.4899006      0.3193358
14  0    -0.04277975              0
14  1      0.1257157       0.235468
14  2      0.1991689    0.006412529
14  3      0.1140788      0.1879974
14  4    -0.09205075      0.3247501
14  5     0.03919786     -0.2379753
14  6   -0.005630337     -0.0757732
14  7      0.1071909    0.003911624
14  8    -0.02010717     -0.1110257
14  9   0.0008183435     0.04539325
14 10     -0.2027804     -0.1452287
14 11      0.1732544     -0.3846489
14 12      0.2086547    -0.05198368
14 13     0.05747948       0.331493
14 14      0.2785778      0.1480547
15  0     -0.2265006              0
15  1    -0.04613177     0.04509126
15  2    0.003066703      0.1194871
15  3      0.1199065    -0.03035365
15  4    0.003605314     -0.1362147
15  5    -0.05439877     0.02531133
15  6      0.1753865     -0.1791343
15  7    -0.03046755       0.160931
15  8      0.2246942     -0.1149178
15  9    -0.09657558    -0.07162303
15 10    -0.04845411     -0.0449643
15 11    -0.09455279    -0.03716495
15 12     0.02925537     -0.3089391
15 13     -0.1713844     0.05493255
15 14     -0.1592728     -0.1897325
15 15     -0.1884289    -0.09504586
16  0     0.05032857              0
16  1   0.0004258482    -0.05864921
16  2      0.2700229    -0.03886157
16  3     0.06661583    -0.04018618
16  4     0.05795161     0.07821799
16  5      -0.154008     0.05659966
16  6     0.05948971     0.09780768
16  7     -0.1691019     -0.1014032
16  8    -0.07786822    -0.07973097
16  9     -0.1760077     -0.0342548
16 10    -0.02446096     -0.2214739
16 11       0.182881      0.1419745
16 12      0.1102679     -0.2962219
16 13     0.09918787      0.0624008
16 14      -0.105283     0.02691192
16 15    -0.07167122    -0.04522944
16 16    -0.05155139     -0.1508626
17  0     -0.1178646              0
17  1   -0.006750779      0.1534544
17  2     0.02125185     -0.2529997
17  3      0.3414471       0.222884
17  4      0.1229804     -0.1742236
17  5     0.08032689     -0.4496377
17  6     0.08420292     -0.1512208
17  7      0.1216571     0.06641159
17  8     0.07789319     -0.1566672
17  9     -0.2836335     -0.1896534
17 10      0.2951992    -0.09492657
17 11     -0.2502714     0.09759374
17 12     -0.2488611     0.09267703
17 13      0.0385219    -0.01924534
17 14      0.2005128     -0.1409373
17 15     -0.1249341     0.04671342
17 16     0.01689384     -0.3179845
17 17     -0.1043603     -0.1695969
18  0      -0.104281              0
18  1     -0.1555379     -0.1421127
18  2    -0.04952585    -0.04784668
18  3      0.0577719     -0.2119023
18  4     -0.1500996    0.005041816
18  5    -0.03498908     0.04853974
18  6    -0.06909441     -0.1147682
18  7     -0.2152698     0.03641456
18  8     -0.3914137      0.1308579
18  9     -0.1795957      0.3032148
18 10    -0.06249142     -0.2808038
18 11     0.02438192        0.22117
18 12     0.07173292     0.01503717
18 13    -0.01504317     0.07888122
18 14      0.1089455      0.2295613
18 15    -0.08179486     -0.2531626
18 16    0.001394774    -0.02113736
18 17    0.007042746     -0.1487134
18 18     0.04504986      0.1706286
19  0     0.00599162              0
19  1    0.004315752      0.1355836
19  2     -0.1613745     0.09828641
19  3     -0.1497452      0.1086497
19  4     -0.2089467     0.05012177
19  5     0.06360202      0.1567153
19  6     0.06442286     0.01557485
19  7     0.06122373     -0.1444575
19  8    -0.02142056      0.1249327
19  9    -0.05982972    -0.02836728
19 10      0.2670218    -0.08903003
19 11     0.01130397    -0.02699753
19 12       0.220621    -0.05658718
19 13     0.09123667     -0.1764654
19 14    -0.05890456    -0.08017289
19 15     -0.1966974    -0.07588147
19 16      0.1176463       -0.23546
19 17      0.1897842     -0.1213863
19 18     -0.1683642     -0.2965883
19 19     -0.2962755    -0.01375609
20  0    -0.03409773              0
20  1    -0.03536323      0.1461603
20  2      -0.092673     -0.2787507
20  3     0.09536085     0.08825046
20  4     -0.0245722     -0.1121854
20  5     0.01701743    -0.03158407
20  6     -0.1780138    -0.03581592
20  7     -0.1200814    -0.07890081
20  8      0.1842082    -0.09698563
20  9     0.03014615     0.06796304
20 10     0.02704655     0.07652485
20 11     0.03101857      0.1205576
20 12      0.2197607     -0.1542472
20 13     0.01315987     0.05988946
20 14    -0.07362169     0.08821309
20 15    -0.06228793    -0.03350338
20 16     -0.2522209      0.2704439
20 17    0.009816779      0.1054648
20 18   -0.001254973      0.1896251
20 19      0.1113319    -0.05944233
20 20   -0.004928421     -0.1545353
21  0    -0.04973586              0
21  1      0.2101084     0.08731677
21  2        -0.2876    -0.04414641
21  3    -0.04089393    -0.08750536
21  4    -0.07486569      0.3993392
21  5    -0.01568282     0.06589788
21  6    -0.08191148      0.1850357
21  7    -0.07891633     0.04839507
21  8     -0.1638323    -0.02921667
21  9     0.01629671   -0.001211018
21 10      0.3051005     -0.1189757
21 11      0.2058806     0.01615448
21 12     0.09957242     0.02213444
21 13    -0.06877376     -0.0165429
21 14     -0.1157335    -0.03538278
21 15    -0.09231805     0.06605702
21 16     0.04159861     0.02579546
21 17     0.05551133     -0.1283621
21 18     0.07644002    -0.07441581
21 19  -0.0009734659      0.3192826
21 20      0.0817178      0.0610103
21 21     -0.1308329    -0.04349691
22  0      0.1232923              0
22  1     0.02194091      0.1188703
22  2    -0.07007806    -0.04671721
22  3      0.1325576    -0.02092916
22  4      0.1486071     -0.1281167
22  5      0.1316451     -0.1257994
22  6     -0.1241608     0.08956144
22  7     0.09764272    0.009718847
22  8   -0.007576106     0.04719828
22  9    -0.04089431     -0.1665622
22 10    -0.04275924     -0.1254313
22 11     -0.1121353    -0.05496645
22 12   0.0004757826     0.07894435
22 13     -0.1529496      0.1163593
22 14     0.08966161     0.07349044
22 15    -0.04537713    -0.07400966
22 16      0.1098686     0.05876955
22 17    0.008066533      0.2166659
22 18     0.04761424      0.0287675
22 19    -0.05224204     -0.0349259
22 20     -0.1521842    0.007589551
22 21      0.2434009     0.01210046
22 22    -0.02017017     0.05055371
23  0     0.03105601              0
23  1     -0.1721877     0.09326505
23  2      0.2170077     0.06776245
23  3     -0.1460485    -0.02177542
23  4    -0.09412903     0.08244345
23  5     -0.1383754     0.03590688
23  6      0.1085069      0.1464932
23  7    -0.09047937     -0.1061878
23  8     -0.1119695     0.03132338
23  9     0.09296281    0.003710602
23 10     -0.1339509     -0.1687757
23 11     0.04865829    0.001071237
23 12     -0.1261776     0.02559641
23 13      0.1231841      0.1640228
23 14     0.03674638    -0.07311123
23 15   -0.009687715     -0.2256791
23 16     0.06568549      0.1660232
23 17     -0.2124307     -0.2009234
23 18      0.1791821    -0.04927908
23 19    -0.06930426     -0.1001513
23 20     0.07418683      0.1062837
23 21     -0.3077605      0.1863568
23 22      0.2860768    -0.07697642
23 23     0.05425619      0.1087676
24  0    -0.00554819              0
24  1    -0.01750796      0.1885069
24  2     0.07543471      0.2107694
24  3     0.08172186     -0.1787318
24  4     -0.1029884      0.1129691
24  5      0.2198516    -0.05883342
24  6     -0.0371057      0.1782816
24  7     0.09399558     -0.1833192
24  8    -0.08577137    -0.05563293
24  9     -0.1302993    -0.04535987
24 10      0.1074018    -0.05092626
24 11      0.1111294     0.05354164
24 12     0.06949979     0.01500171
24 13     -0.1505071     0.06607426
24 14     0.01519417    -0.03787044
24 15    -0.04603622    -0.05595315
24 16     0.03686719     -0.0272396
24 17    -0.05343919      0.2080604
24 18     0.05164912     -0.0572225
24 19     -0.1143468      0.2449555
24 20    -0.01229129     0.05687878
24 21      0.1648896     0.03499005
24 22      -0.107816     -0.1516936
24 23     0.03697601     0.01351599
24 24      0.1472775     0.02181849
25  0     -0.1573112              0
25  1      0.1645916    -0.06617072
25  2     -0.2456327     -0.1544123
25  3     -0.0115001    -0.00659306
25  4     0.05300688    -0.03099002
25  5     -0.1206829    -0.03670413
25  6    -0.08759749    -0.01106408
25  7      0.1198927     -0.0863438
25  8      0.1462701     0.07523329
25  9    -0.05366151      0.1064389
25 10     -0.1140093     -0.0456091
25 11    -0.01068187     -0.1880005
25 12      0.1212254     -0.1209484
25 13      0.2210869    -0.01808845
25 14     0.02936313      0.2341376
25 15     -0.1231448   -0.003920379
25 16     0.08555866    -0.04091042
25 17    -0.07617275    -0.05559616
25 18     -0.0837737     -0.1370634
25 19     0.07163848   -0.003219608
25 20    -0.07226939    -0.03797509
25 21    -0.03808217    -0.07131581
25 22      0.0804236     -0.1828097
25 23     -0.1864388     0.02813512
25 24    -0.05496121    -0.06681349
25 25       0.140005    -0.03481803
26  0      0.1041133              0
26  1   -0.001340673   -0.006879905
26  2      -0.235629     0.03534945
26  3    -0.09392078     0.02001127
26  4    -0.08034354      0.0928185
26  5     0.07592541    -0.09427816
26  6     0.09384908     0.07600887
26  7     0.04573436     0.07394902
26  8      0.1343529     0.07340513
26  9     -0.1771593    -0.08806578
26 10    -0.07941962    -0.04549693
26 11     -0.1179243    0.003417851
26 12    -0.09842964    -0.07950012
26 13       0.242125    -0.03826607
26 14   -0.002343572     0.05756388
26 15     0.05116455     -0.1374021
26 16     0.09614912     -0.2139647
26 17    -0.04115232     0.02777708
26 18      0.2123188     0.06665128
26 19     -0.2190412     -0.2469525
26 20      0.1267965    -0.07920524
26 21     -0.0547676    -0.03472819
26 22     0.05469645    -0.03625245
26 23     0.01658639    -0.02977869
26 24      0.1349975    -0.07540874
26 25     0.01651135    -0.01492572
26 26      0.1388392     -0.0137369
27  0   3.095554e-05              0
27  1    -0.01284808    -0.06379697
27  2      0.1281446     0.08106939
27  3     0.06263281      0.1005381
27  4     -0.2178418     0.08976492
27  5    0.001210755      0.0673216
27  6    -0.01058024     -0.1542368
27  7   -0.007665152     -0.1330848
27  8     0.00757171     0.04156868
27  9    -0.04999409     0.02506177
27 10    -0.05917857     0.07751141
27 11      0.1353354    -0.09712873
27 12      0.0563515    -0.08997925
27 13      0.2369977      0.1088016
27 14     -0.1106774    -0.05155846
27 15    -0.07307686     0.01508874
27 16     -0.0493144    -0.03689586
27 17      0.1572735      0.1648003
27 18     -0.1247893    -0.05241325
27 19    0.004904388     0.04786794
27 20       0.154893     -0.2382605
27 21    -0.03116881      0.1032069
27 22     0.05839632     -0.3193963
27 23     -0.1509787      0.1113817
27 24      0.2609658    -0.04651696
27 25      0.1100806    -0.01696326
27 26     0.09884327    -0.08716448
27 27     0.09355676    -0.04062577
28  0     0.02343912              0
28  1      0.0279956     0.06706542
28  2     -0.1045262     0.08841738
28  3    -0.02370084    -0.06477565
28  4     0.05149397    -0.04899018
28  5    -0.06764042    -0.03271217
28  6    -0.00170221     0.07690449
28  7     0.01586733    -0.04076202
28  8     -0.1409959     0.04188782
28  9     -0.1479831      0.1400132
28 10    -0.08330821    -0.00219359
28 11      0.1490743    -0.03447251
28 12     -0.1662951     0.03442959
28 13    -0.04599954    0.001448189
28 14     0.09896374     0.09251118
28 15   -0.009053838    -0.08274901
28 16    -0.03597635     0.04467139
28 17      0.2611891    -0.04430259
28 18       0.164887     -0.1150675
28 19   -0.007938678     0.03008325
28 20     0.08773321     -0.0260384
28 21     0.07805663      0.1705946
28 22      0.1147987     0.08790818
28 23     -0.1557554    -0.02826918
28 24   -0.004442484     0.05959838
28 25     0.06974843       0.120761
28 26      -0.104983    -0.06000897
28 27    -0.08479649     0.09236839
28 28    -0.01680945     0.02691698
29  0     -0.0606606              0
29  1     0.02648493        0.14388
29  2      0.1693227      0.2737005
29  3     0.02708278     -0.3488959
29  4     0.05304647     -0.1705928
29  5     -0.1721443     0.08679543
29  6      0.1067302    -0.07602238
29  7      0.1531618     -0.1193551
29  8      0.1321474     0.07010292
29  9     0.05105723    -0.03385167
29 10    -0.08335232      0.1172098
29 11      0.0681691     0.02728178
29 12     0.01598342      0.1493037
29 13    -0.03114397    -0.05631805
29 14   -0.009657671     -0.1982121
29 15    -0.04667567      0.1093785
29 16     -0.2190556     0.02795975
29 17     -0.0418644   -0.009244359
29 18       0.168273    -0.09071676
29 19      -0.171756      0.1887566
29 20     0.09392657     -0.0616254
29 21      0.1501117     -0.1341365
29 22     0.08189004    -0.02467026
29 23    -0.06539045      0.1356133
29 24     0.04194169     -0.1671792
29 25     -0.1875481     0.02061673
29 26     0.07599185      0.0867086
29 27     -0.1631954      0.1355685
29 28     0.06804602       -0.08018
29 29    0.009449024     0.01556716
30  0     0.03251601              0
30  1     0.03118067     -0.1340813
30  2    -0.02447479     0.09156125
30  3     0.06994521    -0.05624391
30  4     0.07154176     0.05249119
30  5      0.1067594      0.1509158
30  6     0.03849434     -0.0105714
30  7    -0.02421712     0.08042291
30  8     -0.2117918    0.005836806
30  9     0.04725373    0.009054246
30 10   0.0006127998    -0.06397577
30 11     -0.1379618    -0.03824567
30 12    -0.06201033     0.06664883
30 13    0.003303264      -0.192751
30 14     -0.1414333    -0.01008828
30 15     0.06543673    -0.07365091
30 16     0.08199277    0.001361385
30 17     -0.1091804     -0.1565596
30 18     0.04177684     0.01830684
30 19     -0.1399392     -0.0753463
30 20     0.06319877     0.09111544
30 21     -0.1337067      0.1089407
30 22      0.1387862     0.04321755
30 23     -0.0178794     -0.1941385
30 24     -0.1114101    -0.08419903
30 25      0.1775069     -0.1161593
30 26     0.07355619    -0.01924341
30 27      0.1122068     -0.0211896
30 28       0.121868      0.1058818
30 29     0.01654528     0.02706038
30 30     0.04720485      0.1342592
31  0     -0.1433963              0
31  1     0.02764856   -4.88791e-05
31  2    0.007355195     0.05273057
31  3     0.07164419    -0.04897032
31  4     -0.0637667     -0.1335247
31  5     0.04316856    -0.06603356
31  6     0.08883217    -0.05093602
31  7      -0.144659      0.1203226
31  8   -0.006759534    0.001454448
31  9    0.006997676     0.05061806
31 10     0.05803226    -0.07964102
31 11     0.02952524    -0.04792386
31 12     0.08593507      0.1021307
31 13        0.10455      0.1689084
31 14      0.1307209    -0.02723921
31 15     0.07929975    -0.09246071
31 16     0.05733884      0.2210494
31 17     0.02759106    0.006616655
31 18      0.0483552    -0.02864029
31 19     0.08291519     0.07617318
31 20      0.0540326      -0.102793
31 21     -0.1320898     0.03842021
31 22      0.1071553      0.1242037
31 23   0.0001024156     0.06207393
31 24  -8.771633e-05      0.1954148
31 25     0.04139365     0.01976867
31 26    -0.02208043     0.02445463
31 27     0.06819279     -0.1550967
31 28    -0.01611218     -0.1095128
31 29    -0.01099572    -0.05988109
31 30     0.02251652     -0.1449387
31 31     0.06475297    -0.06214466
32  0    -0.05820608              0
32  1    0.004005248      0.1279934
32  2    -0.01294313     0.01095688
32  3     0.02990869     -0.1124187
32  4    -0.06814167      0.1034578
32  5    -0.05839542    -0.06700292
32  6    -0.01546844    -0.05929282
32  7      0.0233927     -0.0835306
32  8    -0.01314144     0.01631082
32  9    -0.05848486    0.001661367
32 10    -0.06663289    -0.03021509
32 11    -0.05465953      0.1196283
32 12     -0.1014841     0.09585357
32 13    -0.03779668      0.2073245
32 14     0.07605945      0.2483983
32 15     0.02800697    -0.02127976
32 16    -0.04459476     0.05452402
32 17    -0.04247013     0.06527955
32 18     0.07815942    -0.01040744
32 19    -0.00144999     -0.1294163
32 20     -0.1015217    -0.01584686
32 21    -0.06056427     0.05865226
32 22    -0.06093192   -0.008043442
32 23    -0.06592797     0.05852826
32 24      0.1080104     -0.1066104
32 25    -0.05477793     -0.1062959
32 26     0.01128753    -0.06844944
32 27     -0.0232734    -0.02256603
32 28     -0.1237281    -0.02021529
32 29    -0.04138057      0.2194498
32 30     -0.1437478      0.0080441
32 31     -0.1353662     0.03755099
32 32     -0.1042231     0.04212014
33  0     0.02625846              0
33  1     0.04099087  -0.0006674732
33  2     0.00764519      0.1720962
33  3    -0.09263199    -0.08174919
33  4     -0.1360981      0.1611078
33  5    -0.05472845    -0.06010505
33  6     -0.1848632     0.04594466
33  7     0.01321929     -0.1414174
33  8     0.01159493     -0.1511291
33  9      0.1147583     -0.1174232
33 10    -0.04992472     0.06372187
33 11     -0.1003068     0.08951709
33 12      0.2253554      0.0978604
33 13    0.001956688    -0.04089322
33 14    0.005948992     0.02410519
33 15    -0.02902159     -0.1349521
33 16    -0.01564829      0.1687582
33 17    -0.04723886     0.03493567
33 18      0.1215735      0.0681505
33 19    -0.03268441      0.0595937
33 20     0.06748722    -0.07801171
33 21      0.1070527    -0.03082595
33 22     -0.2050076    -0.01173296
33 23      0.1336196    -0.09801619
33 24     -0.1202008      0.1518068
33 25     0.09739232   -0.004469998
33 26      0.1829193    -0.05805432
33 27     -0.1120856    -0.02618727
33 28   -0.003264304   0.0009328334
33 29     0.07654637      0.1272199
33 30     0.06456877     0.05399246
33 31    0.007621304      0.0944382
33 32     0.02618223     0.08952303
33 33    -0.04204551     0.07469878
34  0     0.04761637              0
34  1     0.01365299     0.03769018
34  2     0.02772925    0.008511028
34  3     0.04713665     -0.0317104
34  4     0.05088869     0.02300845
34  5    -0.06173979       0.135931
34  6     0.05497754     0.05913979
34  7     -0.1038582     0.09478198
34  8    -0.06150493      -0.208913
34  9    -0.03920509       0.113726
34 10     0.07820929     0.08645645
34 11      0.2218217      0.1454598
34 12      0.0218498    -0.04792813
34 13     0.06165121    -0.09868468
34 14     0.02373829     -0.1103998
34 15     -0.0389956    -0.06578521
34 16    -0.06394497    -0.01378583
34 17     0.05190998     0.08354764
34 18      -0.132232    -0.07316078
34 19    -0.02958489     -0.2382268
34 20     -0.1279877     0.02160345
34 21     -0.1016904     0.07959425
34 22    -0.07866459     0.06348758
34 23      0.1392224     -0.1050473
34 24     -0.0163914   -0.002738261
34 25      0.1133066       0.222808
34 26     -0.1775037    -0.09925675
34 27    -0.09027505     0.07056061
34 28   -0.008906449     -0.1413593
34 29      0.1613735   -0.005281164
34 30      0.1063888    -0.05167635
34 31     0.08939151    -0.03763079
34 32       0.123412     0.06787955
34 33    -0.04111439    0.007697121
34 34    -0.05849471    0.009926584
35  0    -0.04870709              0
35  1      0.1320359     0.08630477
35  2     -0.0724666      0.1129855
35  3     0.01450552    -0.07721104
35  4      0.1202499   -0.008206216
35  5   0.0009967311    -0.03587485
35  6      0.1080638     -0.1154272
35  7     -0.1593975     -0.1571261
35  8    -0.03683957    -0.01842743
35  9    -0.02148617     0.02204118
35 10     0.04952752     0.06007993
35 11      0.1018085     0.02388351
35 12    -0.07889444     0.02766966
35 13     -0.0306932      0.1500964
35 14     0.01039709   0.0005087496
35 15     0.07542828      0.1163338
35 16     -0.2410938   -0.003779464
35 17     0.08092064     0.01191538
35 18     -0.1041976      0.1897571
35 19    -0.03175005    -0.09144792
35 20      0.0749123    0.009100165
35 21     0.03102011    -0.02834419
35 22    -0.02307504      0.0986997
35 23    -0.01112788       0.171285
35 24      0.1353067    -0.05057429
35 25     0.08537592       0.101527
35 26     -0.1278846     0.01272048
35 27  -0.0002466835    -0.02162176
35 28      0.1487874    -0.03601984
35 29    0.005598668      0.2071029
35 30   -0.006451382    -0.06712333
35 31     -0.1816505     0.04328673
35 32    -0.04266323     0.07223712
35 33     0.03223711    -0.07396632
35 34      0.1973175     -0.0125535
35 35     0.08172134    -0.04506369
36  0     0.05996972              0
36  1      0.1737633    -0.04766627
36  2     0.03486803      0.1247005
36  3     0.05459441     0.07890654
36  4    0.009926008      0.0861134
36  5      0.1336026    -0.08144292
36  6       0.179785    -0.03959147
36  7     0.03987078    -0.07304932
36  8      0.1273747    -0.03864674
36  9    -0.04331036    -0.02757663
36 10      0.1142601     -0.1697585
36 11      0.0746379     -0.1279024
36 12      0.1133153    -0.02932549
36 13    -0.01651225      0.1014494
36 14      0.0306232    -0.06017421
36 15   -0.005924617     0.07448984
36 16     -0.0278755    0.008148888
36 17     -0.1890976     0.05909329
36 18       0.185012    -0.07405385
36 19     -0.1272313     0.04839554
36 20    -0.04408833     0.01346162
36 21    -0.05435831      0.1435728
36 22     0.01627202    0.005898631
36 23    -0.08211581    -0.02136913
36 24     -0.0510861    -0.07444403
36 25     0.06965382      -0.131548
36 26    -0.02728513   -0.008742416
36 27    -0.03246139    -0.02603393
36 28   -0.009899038     0.03293111
36 29      0.1416123    -0.07755996
36 30    -0.02358025     0.00165907
36 31     -0.1087325    -0.03107338
36 32     -0.1226574    -0.06208168
36 33     0.02762321     0.09849349
36 34     0.08620411      0.1895039
36 35     0.08269513    0.003523736
36 36     0.04773419     0.05561024
37  0     -0.1831502              0
37  1     0.07149614     -0.1181884
37  2     0.06902715    -0.09492615
37  3    -0.09362083     0.02628639
37  4     -0.1796061      0.2028908
37  5     0.04729111    -0.07689089
37  6     -0.2146121      0.1568116
37  7     0.01613309     0.07876248
37  8       0.130774    -0.08275636
37  9    -0.02482861     -0.0122926
37 10     0.04666174    -0.04915031
37 11    -0.09485044     0.01647778
37 12     -0.1404878   -0.003149478
37 13    -0.09658152    -0.04754547
37 14    0.005129335     0.02348515
37 15    -0.00513195     -0.1606268
37 16    -0.04047678      0.1928556
37 17     0.04327437     -0.0669203
37 18    0.008187485    0.008489004
37 19    -0.07783807     0.03047585
37 20    -0.03961333    -0.05796262
37 21     0.01680528    -0.09574027
37 22     0.08757155    -0.06436969
37 23     0.02603818   -0.006242337
37 24      -0.120255      0.1338006
37 25    -0.04557948    -0.02448845
37 26     0.03858258      0.1156915
37 27     0.03418382    -0.04684844
37 28     0.06071771     -0.1722314
37 29     -0.1217426      0.0471797
37 30   -0.001435228     0.07382108
37 31     0.08626825     0.08989723
37 32      0.1020804    -0.06236705
37 33      0.1447283    -0.09883249
37 34    -0.09868854    -0.05368545
37 35     0.01116864     -0.1193094
37 36     -0.0275774       0.138684
37 37    -0.03662895     0.05439682
38  0      0.0126082              0
38  1    -0.05688062    -0.01952323
38  2     0.08296192      -0.069797
38  3    -0.01246021     0.09298354
38  4     0.05204735     0.06633014
38  5    -0.09263603   -0.003638677
38  6    -0.04917114    -0.06271289
38  7    -0.07456521      0.1827049
38  8     0.07220022     0.01816213
38  9      0.1244543     0.03991975
38 10     0.05774722      0.0129439
38 11      0.0568186     0.06663002
38 12     0.03645328    0.008712801
38 13    0.008013683    -0.06914531
38 14     0.08817489     -0.1799496
38 15     0.05626787     -0.1316946
38 16    -0.01268021     0.04298743
38 17    -0.04492413    -0.04859341
38 18     0.01552682     0.03008814
38 19     0.05255541     0.05415155
38 20    -0.01454991     0.02432501
38 21    -0.05031977     -0.1757546
38 22      0.1667344     -0.0571106
38 23     -0.1237328     0.03424717
38 24     0.03833505      0.1014599
38 25     0.05902554     0.01037765
38 26     0.05189979    -0.02638662
38 27    -0.04129337    -0.07724597
38 28     0.08766332    -0.01437994
38 29    -0.06154265    -0.06581327
38 30      0.0537372    -0.08503881
38 31    -0.05262486     -0.0307123
38 32     -0.1225711     0.01637381
38 33     0.03856304     0.03685015
38 34    -0.02962439     0.06052277
38 35     0.01374804     -0.0798103
38 36    0.003335035     0.05555886
38 37     0.07198761    -0.05963773
38 38    -0.05846012    0.007595567
39  0     0.02583856              0
39  1    -0.07403815     0.08404367
39  2    -0.06188738     -0.1024106
39  3    -0.08589992      0.1083666
39  4    -0.06065235       0.162383
39  5    -0.04991827     0.09601976
39  6    -0.04708011    -0.08601024
39  7     -0.1397969     -0.1936352
39  8      0.1303599     0.06461564
39  9    -0.07178506      0.1312971
39 10     0.09765998     0.03385154
39 11     0.03855485     -0.1276946
39 12     0.02616352    -0.05562415
39 13    -0.01338105     0.07053232
39 14      -0.103845   -0.005754372
39 15     0.09906617    -0.09296294
39 16    0.009064018     0.07630312
39 17    -0.04528309   -0.006531029
39 18     -0.1401435      0.1338439
39 19    -0.05727624      -0.170883
39 20     0.09072369     0.02445586
39 21    -0.02987105    -0.04083568
39 22      0.1802362      0.1418554
39 23   -0.009442875     -0.1756842
39 24    0.003153072    -0.01210604
39 25     0.06523937     0.04564947
39 26     -0.1175937     -0.1098149
39 27    -0.05431639      0.0260799
39 28     -0.1406584    -0.04406162
39 29     0.01899664   -0.005590483
39 30     0.01560941     0.06712394
39 31     0.08136094    -0.01789791
39 32      0.0670675    -0.09572778
39 33    -0.07049597  -0.0002515312
39 34    -0.08276362     0.01857681
39 35    -0.07994052     0.05980433
39 36     0.01030952     0.03654848
39 37      0.1529398    -0.02476666
39 38      0.0652859    0.003506966
39 39     0.02015477     0.07931612
40  0     0.05460511              0
40  1    -0.09011015      0.2573038
40  2   -0.008542398    -0.03986455
40  3     -0.1658353    0.003334123
40  4    -0.03401059     0.01079679
40  5     -0.1384194    -0.05580765
40  6     0.04850785      0.0250241
40  7    -0.05161206     0.02968695
40  8    -0.05663167     -0.1108777
40  9     0.05138717    -0.08102276
40 10    0.002149053     0.06294903
40 11     0.04058735    -0.01181436
40 12    -0.03200972    -0.03426444
40 13     0.02885061    -0.05105821
40 14    0.002497517     0.08779439
40 15    -0.09803601     0.02134385
40 16     0.02774053   -0.002503877
40 17     0.09098288   -0.007248566
40 18   -0.002765033     0.03798366
40 19      0.1665013     0.05542475
40 20    -0.07055926      0.1874351
40 21     0.08415269     0.07263749
40 22     0.06207821   -0.002968208
40 23      0.0559184     0.03906345
40 24     -0.1523015    -0.02791392
40 25     -0.0263687     0.03145659
40 26     0.04983917    -0.01414912
40 27      0.1451255     0.08129185
40 28     -0.0528584     -0.1685949
40 29    -0.04836675    -0.09503357
40 30     0.07637601   -0.006354507
40 31     0.08393019     -0.0223204
40 32   -0.003496414    -0.03625975
40 33     0.05168532    -0.05491788
40 34    -0.02166553    -0.03051668
40 35   -0.008295162     0.01249132
40 36     0.04448759     0.04936025
40 37     -0.0255715     0.02310159
40 38    -0.01020433     -0.1360692
40 39      0.1576894     -0.1717576
40 40     -0.0887942      0.1110153
