# Love 150 s group velocity model
# from Larson & Ekstrom (1999), for more information, see
# http://www.seismology.harvard.edu/projects/surfwave/LE99-Pageoph
# Spherical harmonics, columns are: l m Alm Blm
 0  0      0.3734862              0
 1  0     0.08163797              0
 1  1     0.05996641     0.04997684
 2  0      0.1360735              0
 2  1       1.009139       2.355313
 2  2       2.578377     -0.7719721
 3  0      0.3290555              0
 3  1      -1.281923      0.3381044
 3  2          0.496      -0.576075
 3  3       1.741799        1.56427
 4  0      0.6754553              0
 4  1     -0.9071524     -0.3286152
 4  2     -0.1436057     0.05359278
 4  3       1.656981     -0.5418885
 4  4     0.08689564      0.9574735
 5  0     -0.0930121              0
 5  1      -1.310706     -0.5471594
 5  2      -1.547713      0.4951281
 5  3       1.072654     -0.7712847
 5  4      0.9181557      -1.867871
 5  5      -1.265537     -0.2052258
 6  0     0.06425457              0
 6  1      0.8212295      0.6941751
 6  2      -1.247145       1.591723
 6  3    -0.01612488     -0.8838421
 6  4     -0.5148925      0.6960737
 6  5       -1.66241     -0.4328273
 6  6    -0.07633303      0.3473429
 7  0     -0.4953402              0
 7  1     0.03725012     -0.8759555
 7  2     -0.1970378      0.6646746
 7  3       0.851828     -0.4644386
 7  4      0.2093029      0.9562026
 7  5     0.07288868      0.6236987
 7  6      0.0649109     -0.5485843
 7  7      0.6292921     -0.2333383
 8  0     -0.2277439              0
 8  1      0.1749617      0.6302928
 8  2      -1.588769      -0.376346
 8  3     -0.6098982     -0.0267051
 8  4      0.0864255     -0.2766291
 8  5      0.3230672      0.3908078
 8  6      -0.071326      -0.181364
 8  7      0.3392546      0.1843218
 8  8       0.449142      0.1982667
 9  0     0.07738756              0
 9  1      0.3769361      0.4745626
 9  2     -0.3233531      0.4642641
 9  3       -1.09743     -0.4579102
 9  4     0.01949855      0.4592353
 9  5      0.5382249         -0.262
 9  6      -0.662953     -0.5043407
 9  7      0.1567566     -0.7536715
 9  8     -0.8944522     -0.2792911
 9  9    -0.03166586     0.04995813
10  0     -0.2744705              0
10  1      0.2256377    -0.03925676
10  2      0.0350669      0.1467063
10  3      0.2112642     -0.1584063
10  4      0.5234319     -0.3117146
10  5     -0.0928393      0.3081954
10  6      0.5122404       0.175566
10  7     0.06464564     -0.2512556
10  8      0.1295347      0.3752147
10  9      0.4623221    -0.04320716
10 10     -0.5761011     -0.1329701
11  0      0.1696915              0
11  1    -0.05256225      0.1032897
11  2      0.2566145      0.2960575
11  3     -0.4052577     -0.1131809
11  4     -0.4694703      0.6348037
11  5      0.2476489      0.5470632
11  6   -0.004440434       0.460959
11  7     -0.6454939     -0.2972911
11  8     -0.3519716     -0.1716372
11  9     -0.1455627      0.8204955
11 10     -0.2593905      0.2511895
11 11     -0.4295406     -0.1979491
12  0      0.1651992              0
12  1     -0.4689518      0.1694556
12  2       0.252101     -0.8572459
12  3     0.01044367      0.1962776
12  4     0.05719978      0.4611545
12  5    -0.07299791     -0.2765105
12  6      0.3458169    -0.08155558
12  7     -0.4572952      0.1640328
12  8      0.1707265     -0.4289994
12  9      0.5361184      0.6420912
12 10     -0.2102881    -0.07977802
12 11      0.5315966       0.353815
12 12      0.4038491     0.04802735
13  0     -0.1357496              0
13  1     -0.1389538     -0.1494079
13  2      0.1681395     0.02392236
13  3     -0.1476813      0.1482856
13  4     -0.1931217    0.004035879
13  5      0.3348761     0.04237501
13  6     0.06191021     0.02079709
13  7    -0.03272625     -0.1038755
13  8      0.1992786     0.07551537
13  9       0.353731      0.1140083
13 10   -0.005191242      0.3019461
13 11    -0.09502591     -0.1480242
13 12      0.1926305     -0.2449164
13 13     -0.3151335      0.2390059
14  0     -0.0346017              0
14  1      0.0451792      0.1755348
14  2      0.1967463     0.04240579
14  3      0.1875889      0.1857781
14  4    -0.07708454      0.1674827
14  5      0.1522258     -0.1607924
14  6      0.0394856    -0.09232415
14  7      0.2374552    0.002970269
14  8    -0.05355731      -0.148122
14  9     -0.0382234     0.05632858
14 10     -0.1899259     -0.1196935
14 11     0.04854966     -0.2790592
14 12      0.1874434    -0.02037034
14 13      0.0981496      0.2881994
14 14      0.2461935       0.123183
15  0     -0.1604478              0
15  1    -0.03991397     -0.0118105
15  2      0.1055202      0.1429171
15  3     0.01408396    -0.04256537
15  4    -0.01637438    -0.06198749
15  5     0.04841799    -0.04912091
15  6    -0.05121736     -0.1538838
15  7     -0.1498949      0.1204495
15  8      0.2166121     -0.1826014
15  9     -0.1786061    -0.03874592
15 10    -0.05210421     -0.1097564
15 11    -0.03624358    -0.06991559
15 12     0.06156012     -0.1886274
15 13     -0.1688561    0.000374199
15 14     -0.1261817     -0.1520452
15 15     -0.1189375     -0.1657945
16  0    0.007858232              0
16  1     0.07399984     0.05138978
16  2      0.1704466     -0.1039374
16  3      0.1597356    -0.07214619
16  4     0.01708524    -0.04809082
16  5     -0.1514967     0.00719241
16  6   -0.009715501      0.1246265
16  7    -0.06561518    -0.03702444
16  8    -0.09689602  -0.0005143831
16  9     -0.1241238    -0.07529359
16 10    0.007605515     -0.1425662
16 11     0.00257532      0.0330104
16 12      0.1541692     -0.2159673
16 13     0.09278989     0.01443847
16 14     -0.1158114      0.1767268
16 15     -0.1059126      -0.021812
16 16     0.05365488     -0.1074535
17  0     0.03625073              0
17  1     -0.1282643      0.1101437
17  2      0.1242756     -0.2269358
17  3      0.3384522     0.09470163
17  4      0.0778693     -0.1091705
17  5    -0.00493316     -0.2720948
17  6      0.1205352     -0.1101334
17  7       0.137185      0.1095029
17  8    -0.04067607     -0.1551892
17  9     -0.2020164     -0.1588929
17 10      0.2587472    -0.08861424
17 11     -0.1235656      0.1162424
17 12     0.04994642    -0.01169366
17 13    -0.02353597     -0.1143421
17 14      0.1081528     -0.1287057
17 15     -0.1653778     0.04383916
17 16      0.1085512     -0.2887138
17 17    -0.06479781     -0.1845316
18  0    -0.08840056              0
18  1    -0.06878201     -0.1423789
18  2    -0.02878198    -0.06624036
18  3     0.08930016     -0.1187213
18  4     -0.2680502      0.1019029
18  5    -0.03397859     -0.0947739
18  6    -0.04035061    -0.06138841
18  7     -0.1433226    0.009138194
18  8     -0.3094711      0.1201577
18  9     -0.1002714      0.1164258
18 10     0.02416305       -0.19893
18 11     0.04248195      0.1731465
18 12   -0.005713061    -0.04907547
18 13     0.02989034     0.03884273
18 14     0.08294825      0.2761763
18 15   -0.005011614      -0.185066
18 16     0.02399058    -0.07126985
18 17    -0.06993929      -0.110478
18 18     0.04384101      0.3063349
19  0    -0.02038824              0
19  1     0.07837842      0.1572447
19  2     -0.1690575     0.04930899
19  3     -0.1619193     0.01031222
19  4    -0.07558019     0.04278297
19  5      0.1804343      0.1880916
19  6   -0.001737323    -0.03574622
19  7    -0.04123325     -0.2862153
19  8     0.04656783      0.1779616
19  9    -0.02481622    0.006015791
19 10      0.1264202    -0.04405414
19 11    -0.06116867   -0.001526349
19 12      0.1796766    -0.07705919
19 13     0.03720643     -0.1538465
19 14     0.06291402    -0.09809054
19 15     -0.1527844      0.0127376
19 16     0.04860032     -0.2498254
19 17     0.06793647    -0.07513758
19 18    -0.08775113     -0.3329954
19 19     -0.1713504     0.06221495
20  0    -0.02734422              0
20  1     0.01745917     0.08586493
20  2     -0.1433555     -0.1435359
20  3     0.07645188      0.1086558
20  4    0.003787901    -0.01014469
20  5    -0.07360411    -0.06236672
20  6    -0.08122279    -0.02481148
20  7     -0.1227621    -0.09096979
20  8     0.05449903    -0.09498747
20  9    -0.07742149     0.04009584
20 10     -0.0450272     0.04905961
20 11      0.1551449      0.1381506
20 12      0.2310406     -0.1617864
20 13    -0.01474728     0.04887712
20 14    -0.07059509     0.03592686
20 15    -0.07145193      0.0221385
20 16     -0.1392518     0.09584847
20 17    -0.04119933     0.07611895
20 18    -0.05624288    0.008641168
20 19     0.03851851     0.08559427
20 20       -0.11155   -0.002303564
21  0     0.02803956              0
21  1     0.06161397     0.01563058
21  2     -0.2554464    -0.05368068
21  3    -0.02881122     -0.1138268
21  4    -0.06734172      0.2477011
21  5        0.11799    -0.01936122
21  6    0.001583557      0.1509462
21  7    -0.09728182      0.1331083
21  8    -0.08588211    -0.05264353
21  9      0.1168465    -0.03227805
21 10       0.209132    -0.05632907
21 11   -0.003881534     0.06032962
21 12     0.06699589     0.03433819
21 13    -0.05629775     -0.0649188
21 14    -0.06198724    -0.04064786
21 15    -0.01302286     0.01949454
21 16   -0.001815776    -0.04159743
21 17    -0.05518429     -0.0401976
21 18     0.03383461     -0.1469889
21 19     0.08809003       0.217004
21 20     0.08902288     0.05817216
21 21    -0.09952064     0.02365109
22  0    -0.01311587              0
22  1     0.02658394     0.04480107
22  2     0.07997692     0.05088836
22  3      0.1098322     0.02215803
22  4     0.07445699      -0.124954
22  5     0.07549962     -0.1005251
22  6    -0.01621265     0.09524637
22  7     0.03472282     0.00938901
22  8     0.05000869      0.1174338
22  9     0.01467348     -0.0781237
22 10    -0.04014362    -0.01339026
22 11     0.05611553   -0.001789678
22 12     0.04657758     0.02831343
22 13     -0.1429882     0.06774133
22 14      0.1592202    -0.05948066
22 15    -0.01159563     0.02267674
22 16     0.09640544     0.07409934
22 17    0.001389298       0.175935
22 18    -0.01325423     0.08658244
22 19   0.0001454002      0.2022814
22 20     -0.1411655    -0.02490588
22 21      0.1735133     0.09310643
22 22      0.0221411   -0.008849462
23  0    0.008609053              0
23  1    -0.09221632      0.1216389
23  2     0.04197316     0.06617502
23  3    -0.05080604     0.06434977
23  4   -0.001654303     0.06964954
23  5     -0.1556408     0.05080642
23  6       0.142685     0.08385821
23  7    -0.02176504    -0.05819676
23  8    -0.07848147    -0.01187431
23  9     0.06000764     -0.0773892
23 10     -0.1789679     -0.1325066
23 11     0.04050796    0.000606522
23 12    -0.06292129     0.04657702
23 13     0.05605279      0.1323604
23 14     -0.1874648   -0.001926815
23 15    -0.05347523     -0.1020013
23 16    0.002096651      0.1107017
23 17     0.05124963     -0.1875037
23 18      0.1150329    -0.03338454
23 19    -0.05175477     -0.1690779
23 20     0.08222055    -0.01715056
23 21     -0.3415335      0.0948956
23 22      0.2289358    -0.07463506
23 23     0.03596709      0.1035178
24  0   -0.004750995              0
24  1      -0.037496      0.0538142
24  2      0.1334443      0.1189067
24  3     0.03699581     -0.1806751
24  4    -0.06564582      0.1285837
24  5      0.2101071      -0.110844
24  6     0.03465963     0.03993238
24  7      0.1595182     -0.1370571
24  8    -0.06523547    -0.01106627
24  9     -0.1345866     0.05217769
24 10     0.08414986     0.03208232
24 11    -0.02463288   -0.009906576
24 12    -0.08594209     0.01775326
24 13     -0.1699901     0.03338622
24 14      0.0277925     0.02298781
24 15     0.05763717     -0.1137874
24 16     0.03769172     0.07625939
24 17    -0.06150584      0.1611116
24 18    -0.04804691    -0.08688056
24 19     -0.0158495      0.2527291
24 20    -0.05258514     0.08916937
24 21      0.1323636     0.05633148
24 22    -0.02583946     -0.1153283
24 23    -0.06741928     0.03019336
24 24      0.1359064     0.09680678
25  0    -0.05341349              0
25  1     0.09200387    -0.05835473
25  2     -0.1888779     0.01219285
25  3    0.002805902     0.08740938
25  4     -0.0966206     0.01343922
25  5    -0.09628787     0.08755905
25  6     -0.1642301     0.09847019
25  7     0.03337676    -0.02777879
25  8    -0.03054953      0.1352365
25  9    -0.08395975   -0.007545831
25 10     -0.1209723    -0.03444731
25 11    -0.04688375     -0.1456789
25 12      0.2308254    -0.07412916
25 13     0.08631147     0.01971294
25 14    0.006268422      0.1389053
25 15     -0.2417562    -0.02307517
25 16     0.01689457     -0.1611297
25 17   -0.006073885    -0.02638276
25 18      -0.159108    0.007771646
25 19      0.1032614     0.01568164
25 20     -0.0225777     -0.1543258
25 21    -0.03488192    -0.05180406
25 22     0.09750751     -0.0929088
25 23    -0.04871095      -0.046374
25 24     0.05752224    -0.02614346
25 25      0.1197351    -0.07989962
26  0    -0.02146107              0
26  1   -0.006302883     -0.1120953
26  2     -0.2103924    0.006014243
26  3    -0.06240793     0.06401253
26  4    -0.02739045    -0.07082639
26  5     0.07232077    -0.03144126
26  6      0.1203706    -0.06221641
26  7     0.06523547      0.0770717
26  8      0.1598773      0.0522456
26  9    -0.07079089     -0.0775774
26 10    -0.04009181    -0.05477822
26 11    -0.06779678     0.04859186
26 12    -0.09412825     -0.0305729
26 13      0.2134512    -0.07131133
26 14      0.1853814     -0.0310395
26 15     0.02780904    -0.08006552
26 16     0.05871666     -0.2270856
26 17    -0.01268122     0.02571458
26 18      0.1501723     0.03564199
26 19    -0.02406743    -0.05278109
26 20     0.09692751     0.01282774
26 21     0.01815013    -0.02221024
26 22     0.01088282     0.02564544
26 23    -0.02976991    -0.01221274
26 24     0.06313287   0.0002148028
26 25    -0.02709815     0.08808269
26 26     0.08740917     0.03606884
27  0     0.09974771              0
27  1     0.02474652    -0.04832944
27  2    -0.02333543     0.08262669
27  3   0.0002816232      0.0244771
27  4     -0.1109986     0.02827208
27  5    0.002372209     0.06044078
27  6     0.05842166     -0.1806133
27  7     0.01816016     -0.0547386
27  8      0.0573492    -0.04892419
27  9      0.1041031     0.02543875
27 10    -0.06388436    -0.04429911
27 11      0.1562978     -0.1083334
27 12    -0.02985286     -0.1328819
27 13     0.03626798      0.1051896
27 14    -0.09787779    -0.03767356
27 15    -0.05101674     0.05712219
27 16    -0.04153839    -0.04910531
27 17     0.04005394      0.1632103
27 18    -0.04421344    -0.01013895
27 19     -0.1099905    -0.03002384
27 20      0.1257459     -0.1989036
27 21    -0.02718645      0.1758032
27 22     0.01252592     -0.1349856
27 23    -0.06429177     0.04106793
27 24      0.2994975    -0.02686841
27 25     0.03139731     -0.0095698
27 26     0.03413796     -0.1606878
27 27     0.01483812    -0.03344488
28  0    -0.01204347              0
28  1   -0.009938433       -0.04396
28  2    -0.08766013     0.00200987
28  3    -0.03676563     -0.0187964
28  4     0.02456471    -0.03317011
28  5    -0.06144338    -0.06709567
28  6   -0.007768287      0.0281793
28  7     0.04426539     -0.0373722
28  8    -0.03166319     0.05403648
28  9    -0.06084233      0.1633505
28 10     -0.1128099     -0.0339216
28 11       0.147632    -0.03143724
28 12     -0.1725546     0.08751126
28 13     -0.1098453    -0.00241541
28 14      0.1136374    0.009507154
28 15    -0.07822067    -0.08713181
28 16    -0.01710321     0.02837744
28 17      0.1578517     0.02141101
28 18      0.1493336      -0.161233
28 19      0.0567135     0.07126971
28 20     0.06320876     0.03132725
28 21      0.1002942    0.006015621
28 22    -0.02241469    -0.01274171
28 23     -0.1275535     0.04041173
28 24    -0.05674314      0.1555534
28 25     0.05561495      0.1052044
28 26    -0.03457421     0.08628309
28 27     0.04669379      0.1292144
28 28    -0.02664031     0.03003831
29  0    -0.07204799              0
29  1      0.1010651      0.0695295
29  2      0.1163981      0.1888704
29  3    -0.03609559     -0.2603597
29  4   -0.006130273     -0.1056536
29  5    -0.01282848     0.09871378
29  6     0.03389439     0.01097673
29  7      0.1428525     0.05930349
29  8      0.0926114  -0.0005724846
29  9     0.08536632    -0.03156881
29 10    -0.07296017      0.1129041
29 11    -0.03852145     0.01871289
29 12    0.003203783     0.07186252
29 13     0.07449004    -0.03471125
29 14    -0.01750989     -0.2002583
29 15   -0.006220825     0.04320386
29 16     -0.1676994    -0.04022139
29 17     0.02559006     0.08633634
29 18      0.1220201     -0.1046266
29 19     -0.1741387      0.1468582
29 20     0.04054084    -0.06395392
29 21     0.09967548    -0.07936727
29 22    -0.04718727     0.09812032
29 23      0.0206833     0.04837238
29 24     0.03537023     -0.1411209
29 25     -0.2247704     0.04831239
29 26    0.002988363      0.1081978
29 27     -0.1637931      0.1001179
29 28     -0.0580752    -0.05716792
29 29     0.05461351    -0.05096194
30  0     0.06038414              0
30  1    0.006548038    -0.06272182
30  2    0.004043121      0.1045157
30  3     0.04737967    -0.02323293
30  4     0.03056445    -0.02366907
30  5      0.1075275     0.09259106
30  6      0.0711294     0.01898257
30  7    -0.01421178    -0.01069776
30  8    -0.07796736     -0.1151713
30  9     0.09346278    -0.03601461
30 10     -0.1071217     0.05088874
30 11    -0.06795096    -0.01251274
30 12     0.03554362     0.02539942
30 13     -0.0754215     -0.1301562
30 14    -0.05051584     0.01485206
30 15     0.01280039    -0.05137465
30 16     0.04836399    -0.03447496
30 17    -0.04178338     -0.2574211
30 18    -0.01255718    -0.03506418
30 19     -0.1146943     -0.1100168
30 20     0.09460875      0.1059731
30 21    -0.05252639     0.07823938
30 22      0.1294548      0.0101148
30 23     0.06585304    -0.04624982
30 24    -0.09295803    -0.05715644
30 25      0.0389808    -0.07918441
30 26    -0.04905714    -0.01528318
30 27     0.08146926    -0.08965679
30 28      0.1579848     0.05980188
30 29     -0.0125004     0.03007307
30 30    -0.04624342      0.1112083
31  0    -0.05153426              0
31  1     0.03395933    0.002454863
31  2    -0.02714675     0.04537721
31  3     0.06303502    0.004171022
31  4    -0.01260813     -0.1141673
31  5   -0.007123811     -0.1222848
31  6     0.02354286     0.01239735
31  7    -0.02623775     0.07791673
31  8      0.0238119     -0.0399825
31  9      0.1016421     0.01781524
31 10      0.1128072    0.000632451
31 11     0.06481703     -0.1465645
31 12       0.035416      0.1460734
31 13      0.1218455      0.1360025
31 14      0.1449979    -0.09580591
31 15      0.1060556      -0.030589
31 16    0.008001908     0.09500612
31 17    -0.01008495     0.07026339
31 18     -0.0237366    -0.01181027
31 19   -0.007227014     0.06812777
31 20     0.01850118    -0.03875689
31 21    -0.09973755     0.05883201
31 22    0.007474239      0.1610042
31 23     0.02569581    -2.0977e-05
31 24    -0.02606476      0.1996292
31 25    -0.03198901    0.002305689
31 26    -0.01293493     0.01169887
31 27     0.04278683    -0.02856527
31 28     0.05193807     -0.0445736
31 29     0.02743044     -0.1380739
31 30    -0.02268958     -0.1001512
31 31     0.06672905     -0.1344932
32  0   -0.005524715              0
32  1    -0.08034226      0.1461336
32  2    -0.06257874     0.01159404
32  3     0.08132239      -0.173574
32  4    -0.07141683     0.08399008
32  5     0.00371557      0.0357781
32  6     0.02141826    -0.02601697
32  7    -0.01019131    0.008933442
32  8    -0.06319775     0.05050172
32  9     0.02147532     0.03591272
32 10     -0.1091114    -0.04366685
32 11    -0.01503854      0.1123997
32 12      -0.119635     0.08506034
32 13    -0.03769103      0.1415095
32 14      0.1458777      0.2066077
32 15    -0.03479732    -0.04510055
32 16    -0.01466912     0.06544065
32 17    -0.06297737    -0.06338477
32 18     0.04229521     0.08744217
32 19      0.0214731     -0.1846508
32 20     0.08386189     0.00813691
32 21    -0.02082511     0.07811143
32 22     0.01119031     0.01629014
32 23     -0.1528612   0.0007767955
32 24      0.1122057    -0.02593605
32 25    -0.02716304     -0.1153136
32 26   -0.004999958    -0.03317283
32 27    -0.04616309     0.06192251
32 28     -0.1553972     -0.0930874
32 29     0.02307198      0.1576382
32 30    -0.09601905     0.04988512
32 31    -0.02268112     0.08133558
32 32    -0.01629437     0.04572853
33  0    -0.04236002              0
33  1     0.06257118     0.04849294
33  2   -0.005699166      0.1939162
33  3     -0.1652174    -0.07799028
33  4    -0.07704729      0.1308814
33  5    -0.03547476     -0.1209949
33  6     -0.1819203       0.153969
33  7     0.09331742     -0.1187338
33  8     -0.0220817    0.007887885
33  9     0.09669678     -0.1064264
33 10     -0.1187976     0.02361167
33 11    -0.03878267     0.07243074
33 12      0.1674094       0.132958
33 13    -0.00294554     -0.1087169
33 14     0.08673791     0.08843194
33 15    -0.05097253     -0.0842289
33 16      0.0295828      0.1173846
33 17   -0.008611762     -0.0373169
33 18      0.1278699     0.03040601
33 19    -0.05536857      0.1060431
33 20     0.02952381    -0.01207391
33 21     0.01372837    0.005810243
33 22      -0.154717     -0.0217596
33 23      0.1638447    -0.09837122
33 24     -0.1130419     0.05564651
33 25     0.02517999     0.04647956
33 26     0.04891891     0.04727882
33 27     -0.1095559    -0.01384506
33 28    -0.01590695    -0.04144763
33 29     0.07709399      0.1687361
33 30     0.05980764     0.06870298
33 31    -0.01093803       0.051043
33 32    -0.07120352     0.08191373
33 33      -0.182335      0.1004796
34  0     0.04622046              0
34  1    -0.04942951      0.1610622
34  2     -0.1016816     0.02942793
34  3    -0.01164596   -0.007085599
34  4      0.0408542     0.01056785
34  5     -0.1158344      0.0826598
34  6     0.02409087      0.0259934
34  7     -0.1519441      0.2023163
34  8     0.02746196     -0.1349698
34  9     -0.0504973     0.07550042
34 10     0.05114856     0.08485683
34 11      0.1660283     0.03326029
34 12    -0.03563463    -0.05806888
34 13     0.07077526    -0.07862977
34 14     0.04432515     0.05219724
34 15    -0.01287695     0.02284523
34 16    0.009257144    -0.03391856
34 17    -0.01249523      0.1111098
34 18    -0.08284077     0.04161131
34 19    -0.06573968     -0.1454303
34 20     -0.1112762     0.03866575
34 21     0.06205684     0.02890967
34 22      0.0286235     0.02702914
34 23     0.09503777    -0.07864889
34 24     0.06957868   -0.001375674
34 25     0.08938775      0.1394204
34 26     -0.1902254   -0.009453312
34 27    -0.05456727     0.01406846
34 28     0.01225465     -0.0686106
34 29     0.04957032     0.06349418
34 30     0.04455577    -0.03077145
34 31      0.1483786    -0.05378637
34 32     0.08347422    0.009282337
34 33    0.002643445    0.008737846
34 34    -0.05332361    -0.05291957
35  0    -0.03611084              0
35  1     0.04197687      0.1058587
35  2    -0.04679658     0.06251356
35  3   -0.004038749     -0.1181112
35  4     0.07968047     0.03230401
35  5     0.01181092     0.02639735
35  6      0.1603151    -0.05135434
35  7     -0.0903321     -0.2520601
35  8     0.04971357    -0.03117662
35  9    -0.01294005     0.02558593
35 10     0.02742931     0.04860499
35 11        0.16514    -0.03478653
35 12    -0.08053256     0.08659749
35 13    -0.03232772      0.2649386
35 14    -0.01369898     0.00466848
35 15     0.09434607    -0.03819327
35 16    -0.07919809    0.005539316
35 17     0.04736983    -0.09838688
35 18   -0.005947702      0.1145602
35 19    -0.02483097     -0.1105252
35 20     0.01166822     0.04477599
35 21    -0.08502547     -0.1367175
35 22     0.02473266      0.1738277
35 23    -0.05990372      0.1175254
35 24     0.05125196   -0.009585072
35 25     0.02151591     0.05674918
35 26    -0.07905706    -0.04843358
35 27    -0.08710691    -0.06228983
35 28     0.03786219    -0.04645169
35 29   -0.002499495     0.09025817
35 30    -0.05229354     -0.0765126
35 31     -0.1354867     0.07849225
35 32     -0.1178344   -0.004542252
35 33     0.06102934     0.04313536
35 34      0.1098605     0.03687694
35 35     0.04920911      -0.020446
36  0    0.003357723              0
36  1      0.1482187    -0.07990363
36  2    -0.02729347     0.05842032
36  3   -0.006496582        0.20441
36  4     -0.0281105     0.07848445
36  5     0.04461248     -0.1010365
36  6    0.004966124    -0.02801718
36  7     -0.0724333    0.008546053
36  8        0.15979    -0.01014003
36  9    -0.09115119    -0.04021194
36 10     0.08968603     -0.1424202
36 11    -0.01717166    -0.06531838
36 12     0.03358416     0.02485968
36 13     -0.1427905     0.05263262
36 14    0.001670453     -0.1316049
36 15    -0.07293511      0.1132284
36 16     0.01289805     -0.1007796
36 17     -0.1528238     0.04000285
36 18      0.1016956    -0.02346039
36 19     -0.1383409     0.02000676
36 20    0.005492867    -0.04617913
36 21  -0.0005276226     0.08279909
36 22    -0.01183717     0.01085472
36 23     -0.1171156     0.02721453
36 24   -0.005047843    -0.02203444
36 25     0.09592903    -0.07047068
36 26    -0.05977071    -0.01300674
36 27     0.01188027    -0.04115722
36 28    -0.02361936      0.1396749
36 29      0.0174521    -0.06443151
36 30    -0.08808681  -0.0003019426
36 31    -0.08216932  -0.0009610703
36 32     -0.1247192    -0.04659804
36 33      -0.064693    0.003676442
36 34    0.008291237     0.07816406
36 35      0.0120167     0.01056912
36 36      0.1005995     0.03948392
37  0     -0.2096019              0
37  1     0.01057274    -0.03890945
37  2    0.006515231    -0.07585646
37  3     -0.1205543     0.02362338
37  4    -0.05818167      0.1321272
37  5     0.09267721    -0.09012115
37  6      -0.073118      0.1039109
37  7    0.002426707      0.1108108
37  8     0.05209919     -0.0602681
37  9    -0.09258973    -0.06015325
37 10  -0.0008221305    0.002211953
37 11     -0.1008845     -0.1186909
37 12     0.01778212     0.01702715
37 13     -0.1018548    -0.02153293
37 14     0.01351124   -0.004230517
37 15     0.05957643     -0.1289833
37 16    -0.06101208      0.1305985
37 17     0.03015217    -0.01547761
37 18     0.06353697     0.02142432
37 19    -0.09104398     0.03121292
37 20    -0.05022563     0.03053728
37 21     -0.0808791    -0.05979034
37 22     0.04245488    -0.04671685
37 23     0.06928505    0.008933699
37 24    -0.07854368     0.09973318
37 25    -0.01579593    -0.03135454
37 26     0.08599545     0.01083222
37 27      0.0112205     0.05937583
37 28     0.02662892     -0.1433482
37 29    -0.04544348    -0.01649038
37 30     0.02848318      0.0157416
37 31      0.0442959     0.04489199
37 32     0.06533859    -0.02832505
37 33     0.04629657    -0.07923987
37 34    -0.07929398    -0.00918854
37 35   -0.007396966     -0.1883284
37 36      -0.033314      0.1526774
37 37     0.06549752     0.02461962
38  0     0.04531188              0
38  1     0.02020058     0.01939281
38  2     0.05455711    -0.03947197
38  3    -0.01336526     0.07726616
38  4    -0.02749066     0.04592251
38  5    -0.08559202    -0.03349703
38  6    -0.05967055       -0.09449
38  7    -0.05361062      0.1610796
38  8    -0.01075015    -0.01973136
38  9      0.1100452     0.07939562
38 10     0.06337002     0.06428863
38 11     0.07280641     0.05213226
38 12    -0.02646494    -0.04263594
38 13     0.07882959      -0.104545
38 14    -0.07995798    -0.05514741
38 15     0.01440678    -0.07056884
38 16    -0.06755074     0.00581451
38 17    -0.02019712    -0.05057122
38 18   -0.001600209     0.03168582
38 19     0.07326604     0.05311123
38 20     0.03766929     -0.0338227
38 21     -0.1195672     -0.1019256
38 22      0.1606008     -0.0395745
38 23     -0.1508748    -0.04315495
38 24     0.03385423     0.07749736
38 25    -0.01770034     -0.0370418
38 26    0.001492326    -0.04638702
38 27    -0.07681952     -0.1215594
38 28    0.005439291    -0.01883495
38 29    -0.02157779    -0.09195267
38 30    -0.02383073     0.02585137
38 31    -0.01628433    -0.01548252
38 32   -0.006611928    -0.04161828
38 33     0.04570019     0.05705664
38 34   -0.008504776     0.01227898
38 35     0.01444604    -0.06529528
38 36     0.06528016     0.06310785
38 37  -0.0009232337     0.00801816
38 38    -0.04744294   -0.001687296
39  0     0.03666372              0
39  1     0.05834834     0.02757856
39  2     -0.0880741    -0.04361853
39  3    -0.05624528     0.08009152
39  4    -0.09603707       0.106846
39  5    -0.08622053     0.04371662
39  6    -0.06348777    -0.05834109
39  7    -0.08100554     -0.1312594
39  8     0.06050265       0.158403
39  9     -0.1146148     0.08325519
39 10     0.09160343     0.03388279
39 11    -0.02606502    -0.08546088
39 12      0.0115969   -0.008377707
39 13  -0.0009942023     0.05165067
39 14     -0.0840357     0.01223455
39 15     0.04318118    -0.09620526
39 16   -0.006351338      0.1016415
39 17     0.04809353    -0.08114855
39 18     -0.1106455      0.0666884
39 19     0.04289457     -0.1588617
39 20      0.0898837     0.03021836
39 21    -0.02301201    -0.01828019
39 22      0.1193551     0.03759533
39 23    -0.00385461     -0.1181758
39 24     0.01817819     0.03240843
39 25     0.07088123     0.03395581
39 26   -0.002934531     -0.1418207
39 27     0.01804869     0.02542195
39 28    -0.05126703    0.005994249
39 29     0.02698021    -0.05295769
39 30    -0.02833155     0.05684895
39 31     0.06250551    -0.03847285
39 32     0.09928603    -0.07035221
39 33    -0.04137787     0.08727033
39 34    0.003516165     -0.0169392
39 35    0.008439647     0.01954174
39 36     -0.1236617    -0.06987893
39 37     0.09214994    -0.03824951
39 38     0.07084359     0.03572595
39 39    -0.02154888     0.02488581
40  0     0.08035924              0
40  1    -0.06583363        0.21648
40  2    -0.02940188    -0.02413928
40  3     -0.1477544    -0.03502781
40  4    -0.03368971     0.05455638
40  5      -0.101062    -0.07694772
40  6     0.04843069     0.06644426
40  7    -0.03530352      0.0472048
40  8    -0.01460081    -0.06697783
40  9     0.02108281    -0.03369154
40 10     0.04926248     0.06590843
40 11     0.09579466     -0.1083705
40 12    -0.01009698     0.01187505
40 13     -0.1064282    -0.06122206
40 14     0.04247128     0.00431672
40 15    -0.07472175     0.03114775
40 16      0.1095857     0.02411855
40 17     0.04386003     0.01834692
40 18   -0.007893221    -0.01679457
40 19      0.1237186     0.07107922
40 20    -0.05718999      0.1804821
40 21     0.09151363     0.07393721
40 22     0.05428151    -0.02395369
40 23     0.02022514     0.05154629
40 24    -0.07288075    -0.06470639
40 25    -0.03216358     0.04234149
40 26     0.04469525   -0.002351085
40 27     0.07806531      0.1161961
40 28    -0.08103485    -0.08360212
40 29    -0.07073109    -0.02596904
40 30  -0.0005409654    -0.00456543
40 31       0.105657    -0.01865884
40 32    -0.05764405     0.01035144
40 33    0.007898468     0.02152445
40 34    -0.02555067   -0.007949834
40 35     -0.1434263     0.09477613
40 36    -0.02017966    -0.06983744
40 37    -0.01744477     0.03151266
40 38     0.05229398     -0.2144118
40 39     0.08575515     -0.1126674
40 40    -0.07487702      0.1269181
