# Love 175 s group velocity model
# from Larson & Ekstrom (1999), for more information, see
# http://www.seismology.harvard.edu/projects/surfwave/LE99-Pageoph
# Spherical harmonics, columns are: l m Alm Blm
 0  0      0.3795075              0
 1  0       0.259432              0
 1  1      -0.153346     -0.1873325
 2  0      0.2433831              0
 2  1      0.8758643       2.017225
 2  2       2.244715     -0.9149446
 3  0      0.3364692              0
 3  1      -1.223436      0.1869652
 3  2      0.3611031     -0.3390259
 3  3       1.610615       1.325707
 4  0      0.6135686              0
 4  1      -0.784087     -0.2173645
 4  2     -0.3025214     0.09596932
 4  3       1.495736     -0.5146224
 4  4      0.1463521       1.001982
 5  0     -0.2174957              0
 5  1      -1.143875      -0.562564
 5  2      -1.576954      0.4866329
 5  3       1.034341     -0.7608283
 5  4       0.947712      -1.791016
 5  5      -1.217078     -0.2240206
 6  0     0.09243941              0
 6  1      0.6992721      0.6468001
 6  2      -1.121927       1.399984
 6  3    -0.09111097     -0.9845702
 6  4      -0.303283      0.6453916
 6  5      -1.565115     -0.4281512
 6  6    -0.01667055      0.4363582
 7  0     -0.4633783              0
 7  1      0.0754701     -0.8579329
 7  2     -0.2016231      0.6555749
 7  3      0.7577085     -0.4796303
 7  4       0.321228      0.7389144
 7  5     0.05205517      0.6566863
 7  6        0.13488     -0.6200583
 7  7      0.6564522    -0.06095412
 8  0     -0.2149848              0
 8  1      0.1902328      0.5546933
 8  2      -1.323018     -0.3701573
 8  3      -0.523769    -0.07747392
 8  4      0.0275187     -0.1151598
 8  5      0.3379728      0.3073924
 8  6     -0.1326327     -0.1710838
 8  7      0.2369795      0.1149328
 8  8      0.3616811      0.2779911
 9  0    -0.01837578              0
 9  1      0.4301482      0.3028799
 9  2     -0.3764467      0.3550155
 9  3     -0.9478979     -0.5236898
 9  4     0.04025861      0.3581077
 9  5      0.5476664     -0.2129373
 9  6     -0.5610023     -0.4441179
 9  7      0.1227257     -0.4696151
 9  8     -0.5686281     -0.2113904
 9  9    -0.08980003    -0.02523983
10  0     -0.2066202              0
10  1      0.2218205     0.08014488
10  2     0.04821736      0.1828379
10  3     0.06774117     -0.1500247
10  4      0.3685661     -0.2145951
10  5    -0.07941958      0.2876891
10  6      0.3665948     0.08911914
10  7     0.04859234     -0.2873175
10  8     0.04837834      0.3212396
10  9      0.2818007      0.1453059
10 10     -0.6264677     -0.1424803
11  0      0.1405111              0
11  1     -0.1138925       0.050373
11  2      0.1514462      0.1877877
11  3     -0.3258137    -0.08525697
11  4     -0.3014742       0.469119
11  5      0.2077812      0.5424368
11  6      0.1222765      0.4098689
11  7     -0.5430085     -0.1654632
11  8     -0.2595412    -0.06723086
11  9     -0.1500701      0.7410972
11 10     -0.1676363      0.3133077
11 11     -0.3797084     -0.1211544
12  0      0.1209046              0
12  1     -0.4038757      0.1424668
12  2      0.2741848     -0.6307383
12  3    0.001302149      0.1450561
12  4     0.07987311      0.4917592
12  5      0.0276031     -0.2826982
12  6      0.2785329    -0.07988599
12  7     -0.3684072     0.04963761
12  8      0.1041761     -0.3276929
12  9      0.4958635      0.5917673
12 10     -0.2250138    -0.04701383
12 11      0.3560712      0.2362151
12 12      0.3413719     -0.2109234
13  0      -0.177746              0
13  1     -0.2090965    -0.05228726
13  2      0.1173961     0.02476616
13  3     -0.1226671      0.1470338
13  4    -0.09172416    -0.01421822
13  5      0.2112098    -0.03683305
13  6     0.07849818    0.007371563
13  7   -0.005276958     -0.0931353
13  8      0.1213453     0.07554092
13  9      0.3254365      0.2569944
13 10     0.04695789      0.3158574
13 11     -0.2069355     -0.1228136
13 12       0.186816     -0.2079161
13 13     -0.2244609      0.1778358
14  0    -0.04610088              0
14  1     0.05881598      0.1107063
14  2      0.2011514       0.148429
14  3      0.1782192      0.1755092
14  4     -0.1522151      0.1644197
14  5      0.1109679     -0.1510525
14  6     0.03700805     -0.1344639
14  7      0.1860774     0.05356631
14  8      0.0147797      -0.176634
14  9    -0.02178165      0.1192707
14 10      -0.181249     -0.1639337
14 11     0.03383419     -0.2399793
14 12      0.1500951    -0.09317291
14 13     0.04727483     0.08522329
14 14       0.276792      0.1119344
15  0     -0.1729535              0
15  1    -0.05313648     0.04850757
15  2     0.02458496     0.05952629
15  3     0.05181351    -0.09492512
15  4     0.04716774     -0.1209297
15  5     0.02152964    -0.05200248
15  6    -0.01894231     -0.1091937
15  7    -0.07996993     0.08421241
15  8      0.1492764     -0.1619115
15  9     -0.0475783      0.0537569
15 10     -0.0330623    0.006256665
15 11   -0.002444545    0.006202866
15 12    -0.05460766     -0.1351298
15 13     -0.1311774    -0.01332463
15 14     -0.1213739     -0.1809157
15 15    -0.06172528     -0.1425752
16  0     0.03459163              0
16  1     0.07415452    -0.02697754
16  2      0.1372909    -0.01358282
16  3     0.06581717     0.02966775
16  4     0.03320045    -0.05689329
16  5      -0.180004     0.07572521
16  6    -0.01719427     0.03891589
16  7    -0.04967387    -0.03140094
16  8    -0.09307024     0.01559145
16  9     -0.1477976    -0.08261546
16 10    -0.01103217    -0.06737736
16 11     0.02278587      0.0750621
16 12     0.01008783     -0.2303699
16 13     0.07990604    0.004571739
16 14    -0.01402879     0.06268087
16 15    -0.02893278    -0.05498069
16 16      0.1051166    -0.05075577
17  0   -0.008970579              0
17  1     0.02820479   -0.003740928
17  2     0.02470748     -0.1447488
17  3      0.1837954      0.1457999
17  4     0.04340261    -0.09098925
17  5     0.07751155      -0.195691
17  6     0.05847005    -0.07602406
17  7      0.0259982     0.03610616
17  8    -0.01574377     -0.0187039
17  9     -0.2154744    -0.07795583
17 10      0.1685848    -0.01861308
17 11     -0.1049488     0.07865273
17 12     0.01053503     0.05977882
17 13    -0.02406362     -0.1289077
17 14    0.009078693    -0.04604818
17 15    -0.08355272     0.03041713
17 16      0.1060472     -0.2384157
17 17    -0.02666046    -0.08380526
18  0   -0.009909586              0
18  1    -0.09944542    -0.07602318
18  2    -0.00583727     0.06856301
18  3     0.03298676    0.002850277
18  4     -0.1812501     0.07365624
18  5    -0.04370978    -0.02954128
18  6    -0.05104955    -0.03953897
18  7     -0.1464396   -0.009408024
18  8     -0.1604097      0.1039566
18  9    -0.08168987      0.1354003
18 10     0.01653551      -0.115074
18 11    -0.03132948      0.1428278
18 12   -0.008394489    -0.05046969
18 13    -0.04592576    -0.07443638
18 14     0.08506805      0.1979364
18 15     0.02787542     -0.2642554
18 16    -0.06129516    -0.05329787
18 17    -0.01724616   0.0006035772
18 18     0.03345455      0.1883508
19  0    -0.02723567              0
19  1    -0.01787092     0.05488564
19  2     -0.1237839     0.02641884
19  3    -0.07595853     0.04927246
19  4    -0.03091245    -0.03720048
19  5       0.169134      0.2007428
19  6      0.1180101     0.03823882
19  7    -0.06212201     -0.1489611
19  8    0.009832523     0.08817805
19  9    -0.07464823    -0.08209307
19 10      0.1113976     0.01962961
19 11     -0.0582524   -0.008590911
19 12      0.1281154     -0.0344535
19 13     0.00949512     -0.1683361
19 14     0.02267013   -0.006789078
19 15    -0.06928363    -0.02689828
19 16    0.005676869     -0.2481852
19 17     0.03178597    -0.02970843
19 18    -0.08414926     -0.1681782
19 19     -0.1673328     0.05443243
20  0     -0.0208576              0
20  1     -0.0577392      0.0256246
20  2     -0.1515224     -0.1021258
20  3     0.07666773     0.09614703
20  4     0.04533709   -0.004815185
20  5       -0.10204     -0.0776538
20  6     -0.1481043     0.01939535
20  7      -0.108924     -0.1174601
20  8     0.02970536    -0.02643502
20  9    -0.06530473     0.02256098
20 10     0.02542412     0.02637448
20 11      0.1282161     0.07517357
20 12      0.1093106    -0.09238039
20 13    -0.02688425    0.003034672
20 14    0.002279608     0.03722122
20 15    -0.04532239    -0.04627522
20 16    -0.09659856      0.1061626
20 17     0.04516215     0.08894151
20 18    -0.05807406   -0.004420894
20 19     0.04827933     0.02200789
20 20     -0.0647124     0.04031266
21  0   -0.003339454              0
21  1     0.09393275    -0.02856997
21  2     -0.1522927    -0.09911433
21  3    -0.08847777     0.01048497
21  4     -0.1322259      0.2252948
21  5     0.03920506     0.03902467
21  6     0.08648332      0.1120219
21  7   -0.004612482      0.1172943
21  8    -0.08248927     0.04833965
21  9     0.04666324    -0.02575695
21 10      0.0780554    -0.02045933
21 11    -0.01475096     0.07223632
21 12    -0.06532271     0.05572516
21 13    -0.06991975    -0.09375672
21 14   -0.001985203    -0.02014392
21 15      0.0251773    0.006650733
21 16     0.04892043    -0.06345083
21 17    0.002579154    -0.03399037
21 18   0.0005084041     -0.1322677
21 19    -0.03128987       0.204612
21 20     0.07798188     0.04555429
21 21    -0.04291869    0.003580754
22  0    -0.04795384              0
22  1     0.02300996     0.03684759
22  2      0.0809634      0.0662079
22  3     0.07752823     0.05222452
22  4     0.09412511    -0.07102013
22  5     0.03897649    -0.01813044
22  6    -0.08128715     0.04790411
22  7      0.0486986    -0.05436287
22  8    0.007073512     0.08742774
22  9     0.03019065    -0.03822853
22 10    -0.01279917    0.001621927
22 11     0.01874584    -0.01145008
22 12     0.06120973     0.06555368
22 13     -0.1222413      0.1340436
22 14      0.1075649    0.004295544
22 15    -0.02680563    -0.03575575
22 16     0.04245917     0.04099358
22 17    -0.02240736      0.1891868
22 18   -0.002216621     0.08403084
22 19     0.00385606      0.2051641
22 20     -0.1446974    -0.03200061
22 21      0.1224565     0.05323333
22 22    -0.09030525     0.09530659
23  0    -0.02075365              0
23  1    -0.03100687     0.06280665
23  2     0.05378355    -0.01010839
23  3    -0.04365275     0.02055544
23  4    0.004275667     0.07117345
23  5     -0.1845379    -0.01502263
23  6      0.1116547     0.06844415
23  7    -0.01334767    -0.09797747
23  8    -0.03150452      0.1212958
23  9      0.1087025     -0.1123892
23 10     -0.1264113     -0.1435536
23 11     0.02546865   -0.005034733
23 12     -0.1581531    -0.01484143
23 13      0.0353507     0.06920883
23 14     -0.1357376       -0.04947
23 15    -0.01735428    -0.08970203
23 16     0.02637001     0.08123804
23 17     0.04265961     -0.0967996
23 18     0.04990916   -0.008646803
23 19   -0.002639524     -0.1378746
23 20     0.06921579       0.028829
23 21     -0.2830386     0.07124037
23 22      0.1841749    -0.08159955
23 23     0.01178329     0.04223029
24  0     0.04297421              0
24  1     -0.1163526     0.01307688
24  2     0.02606271     0.05454169
24  3     0.01395478    -0.09234216
24  4      0.0450145      0.0796942
24  5      0.1283373    -0.08433234
24  6    -0.02006917     0.05162442
24  7     0.08975938    -0.08384824
24  8    -0.05030842    -0.01677823
24  9     -0.1467585     0.03525326
24 10     0.02627173     0.02944941
24 11    0.004625327      -0.015554
24 12    -0.01780823     0.06059261
24 13     -0.1246314    -0.01525626
24 14    -0.06176021     0.04026865
24 15    -0.02376108     -0.1427598
24 16    0.001054773     0.00367423
24 17    -0.08621231     0.07600854
24 18    -0.01021182    -0.04726677
24 19     0.02697076      0.1496312
24 20    -0.05618006      0.0985391
24 21     0.08037959    -0.08697911
24 22    -0.06883556     -0.1522875
24 23     0.05251238     0.08966375
24 24     0.06607877     0.05469848
25  0     0.02092787              0
25  1     0.07663463     -0.0280221
25  2     -0.1163401    0.008872364
25  3    -0.02759544     0.06869792
25  4     -0.1143544    -0.01510817
25  5    0.007384108     0.04173972
25  6     -0.1055938   0.0009660366
25  7    0.005231171     0.07822102
25  8    0.005756911      0.1989314
25  9    -0.04737344    -0.09528894
25 10     -0.0609976    -0.01723007
25 11     0.02496085     -0.1143838
25 12     0.05770049    -0.01838552
25 13     0.05852154    -0.01936871
25 14     0.04765191      0.1132109
25 15     -0.1931501    -0.01997502
25 16    0.009369124     -0.1229298
25 17     0.05529135    -0.02351011
25 18    -0.04946769     0.07177138
25 19     0.08343809   -0.006288568
25 20    0.004599588    -0.09785313
25 21    -0.04564644    -0.03023505
25 22      0.1133551     0.01412455
25 23     -0.1068632    -0.04903592
25 24   -0.002606002    -0.02885075
25 25     0.06263869     -0.1507299
26  0    -0.05835997              0
26  1      -0.029732    -0.09509664
26  2     -0.1196896   -0.001523399
26  3    -0.00443627     0.02239881
26  4    -0.02034744    -0.01932805
26  5     0.01253387    -0.01887826
26  6     0.02839109   -0.003786346
26  7     0.09978426      0.1395407
26  8     0.08575422     0.07844313
26  9    -0.06266499     -0.0589293
26 10     -0.0168229  -0.0008344121
26 11    0.009121036     0.05994344
26 12    -0.05658497    0.009892763
26 13      0.1498159    -0.06346829
26 14     0.05008742     0.03219514
26 15     -0.0256836     0.03928804
26 16     0.03107272     -0.2097694
26 17    0.002119153     0.09617244
26 18     0.07827337     -0.0141863
26 19    -0.07039887    -0.07992995
26 20     0.05529719     0.01388675
26 21    -0.01500211    -0.02670742
26 22     0.02794513     -0.0389591
26 23     0.01430635      0.0175113
26 24     0.02727622    -0.06611802
26 25     -0.0224162     0.04739316
26 26     0.01609806     0.07354889
27  0     0.04086394              0
27  1    -0.02446531    -0.03544788
27  2     0.03412744     0.03554424
27  3    -0.04031072   -0.007379761
27  4    -0.03271842     0.03187431
27  5    -0.02165011     0.03900876
27  6     0.06014863    -0.09047015
27  7    -0.04009252    -0.09045623
27  8     0.03278897    -0.02465029
27  9     0.07356519    -0.01188587
27 10     0.02226071    -0.02837421
27 11      0.0382707   0.0001307821
27 12     -0.0275584      -0.120603
27 13    0.005914076     0.06215764
27 14    -0.06357743   -0.006112442
27 15    -0.06205194     0.05067467
27 16    0.002132393    -0.03481309
27 17     0.03228855     0.06825228
27 18    -0.06892972    0.008162458
27 19   -0.004621767    0.002576624
27 20      0.1562531    -0.04849097
27 21     0.07328203     0.08737212
27 22     0.02109611    -0.07856905
27 23    -0.05492883     0.01666295
27 24      0.2542173    -0.07674846
27 25     0.05120597    -0.01506431
27 26     0.03481014    -0.04774655
27 27    -0.01572634    -0.07762092
28  0    0.001736558              0
28  1     0.01223147   -0.005283648
28  2    -0.01146681     0.01031834
28  3     0.02906868     0.02216142
28  4      0.0157265    -0.07044062
28  5    -0.02571589   -0.001669393
28  6    -0.06223355     0.02535684
28  7     0.09899119     0.01494441
28  8    -0.04010364     0.03264697
28  9     -0.1185501      0.0824196
28 10    -0.09160485    -0.05343875
28 11     0.04684138     -0.0308967
28 12     -0.0979566       0.013013
28 13    -0.02488194     0.02111477
28 14    0.001982587    -0.02743493
28 15    -0.07452088    -0.03180155
28 16     -0.0841508    -0.01343476
28 17     0.07031951     0.08473156
28 18      0.1006241    -0.07526348
28 19     0.04843509    -0.01933645
28 20    -0.03215516    -0.03394574
28 21     0.01190901   -0.007844504
28 22     -0.0184123    -0.03131511
28 23    -0.07147346     0.08591378
28 24     0.02391637      0.1824135
28 25     0.02693586      0.1097725
28 26      -0.027224     0.05224985
28 27     0.03940758     0.05885677
28 28     0.03043193    0.004695993
29  0    -0.04248628              0
29  1    0.002257386     0.08684149
29  2     0.04312814     0.03579668
29  3    -0.03624845      -0.148157
29  4     0.04143109    -0.02881106
29  5    0.002835385     0.02320315
29  6    -0.04214118    0.004651352
29  7      0.1306268     0.05360986
29  8     0.05723789    -0.06648942
29  9     0.09305883     -0.0687103
29 10    -0.04777096      0.0597702
29 11     0.01375422    -0.01872405
29 12    -0.01813853      0.0777154
29 13     0.05554336    -0.01910442
29 14    0.003088885      -0.135894
29 15    -0.08579309     0.04980405
29 16    -0.09858795    -0.07610004
29 17    0.002911835     0.09385617
29 18      0.0481656     -0.1063507
29 19    -0.08883685      0.0755109
29 20      0.0486575    -0.03564881
29 21     0.06443337    -0.04458006
29 22    -0.02393583     0.09087753
29 23     0.02240958     0.03737715
29 24      0.0342853    -0.05579136
29 25     -0.1772461    -0.02719787
29 26   -0.006063603      0.0719766
29 27     -0.1534399      0.0194454
29 28    0.005924657    -0.03187047
29 29       0.044616   -0.009460886
30  0    0.001848791              0
30  1   0.0004452228    -0.07362589
30  2     0.05704103     0.09133223
30  3      0.0140527     -0.0165699
30  4   -0.005184028    -0.01914419
30  5      0.1135772   0.0008036248
30  6     0.04000669     0.05837188
30  7     0.03282664    0.008316675
30  8     -0.1102157    -0.01354143
30  9    -0.01994213   -0.009458667
30 10     -0.1020188      0.0376255
30 11    -0.02124064   -0.004060118
30 12     0.03363157    -0.02798361
30 13     0.01763144     -0.0801202
30 14  -0.0009182224    -0.03073493
30 15     0.05302966     -0.0417147
30 16    0.008824292     0.04305783
30 17    -0.04907706     -0.1490268
30 18    -0.09049823   -0.004364286
30 19    -0.06495746     -0.1396879
30 20     0.04519112     0.05999235
30 21    0.006113307     0.04716071
30 22     0.08736087     0.01790744
30 23     0.08528141     -0.0941964
30 24    -0.05547371    -0.05658342
30 25     0.07007256    -0.06238301
30 26    -0.03661375     0.02843743
30 27     0.00334839     -0.0244344
30 28     0.06280839     0.03609635
30 29    -0.03295927    -0.05687987
30 30     0.05995476      0.0339704
31  0    -0.02057162              0
31  1     0.02709305      0.0124743
31  2    0.003687239     0.06372579
31  3     -0.0161703     0.02545663
31  4    -0.03401355    -0.09777099
31  5      0.0409887      -0.103783
31  6    0.003721776     0.04339908
31  7     0.02088315     0.03939177
31  8     0.04639216    0.007331939
31  9      0.1006518     0.06475423
31 10      0.0375074   -0.009029211
31 11     0.02670289    -0.08842567
31 12     0.02309009      0.1129667
31 13     0.02357218      0.1093459
31 14      0.1415907    -0.07759295
31 15      0.0452443   -0.006103698
31 16   -0.008495095     0.08050285
31 17    -0.02230786     0.06349783
31 18   -0.006998809   -0.002596512
31 19    -0.02390807       0.040416
31 20      0.0244153     0.08233555
31 21    -0.08752982    -0.05602301
31 22    -0.02414318     0.09404881
31 23     0.02790586      0.0154991
31 24     0.01645291      0.1430359
31 25   -0.007468009     0.04938853
31 26    -0.00228156    -0.05964028
31 27    -0.03080235    -0.01159225
31 28     0.03074914    -0.02714829
31 29     0.04692045    -0.06495452
31 30     0.00495255   0.0005770456
31 31     -0.0209836   -0.007907511
32  0    -0.01869491              0
32  1    -0.06159388     0.08175565
32  2    -0.07996356     0.01886787
32  3     0.08779627    -0.09817146
32  4     -0.1094569     0.03769103
32  5    -0.02802806    0.008467436
32  6    -0.03898335    -0.02936208
32  7    -0.06042991    0.005025698
32  8     0.04559724      0.0564735
32  9     0.03997282     0.02710638
32 10    -0.06168486      0.0145156
32 11    0.001862526     0.08145408
32 12     -0.1084493      0.0595227
32 13    -0.01734291      0.1168369
32 14     0.05493264     0.09022345
32 15    -0.08748837      -0.035681
32 16     0.04941712     0.04537243
32 17    -0.09154048    -0.03915812
32 18    -0.01006833      0.1487876
32 19     0.02887854     -0.1299658
32 20     0.02271345     -0.0272015
32 21     0.02218013     0.01908362
32 22    -0.01470513    0.002489491
32 23     -0.1014148    -0.00865705
32 24     0.09038325    -0.01367545
32 25    -0.06360677    -0.06641945
32 26    -0.03673379    -0.04488369
32 27   -0.007283081     0.06811628
32 28    -0.08019375    -0.02692511
32 29     0.00671626     0.07599351
32 30     0.03281798  -0.0009260335
32 31    0.003830733     0.05399772
32 32   -0.005597244     0.01001643
33  0    -0.02338588              0
33  1     0.03264332     0.01149722
33  2    -0.03922263      0.1586141
33  3    -0.07818449     -0.1309593
33  4    -0.08015519      0.1028443
33  5     0.04549001    -0.06584678
33  6     -0.0905157     0.03546504
33  7     0.02056253     -0.0198187
33  8      0.0226702   -0.005655636
33  9     0.08196076     -0.1054478
33 10    -0.06670812  -0.0004467723
33 11   -0.009333921     0.08509364
33 12      0.1311219     0.04216704
33 13    -0.01282002    -0.05769014
33 14     0.05014988   -0.004536331
33 15     0.02507458     -0.1029547
33 16    -0.01587602     0.06122831
33 17    0.007437451    0.008199975
33 18     0.04724699     0.03698687
33 19    -0.07634374      0.1310993
33 20     0.01031255    -0.02839832
33 21    -0.01533363     0.07380595
33 22    -0.03510661    -0.08775348
33 23      0.1113474    -0.08950011
33 24    -0.06755955     0.06552147
33 25     0.07059815     0.02906531
33 26     0.03678286    -0.01662811
33 27     -0.1812229     0.01811311
33 28    -0.03172274    0.007915733
33 29     0.02875448     0.08946814
33 30      0.0502839     0.04277451
33 31     0.07035079     0.03997368
33 32    -0.04979886    -0.01802827
33 33     -0.0884039     0.05533795
34  0     0.01674603              0
34  1    -0.02952077     0.05998574
34  2    -0.05014397     0.02174186
34  3     0.05188097    -0.04384578
34  4     0.08118166    0.004686564
34  5    -0.07618643    -0.02336491
34  6     -0.0341426      0.0499131
34  7    -0.03325991      0.1109777
34  8    0.006240324    -0.07657903
34  9    -0.03073529     0.03327693
34 10     0.06752189     0.02333573
34 11     0.09038825    -0.03931106
34 12    -0.03821968     0.02828451
34 13   0.0003141686    -0.09493611
34 14     0.03038366    -0.03243873
34 15     0.04260284     0.04490575
34 16    0.003072015    -0.02509929
34 17     0.02603855     0.08828283
34 18    -0.03966656    -0.01165773
34 19    -0.05130807    -0.08657946
34 20     -0.1046678     0.03224065
34 21     0.02223631      0.0489122
34 22     0.02783564     0.01901986
34 23     0.05858004    -0.06387901
34 24     0.05388821    -0.02221324
34 25     0.04312632      0.1058226
34 26    -0.09845096    -0.03393212
34 27    -0.01624252   -0.004899822
34 28     0.08345454    -0.08572891
34 29     0.04808464     0.01492071
34 30   -0.008752628     0.01176569
34 31     0.08527471    0.009958059
34 32     0.01963957    -0.01595295
34 33     0.04708793     0.01049242
34 34    -0.03656144    -0.03019293
35  0   -0.005663997              0
35  1    -0.01751808      0.1594862
35  2    -0.01907266     0.00927272
35  3     0.04822403    -0.06796069
35  4      0.0428951     0.06269582
35  5    -0.00641428    -0.01929164
35  6      0.1001431    -0.08036289
35  7    -0.06906426     -0.1355618
35  8     0.05624803    -0.07413255
35  9    0.002290791     0.04851047
35 10     0.07958503    0.003767134
35 11      0.1108966     0.01553927
35 12    -0.07183219     0.04783553
35 13     0.01181704      0.1532543
35 14    -0.03196476    -0.01763226
35 15     0.06440988    -0.01165671
35 16    -0.01785868      0.0126795
35 17     0.02470436    -0.06556429
35 18    -0.05979178     0.04309554
35 19     0.02086458    -0.08881411
35 20    -0.04782053     0.03266959
35 21    -0.03698196    -0.02802037
35 22     0.03111066     0.09057574
35 23      -0.057818     0.09663339
35 24     0.04493543    -0.01807498
35 25     0.04186702    0.004847101
35 26     -0.0624302    -0.07776367
35 27    -0.09363455    -0.00601769
35 28    0.008962665   0.0007278022
35 29    -0.01733091      0.0730562
35 30    -0.02378253    -0.01735619
35 31    -0.06174197     0.02655922
35 32    -0.05650743      0.0507418
35 33     0.01168379     0.02827354
35 34     0.01325904      0.1446487
35 35    -0.01202223   -0.004557538
36  0    -0.01165008              0
36  1      0.1203597    -0.06371476
36  2   -0.008705908     0.06267985
36  3    -0.04100933       0.155369
36  4    -0.02143291     0.02300397
36  5   -0.008883886    -0.06811391
36  6    -0.03086166     0.02225307
36  7    -0.05860611    -0.03049103
36  8       0.115118     -0.0410111
36  9    -0.04265924     0.01318246
36 10      0.1084783      -0.102624
36 11     0.03647157    -0.06727952
36 12     0.07673831     0.01993049
36 13    -0.07764518      0.0585158
36 14     0.01685953     -0.1085915
36 15    -0.04327364     0.09362631
36 16    -0.01523551    -0.06264096
36 17    -0.05536408      0.0515301
36 18     0.06200838   -0.004241831
36 19     -0.1160801    0.003160939
36 20   -0.006377626     0.06058979
36 21    -0.04002021      0.1184786
36 22    -0.01848418    -0.02052156
36 23    -0.05065757     0.02957339
36 24    -0.02296448    -0.04881122
36 25     0.01343021    -0.02551105
36 26    -0.02197395   -0.004931369
36 27     0.01673175    -0.03256119
36 28     0.02139492     0.04820788
36 29     0.01970359    -0.05543996
36 30    -0.04359757     0.02287366
36 31     -0.1250063    0.006516534
36 32    -0.09101444    -0.02247173
36 33    -0.09193346     0.02806979
36 34     0.09340768     0.02258279
36 35     0.01083484    -0.03053595
36 36     0.08536108      0.1044336
37  0     -0.1536522              0
37  1     0.03940476    -0.07168732
37  2     0.01116892    -0.06475024
37  3     -0.0881531     0.07939996
37  4     -0.0218691     0.09570242
37  5      0.0629271     -0.0499011
37  6    -0.07664815      0.1038384
37  7    0.005933043     0.08588527
37  8    -0.04285797    -0.04785532
37  9     0.02010448    -0.03446977
37 10    -0.03641341    -0.03725488
37 11    -0.06102432      -0.015335
37 12    0.005530613    0.001623368
37 13    -0.01563274    -0.04885947
37 14    0.003981998    -0.01162247
37 15     0.03293168     -0.1244441
37 16    0.002005086     0.05919004
37 17     0.03652446     0.02469122
37 18     0.01107085     0.06593617
37 19    -0.05179188    -0.01975814
37 20    -0.04262295      0.0210369
37 21    -0.05722395    -0.06204254
37 22     0.03158445    0.005056562
37 23     0.02974552    -0.01163978
37 24    -0.06990524     0.03002814
37 25    -0.04589403      0.0113044
37 26      0.1443085     0.03565539
37 27      0.0556524     0.07749946
37 28     0.01242462     -0.1060475
37 29      0.0162735   -0.003828441
37 30     0.06105371     0.04559585
37 31       0.021262    0.001716201
37 32     0.02186763    -0.06748594
37 33    -0.02235393     -0.0799494
37 34    -0.01458265     0.04408966
37 35    0.005554147     -0.1065055
37 36     0.01342033      0.1322428
37 37     0.07859238    -0.05421808
38  0     0.03335358              0
38  1   -0.007608376    -0.03960305
38  2     0.07840662    -0.02511287
38  3     0.01748775     0.04007311
38  4     0.01168337     0.05208152
38  5    -0.09866665     -0.0618727
38  6    -0.04452496    -0.02189811
38  7    -0.02137757     0.07180166
38  8     0.03519934     0.06904114
38  9     0.07086905     0.03711506
38 10     0.01626106      0.0658445
38 11     0.03037795    -0.01175082
38 12     0.06655575    -0.06692205
38 13     0.06521472    -0.01946814
38 14    -0.07765161   -0.001578769
38 15    0.006455979    0.008793389
38 16    -0.04209495   -0.007221634
38 17     0.06316625    -0.03895899
38 18   -0.006955929     0.01573614
38 19      0.0456705      0.0616787
38 20    -0.02642389    0.006433872
38 21    -0.04825528    -0.07777175
38 22      0.1118518    -0.02455791
38 23     -0.1147756    -0.02246679
38 24     0.01863411      0.0574338
38 25    -0.03288198    -0.01911841
38 26     0.02791252    -0.01741416
38 27    -0.03540389    -0.09827481
38 28     0.01221121   -0.001819786
38 29    -0.02910902    -0.06664992
38 30   -0.006690067   -0.009633183
38 31    -0.04801514    -0.02333433
38 32     0.04070565    0.003110702
38 33     0.04558781     0.02851969
38 34      0.0197643    0.003865579
38 35   -0.007205718    -0.02475983
38 36     0.03882988     0.07140088
38 37    -0.00829994    0.005539208
38 38    -0.01571975     0.02660551
39  0    0.009208889              0
39  1     0.04815578     0.05348256
39  2    -0.03552208   -0.004690858
39  3    -0.04207851     0.04458135
39  4     -0.0841162     0.05857929
39  5    -0.08506707     0.05259105
39  6    -0.03469144      0.0257666
39  7    -0.07879581    -0.07267837
39  8     0.02067796      0.1054315
39  9    -0.01132292     0.01715356
39 10     0.06143092    -0.05221014
39 11    -0.01033951    -0.04622073
39 12     0.05574065    -0.01555674
39 13   -0.008660044     0.01575266
39 14    -0.01714318   -0.006727987
39 15     0.03226418    -0.05906234
39 16     -0.0704284     0.06584352
39 17    -0.01098018    -0.06274384
39 18    -0.07731733     0.04700645
39 19     0.06809885     -0.1136653
39 20     0.04239699     0.02987125
39 21    -0.01846528    -0.05413699
39 22     0.06359083     0.02200036
39 23    0.003257527    -0.08138176
39 24     -0.0119249    -0.03070828
39 25     0.04822578     0.05148593
39 26    0.007530231    -0.06580889
39 27    -0.02285666     0.03014664
39 28    -0.05304526    0.005935163
39 29     0.08575287    -0.06180714
39 30   -0.000668562     0.02145377
39 31      0.0126037    -0.03079522
39 32     0.07061616    -0.06688196
39 33     -0.1098399     0.04964077
39 34    -0.01196582   -0.001900018
39 35     0.04842301     0.02784144
39 36    -0.07131825    -0.08078241
39 37     0.04629952    -0.01846895
39 38    -0.01306989     0.01114175
39 39   -0.003152993    -0.01331365
40  0      0.0118514              0
40  1      -0.017133      0.1224612
40  2     0.01026468     0.01491863
40  3    -0.07457113    -0.05478004
40  4    -0.01968034   -0.002210247
40  5    -0.06581898    -0.02913451
40  6     0.05427022     0.02755221
40  7  -2.253112e-05     0.03061345
40  8   -0.008395965    -0.03166577
40  9   -0.009704117    -0.02544479
40 10     0.03386139     0.02930302
40 11     0.07634409    -0.09120727
40 12      -0.014269     0.02336095
40 13     -0.0575649    -0.02641824
40 14     0.01403024   -0.001712081
40 15    -0.05989859    0.001443489
40 16     0.07707255     0.00171856
40 17     0.03792093     0.02894719
40 18      0.0386687     0.09630661
40 19     0.07380225     0.06348488
40 20     0.02514009       0.124403
40 21     0.05280527     0.03426562
40 22    -0.02069003     0.03611012
40 23     0.03514381       0.063001
40 24    -0.03754037    -0.04033215
40 25    -0.04916521     0.04315446
40 26     0.04297379      0.0295582
40 27      0.0321183     0.06416886
40 28     0.01569524     -0.0654386
40 29    -0.04359946     0.02916473
40 30   -0.001917222    -0.03824809
40 31     0.05857247    -0.02761132
40 32    -0.02111302   -0.006842092
40 33     0.03263112     0.03419135
40 34    -0.01206487     0.03897626
40 35    -0.08941596     0.03117328
40 36    -0.03334875    -0.03629634
40 37      -0.110887     0.03216364
40 38     0.05663225     -0.1326678
40 39     0.01977496    -0.03801911
40 40    -0.02287164     0.02357742
