# Love 35 s group velocity model
# from Larson & Ekstrom (1999), for more information, see
# http://www.seismology.harvard.edu/projects/surfwave/LE99-Pageoph
# Spherical harmonics, columns are: l m Alm Blm
 0  0       3.754657              0
 1  0      -12.29338              0
 1  1         9.6124       7.676192
 2  0      -5.594042              0
 2  1       5.931172        9.68681
 2  2       9.396675       2.695634
 3  0       1.392262              0
 3  1      -1.917639       3.266241
 3  2       9.324704      -10.88377
 3  3        2.21925       10.46432
 4  0      -3.092966              0
 4  1      -5.155302      -1.534484
 4  2        6.44385      -4.832198
 4  3       3.884541      -0.566556
 4  4       1.121007      -9.211954
 5  0       5.826895              0
 5  1      -2.252053      -2.364123
 5  2          1.921       1.762649
 5  3       1.571483       2.899737
 5  4      -9.137186      0.8895869
 5  5        1.39782       4.143903
 6  0      -2.949359              0
 6  1      -1.690742       -2.15959
 6  2    -0.06077775       1.989883
 6  3      0.4442478        3.56991
 6  4      -3.668996       3.869235
 6  5      -2.791066      -3.650145
 6  6      -1.910852      -2.682699
 7  0        2.89227              0
 7  1     -0.8049387       2.376385
 7  2      -1.367194     -0.9929149
 7  3     -0.1252043      0.7820286
 7  4       4.318937     -0.7800794
 7  5       0.673996      -1.372051
 7  6       2.144346       2.060135
 7  7     -0.2299033      -1.308665
 8  0    -0.04109365              0
 8  1     -0.1127195      0.5720141
 8  2     -0.2378348    -0.07618506
 8  3     -0.6637949     -0.2078232
 8  4       1.760588       -1.86445
 8  5      -2.475331     -0.9187332
 8  6      0.3767196      -2.649098
 8  7       4.956022       3.525492
 8  8      0.7323427       2.026461
 9  0       3.981927              0
 9  1      0.5346574       1.977239
 9  2       1.391773      -2.282922
 9  3       1.454784     -0.2674132
 9  4     -0.7525598      -1.050392
 9  5     -0.1339317       2.363201
 9  6      0.7252315      -3.523118
 9  7      0.6043092     -0.5521707
 9  8      -2.713933       -2.67146
 9  9      -2.576176      0.1123388
10  0     0.01361253              0
10  1      -0.235947      -1.262159
10  2       2.230206      0.3295026
10  3      -1.131395      -1.263961
10  4        0.48507     -0.0172157
10  5      0.9687567      0.8499732
10  6     -0.2549248       1.253959
10  7      0.6473702      0.8151884
10  8      -2.682582       2.047417
10  9       1.699212     -0.5829264
10 10      -1.493718     -0.1005939
11  0       2.055001              0
11  1       2.932939     -0.3036096
11  2     -0.2297432     -0.9166484
11  3     -0.6082845     -0.5766214
11  4      -1.892746       1.058903
11  5        2.02168      0.7399937
11  6     -0.7628178      0.7604864
11  7     0.03701876     -0.3981029
11  8     -0.6680611     -0.3779888
11  9      -2.927474     -0.4630746
11 10     0.02301444       -1.03937
11 11       1.373896      -1.492903
12  0     -0.1396286              0
12  1     0.05038894      -1.082038
12  2      0.9467367     -0.5730713
12  3      0.8407547      0.1075206
12  4       1.770314     -0.2313849
12  5     -0.9246351     -0.1406704
12  6     -0.8065727      -1.274688
12  7     -0.5513935      -1.250501
12  8       1.959931      -2.039798
12  9      0.6176382      0.3275343
12 10       1.129665     -0.8757984
12 11     -0.4409985      0.6092664
12 12     -0.9179587     0.05640408
13  0       1.057989              0
13  1       1.697852      0.7670265
13  2       1.103013       0.044327
13  3     -0.8198958      0.2410867
13  4      0.5389387      0.8156784
13  5     -0.5872883      0.1038965
13  6       1.025039    -0.07934538
13  7     -0.6367528      -1.371497
13  8       1.122814      0.8300173
13  9     -0.1497403       1.026393
13 10      0.4714167     -0.3321458
13 11      0.2693392      0.3796564
13 12     -0.2649026     -0.1866819
13 13     -0.4567797     -0.4931551
14  0        1.31897              0
14  1     -0.2995739     0.02086277
14  2      0.8685725       1.915231
14  3    -0.07794618     -0.4068363
14  4      0.5945264      0.4763242
14  5      -0.421832      0.5392865
14  6      0.1277457     -0.6069523
14  7      0.4907733      0.1345987
14  8     -0.3880336    -0.09949894
14  9      0.8174514     -0.3542115
14 10      -1.165362      0.1514487
14 11     0.01615216     -0.7697592
14 12       -0.95603       1.461042
14 13     0.02530354     -0.3764163
14 14      0.5608673     -0.5922627
15  0     -0.3116315              0
15  1      0.3684978     -0.4167177
15  2     0.02196942     -0.5134741
15  3      0.1043227      0.6441155
15  4        1.57856       1.277863
15  5      0.2109211       1.029499
15  6       -1.25243      0.2419244
15  7      0.6278654      0.4616348
15  8    -0.06398721     -0.6493687
15  9      0.1057823        1.70726
15 10     -0.5644279      -0.016715
15 11     -0.1530783      0.3107153
15 12       0.430456     -0.1277516
15 13     -0.4503455      -1.227157
15 14     -0.7102631     0.02948285
15 15      0.1988389     -0.1079253
16  0      0.1431224              0
16  1       -1.18465      0.1214058
16  2     -0.1278327      0.4478252
16  3      -1.159517      0.6919896
16  4      0.8204288     -0.4103875
16  5     -0.2889506      0.3518267
16  6      0.7301098     -0.2643956
16  7     -0.7112062        1.28052
16  8      0.2388676     -0.7243707
16  9      0.5557491      -0.687121
16 10      0.1600204      0.2232582
16 11     0.04093032     -0.1079977
16 12     -0.7521395     -0.9094977
16 13       0.479478     -0.1514102
16 14       0.809405      0.5215191
16 15       1.058393     -0.5943148
16 16      0.8065159      0.4227816
17  0      0.2277573              0
17  1     -0.1369975     -0.1436084
17  2     -0.2606044       1.132731
17  3    -0.04550238      0.2255761
17  4     -0.5403943      0.8774567
17  5     -0.3752177     -0.3418652
17  6       1.273304     -0.4974839
17  7     -0.8717204    -0.06454764
17  8     -0.1053924       0.285581
17  9    -0.04952573     -0.2349298
17 10      0.2323843     -0.2305035
17 11     -0.9652325      0.5595846
17 12     -0.1108315      -0.375563
17 13       1.281074     -0.7570181
17 14    -0.05527198      -1.157283
17 15      0.2140432      0.9072592
17 16      0.8852237    -0.07461195
17 17     -0.9544012     -0.5161608
18  0     -0.3213312              0
18  1      0.4204703     -0.6996356
18  2     -0.2947277     -0.3469192
18  3     -0.2867728      0.8666905
18  4       1.057158      0.4257325
18  5     -0.4825386     0.06527147
18  6      0.2406848      0.8022378
18  7      -1.043901    -0.07032036
18  8     -0.2366609      0.6146605
18  9     0.02559735      0.8043436
18 10       1.410408     -0.1821696
18 11     -0.5700034      0.5202437
18 12     -0.1478148      0.7943531
18 13      0.1822301     -0.3721025
18 14     -0.8446203      0.3763549
18 15      0.6697362      0.2364045
18 16     0.05668114     -0.6138403
18 17     -0.6851888     -0.2651505
18 18     -0.2164853      -0.529124
19  0    -0.06447198              0
19  1      0.9677367     -0.4374306
19  2     0.07321684      0.3462842
19  3     -0.9367104      -0.589376
19  4     -0.0978936     -0.6255885
19  5      0.9282861      0.1796634
19  6     -0.2716947      0.3408095
19  7     0.02173573      0.5320423
19  8       1.053998      0.9798874
19  9    -0.01683811     -0.7836255
19 10     0.02651102      -1.050171
19 11     -0.7874371      0.3013194
19 12     -0.2114022      0.2824415
19 13     -0.6755034     -0.5084863
19 14      0.1151371    -0.06381176
19 15     0.05596917     -0.2715793
19 16      -1.055846     -0.6519642
19 17       -0.10238      -0.110424
19 18     0.07509538      0.5684726
19 19     0.05969645       1.325092
20  0      0.5655171              0
20  1     -0.4103194     -0.9817276
20  2     -0.4244232      0.7184063
20  3      -0.848983     -0.3375182
20  4        1.05129      0.3773995
20  5     -0.5116017      0.2359856
20  6      -1.028211     -0.3581673
20  7     -0.3425059     -0.2774179
20  8      0.1584429     -0.1590231
20  9     0.09170523      -0.112908
20 10      0.3935285      0.1518403
20 11      0.9525719      0.5817038
20 12     -0.1997335      0.1565443
20 13        0.52457      0.2080675
20 14      0.2909081      0.2402886
20 15     -0.2582129     -0.2560764
20 16      0.1839694      0.3752016
20 17     -0.3893642      0.3096236
20 18     -0.3818818     -0.2814142
20 19     -0.3745898     -0.3367391
20 20     -0.2115089      0.7626309
21  0      0.2751232              0
21  1     -0.3383838     -0.8091519
21  2     0.01811326      0.4082746
21  3     -0.2021547    -0.02326461
21  4      -0.223759      0.3920085
21  5     -0.5376817        0.61099
21  6    -0.03585489        0.17826
21  7     0.08641126      0.6794122
21  8     -0.4631394     -0.1870416
21  9      0.2807113     -0.3435262
21 10    -0.02928483      0.3240531
21 11      0.9049484     -0.2284208
21 12     -0.8116326      0.2409481
21 13      0.9962047     -0.1991875
21 14      -0.232626     -0.7002515
21 15     -0.6270264      0.4659933
21 16      0.5940187     -0.3071498
21 17     -0.4215927      0.1025673
21 18     -0.1028143    -0.02937468
21 19      0.1878962     0.04145952
21 20     0.07066558     -0.2009835
21 21     -0.1836738     -0.2261856
22  0    -0.07332496              0
22  1     -0.0701621     0.00651813
22  2     -0.1816178      0.5315387
22  3     -0.4993915      0.4887761
22  4     -0.0981001      0.9501042
22  5     -0.3679316      0.2233838
22  6     -0.7203245       -0.49727
22  7     -0.2925577      0.2705896
22  8     -0.2069101       0.444896
22  9     -0.6301445      0.8634766
22 10      0.8142738     -0.3359413
22 11      0.2431661      0.9463297
22 12       0.310882     -0.3928075
22 13     -0.3050184       1.106815
22 14     0.09909739     -0.4221775
22 15     -0.4511609      0.2893225
22 16      0.1372433      0.1137922
22 17      -0.284277      0.3081084
22 18      0.1818867     -0.1545866
22 19    -0.06119084     -0.3392166
22 20      0.2631067      0.1619505
22 21     -0.8846664       0.165363
22 22      0.6612878     -0.3146469
23  0     -0.4953029              0
23  1     -0.4637786     -0.2118718
23  2     -0.1902064    -0.04717894
23  3      0.2096724      0.2668228
23  4       0.226301     0.06294649
23  5    -0.07565279     -0.4905178
23  6    0.005791843    0.006962238
23  7     -0.2160033      0.1624366
23  8     -0.5289286     -0.3861372
23  9      -0.383422      0.3118993
23 10      0.2726743      0.1621726
23 11    -0.09166731     -0.1483539
23 12       0.483624     -0.1158578
23 13     -0.3701159     -0.3751921
23 14     0.06127731     0.08474401
23 15      0.2689368     0.02156017
23 16      0.3579984     0.01866333
23 17     -0.2381071     -0.6677194
23 18      0.5115986     -0.3440157
23 19      0.3870298     -0.6375732
23 20     0.07298091       1.288358
23 21    -0.01221117      0.4054884
23 22      0.8426301      0.8259348
23 23       0.168856    -0.06897063
24  0      0.3721344              0
24  1     -0.6146083     0.08278288
24  2      0.3871946      0.5613436
24  3     -0.4780582     -0.4889561
24  4      0.1619678      -0.439568
24  5     -0.5233632     -0.4317609
24  6     -0.4640455      0.2623449
24  7     0.01544829     -0.4358871
24  8      0.2013547     -0.1560072
24  9     -0.5866767     -0.3233366
24 10     -0.1204857     -0.4305889
24 11      0.5068014     -0.4655739
24 12      0.5731941       0.312306
24 13    -0.08888789     -0.1123312
24 14      0.3348366     -0.1159648
24 15     -0.1079516     -0.1201275
24 16      0.2129517     -0.1467506
24 17     -0.2147815      0.1445066
24 18      0.2646649      0.2197578
24 19     -0.3864778     -0.1418759
24 20    -0.06414852    -0.01928348
24 21      0.3750787      0.4357815
24 22      0.3221395      -0.192331
24 23     0.01143971      -0.717694
24 24      0.3428076     -0.3102301
25  0      0.3248838              0
25  1     -0.1654201     -0.4309058
25  2     0.07637978   0.0006653607
25  3     -0.6609085     0.03661294
25  4      0.8766006    -0.03480582
25  5      -0.461966      0.6916943
25  6     -0.3588004     -0.1016631
25  7      0.4623854     -0.2787117
25  8     -0.5873091      0.2637556
25  9     -0.4578588      0.6964925
25 10      0.1055701    -0.01268955
25 11     -0.1361011   -0.001409133
25 12      0.1485437      0.2513438
25 13     -0.1753144     -0.5824448
25 14     0.09011129     0.08769397
25 15      -0.371982     -0.5562281
25 16      0.2644257     -0.1738562
25 17     -0.1371955      -0.380804
25 18     -0.3472133     -0.1818906
25 19     -0.7614993      0.1603716
25 20      0.7017608      0.1618293
25 21     -0.5026157      0.2902283
25 22      0.5197403   -0.001942611
25 23      0.3500133     -0.6873872
25 24    -0.02888104      0.3641212
25 25      0.1378556     -0.2541429
26  0      0.2446903              0
26  1    -0.09913637     -0.4505544
26  2   -0.003653846     -0.4911013
26  3      0.7020743     -0.3748681
26  4     -0.3983169     -0.0456366
26  5     -0.4197304      0.7863399
26  6    -0.08805924      -0.320771
26  7     -0.4563304     -0.7070605
26  8    -0.02606819     0.05932439
26  9     -0.5613833     0.06772122
26 10     0.05798118     -0.2838597
26 11     0.02092978      0.4791607
26 12      0.1837117      0.4504295
26 13      0.1349646      -1.067737
26 14    -0.04240433     -0.4735585
26 15      0.2474411      0.5936149
26 16     0.06539099       0.260046
26 17     -0.7002602      -0.733309
26 18      0.2784521      0.4961852
26 19     -0.4138005     -0.1402875
26 20     -0.0378925      0.4296387
26 21     -0.1671257     -0.2922187
26 22      -1.200973     -0.2292753
26 23      0.6196388     -0.5800033
26 24     -0.5613024      0.7872453
26 25     -0.5591905      0.4868764
26 26      0.8910853     -0.3464508
27  0     -0.2404587              0
27  1     0.05693405      0.3581515
27  2     -0.0655719     -0.3011096
27  3    -0.09835648      0.3784961
27  4     -0.1243213      0.0310226
27  5     -0.5153113      0.1882274
27  6     -0.6377483      0.2203395
27  7     -0.3332286      0.3605093
27  8     0.09227249     -0.2814521
27  9     -0.5095645     -0.3299913
27 10    -0.01791877    0.006431442
27 11     -0.5023059      0.4760254
27 12      0.2859218     -0.1780884
27 13      0.1888699      0.6093512
27 14     -0.3283408     -0.1271445
27 15     0.03708506      0.6289651
27 16     0.09746709      0.1995209
27 17      0.1078782      0.3338492
27 18     -0.5623063      0.2260436
27 19     -0.2803462     -0.4139534
27 20     -0.3023093      0.1646549
27 21     -0.2745515     -0.2403251
27 22      0.2072573     -0.6624804
27 23     -0.4437497     0.07121371
27 24    -0.03482374      0.1637721
27 25     -0.1113262    -0.05856157
27 26      0.2300589      0.4830299
27 27     -0.2091832     -0.3949624
28  0     -0.0801519              0
28  1      0.6658722      0.4297354
28  2      0.2545481     -0.2691055
28  3     -0.2455017    -0.01621325
28  4      0.2160417      0.5900476
28  5      0.4452878     -0.4514929
28  6      0.4595056    -0.07253349
28  7     -0.2575278      0.3536166
28  8     -0.2779004      0.1290199
28  9     -0.2659604     0.08382199
28 10     -0.2499424      0.2682745
28 11      -0.299684     0.07534309
28 12      -0.218048       0.270051
28 13      0.4324849     -0.1448807
28 14      0.6140163     -0.4718531
28 15     0.09334823     -0.1259836
28 16     0.03390409      0.4329166
28 17     0.09756777      0.8382137
28 18       0.122132     -0.3134702
28 19     0.09010258      -0.162265
28 20     -0.4356487     -0.1086747
28 21      0.6100117      0.3773611
28 22     -0.2412288     0.05968692
28 23      0.2558889     -0.1403068
28 24      0.8586851       1.020571
28 25     -0.3641146    -0.04912327
28 26      0.5936132     -0.1010854
28 27      0.1407309     0.07309763
28 28     -0.0529725      -0.405473
29  0      0.4976045              0
29  1     -0.4214893     -0.4246202
29  2     -0.4719923      -0.347777
29  3     -0.2734155     -0.2060374
29  4     -0.6062462     0.07853815
29  5      0.2163097       0.523533
29  6      0.3547928     -0.7377824
29  7      0.6768102     -0.5732793
29  8     0.08126327      0.4101447
29  9      -0.487632    -0.02432718
29 10     -0.2968145      0.1247223
29 11      0.3382588     0.07320353
29 12     -0.1126631      0.4519044
29 13      0.3817796      0.1360206
29 14      0.1332585      -0.279476
29 15      0.4019428    -0.02458834
29 16    -0.05397831    -0.01520549
29 17      0.2154338      0.3452948
29 18     -0.2608271     0.04780664
29 19     -0.4480016     -0.2279273
29 20     -0.2344736     0.07663597
29 21       0.223456      0.4229687
29 22      -0.353824      0.2857093
29 23     -0.4482559      0.3841312
29 24     0.09320918     0.07658964
29 25     -0.4097059    -0.03902122
29 26      0.2555641     0.08664833
29 27     -0.1529939      0.3275898
29 28      0.7087277     -0.3427311
29 29    -0.01126737    -0.09027977
30  0      -0.348656              0
30  1     -0.1235925     -0.1665555
30  2     0.02305054     -0.1313578
30  3      0.1367549     -0.6338093
30  4     -0.3597857     0.02551233
30  5     0.03075959       0.456305
30  6     -0.7641577     0.04105508
30  7      0.6684937     -0.6634442
30  8      0.2342063     -0.2942586
30  9     -0.3821595      -0.196308
30 10      0.5081889    -0.05704951
30 11     -0.2455978     -0.1591671
30 12      0.4334046     -0.2719078
30 13     0.06529225      0.1445007
30 14      0.1173701      0.3284147
30 15     -0.3181042      0.2741372
30 16    -0.01641621     0.02012068
30 17    -0.04770754    0.001029113
30 18        0.10927      0.2772744
30 19     -0.3528421       0.416405
30 20     -0.6681437     -0.1132471
30 21      -0.156315     -0.7906237
30 22     -0.4056922      0.2801567
30 23      0.5098194     -0.6267615
30 24     -0.3100115     -0.4969487
30 25     -0.7128394     -0.4379584
30 26     -0.3813419     -0.4628082
30 27      0.2090707     -0.1416694
30 28      0.1303588     -0.2490379
30 29      0.0169062      0.1667042
30 30     -0.4138717       0.149099
31  0      0.2583746              0
31  1     0.01231699       0.296199
31  2      0.6150374    -0.09191602
31  3   -0.004253861     -0.2880138
31  4     -0.7861236     0.04164522
31  5      0.2221041      0.1625142
31  6     -0.1847057      0.5609148
31  7    -0.01668245     -0.2058217
31  8      0.3524453      0.3858735
31  9      0.1244488     0.04765221
31 10    -0.08017372     -0.3868144
31 11     -0.4381229     -0.4116648
31 12      0.2353721      0.2150873
31 13      0.2362695      0.1795825
31 14      0.2624995     -0.2101692
31 15    -0.04812044      0.3559348
31 16     -0.1177692      0.3847823
31 17     -0.5058043      0.2271727
31 18      0.5615704     -0.3217628
31 19      0.3408142      0.5624212
31 20     -0.4809679      0.3259957
31 21     0.05023357      -0.129834
31 22    0.007498215     -0.4210422
31 23     -0.3950756      0.2595219
31 24      0.3649468     -0.1870863
31 25   -0.006632715     -0.1998521
31 26     -0.2780708    -0.03092055
31 27       0.193483     0.05394956
31 28      0.4367046     -0.5794318
31 29    -0.08286527     -0.3709723
31 30     -0.1678746     -0.2491073
31 31      0.3297643     -0.4253764
32  0      0.2503949              0
32  1     -0.2250877      0.2887708
32  2    -0.07712661    -0.07740864
32  3     -0.2762332     -0.5970119
32  4      0.1153023      0.2419946
32  5     0.07418948       0.470301
32  6      0.4294577      0.3487164
32  7     -0.1205661    -0.09454653
32  8      0.3543219      0.2578703
32  9      0.1347403      0.6586848
32 10     -0.3416671     -0.2082566
32 11     -0.5166577     -0.2492094
32 12     -0.1325019      0.4361554
32 13     -0.2310135      0.7286023
32 14      0.6008831     -0.2716663
32 15     -0.1078058      0.5890703
32 16      0.6340177        0.13327
32 17     -0.5793749      0.5881636
32 18      0.2653627     -0.1393679
32 19      0.2718188    -0.02242569
32 20     0.04433192     -0.2352368
32 21      0.1976908    -0.02459113
32 22     -0.2306687    -0.06457474
32 23     -0.2172323      0.5741569
32 24      -0.180453     0.09636329
32 25     -0.2008041    -0.09466957
32 26     0.07739638     0.01570434
32 27      0.1043511    -0.01077699
32 28     -0.4152142     0.04204932
32 29     -0.6267241      0.3466371
32 30      0.4090528     -0.4939881
32 31      0.2948365      -0.292675
32 32      0.3610208    -0.04122093
33  0     -0.1057438              0
33  1     -0.4721541    -0.04596388
33  2     -0.3141685     -0.5587078
33  3     -0.7649223     -0.3466949
33  4      0.4401872      0.1005895
33  5     -0.2882643      0.3024912
33  6   -0.005848846      0.3455574
33  7       0.612949     -0.6001872
33  8      0.3234609     -0.4682354
33  9     0.06912083      0.7428212
33 10    -0.04467826     -0.8922186
33 11     -0.3902326      0.2359356
33 12    -0.05892427     -0.1012958
33 13      0.2318481      -0.343962
33 14      0.2312926      0.3077038
33 15     -0.5750685        0.36524
33 16     -0.0839165     -0.0881308
33 17     -0.2876319      0.2310877
33 18     -0.3379305     -0.2123106
33 19     -0.7405254      0.2923853
33 20    -0.01123264     -0.2800534
33 21      0.2340308      0.2541724
33 22     -0.1285581    0.004978482
33 23     -0.1994017      0.4597432
33 24     -0.4959772     -0.3514406
33 25     -0.2534623     -0.1073233
33 26      0.2957498     -0.1128208
33 27     0.02618657      0.1691023
33 28     0.04206664     -0.2391538
33 29     -0.4442048     0.08545601
33 30     -0.0554313   -0.005640774
33 31    -0.02369965      0.2138447
33 32      0.1714659     -0.2929109
33 33     -0.4719969      0.8542733
34  0    -0.01436116              0
34  1      0.3635293     0.01140629
34  2     0.05608967      0.1329115
34  3     -0.5256315     -0.2297472
34  4      0.2168413      0.1437753
34  5    -0.06751247     0.03818065
34  6    -0.05475681      0.3049353
34  7     -0.1040787     -0.4978849
34  8      0.1424702      0.1944917
34  9      0.1590632      0.3086709
34 10      0.1022379      0.1498194
34 11     -0.1837017      0.0918413
34 12      0.4674702       0.157182
34 13       0.131781     -0.3002093
34 14   -0.003048348     -0.1188413
34 15     -0.1374979     -0.4071239
34 16     -0.2522657      0.3420667
34 17     -0.0654799     -0.1310177
34 18    -0.05580441      -0.065903
34 19     -0.1482213     -0.2563734
34 20    0.004866437     0.08853125
34 21     -0.3569425      0.2374829
34 22      0.1905185     -0.3269956
34 23     -0.1137831     -0.3317285
34 24    -0.05458006     -0.1253559
34 25     -0.1954327      -0.226456
34 26      0.4351553     -0.0513324
34 27      0.2353356     0.04094998
34 28     0.01794212      0.1477328
34 29    -0.07991636      0.1421995
34 30      0.1963418     0.08711319
34 31       0.404735     0.06201091
34 32     -0.3584194     0.05874388
34 33     -0.1594987     0.00421206
34 34     -0.6350051     -0.2701394
35  0      0.1404269              0
35  1      0.7047682    -0.07551082
35  2     -0.3332419      0.2029599
35  3     -0.1569196      0.2263022
35  4     0.04339504      -0.103993
35  5       0.475021       0.344427
35  6     -0.1706267     -0.3585566
35  7     -0.5103797      -0.302344
35  8     -0.1136896     -0.2517315
35  9     -0.5620256     -0.1487448
35 10     -0.1695155     -0.1326607
35 11      0.4962214    -0.08490879
35 12     -0.3371451       0.418684
35 13    -0.02642983     0.03095029
35 14      0.2976955      0.1336919
35 15      0.2103649     0.03133782
35 16      0.1673513      0.2926731
35 17      0.3811772      0.1604459
35 18      0.1043167     -0.1996763
35 19     -0.1124148     0.07855424
35 20      0.3574094     0.08180282
35 21      -0.150559   -0.003223177
35 22  -0.0004492665   -0.003752413
35 23     0.06928957      0.1758081
35 24     -0.1150009     -0.2610609
35 25     -0.3144353      0.3804941
35 26      0.2434118     -0.2721903
35 27    -0.01084353      0.2603433
35 28    -0.05651347      0.5549755
35 29     -0.2696469     -0.2316895
35 30      -0.199735     0.08796144
35 31      0.3197384      0.4390311
35 32      0.1865661      0.1709252
35 33      0.5808344      0.2627768
35 34     -0.2350295      -0.313039
35 35      0.1395219     -0.1593088
36  0     0.05001838              0
36  1      0.3578851   -0.007926618
36  2      0.2751458      0.1948001
36  3      -0.126089    -0.02280207
36  4     -0.1757101    -0.05435954
36  5     0.05117955    -0.03303912
36  6    -0.08481071     0.06222193
36  7     -0.2609376     -0.2472555
36  8      0.2203258      0.1837498
36  9      -0.581171      0.2010573
36 10     -0.4436807      0.1725189
36 11     0.01730892     -0.1517096
36 12      0.4053251      -0.148598
36 13     -0.6429547     -0.4103202
36 14     -0.1929205      0.4956389
36 15      0.1043768      0.2584713
36 16       0.347019     -0.4186595
36 17      0.3531613       0.338464
36 18      0.1958355     0.06939124
36 19     -0.1232445      0.4671619
36 20     -0.1316943     -0.2690887
36 21    -0.06518312      0.2650222
36 22     -0.2305869     -0.1695566
36 23     -0.1576601       0.376779
36 24     0.03325244       0.222249
36 25       0.197116     -0.3627588
36 26      0.0691978    -0.01887735
36 27     -0.3633404       0.187371
36 28      0.7346374      0.1179952
36 29     -0.3384776      -0.560801
36 30      0.1641372      0.2028051
36 31      0.2143318      0.1039158
36 32     -0.6284881     -0.3079538
36 33     -0.2850121      0.1239607
36 34       0.347885     -0.2594351
36 35      0.1377306     0.07620794
36 36       0.344557     -0.1732712
37  0      0.3326145              0
37  1     -0.1797332    -0.04538725
37  2     0.03245587    -0.01953803
37  3     0.09302196     -0.4450351
37  4    -0.02008077      0.1169692
37  5     0.01807783    -0.03785921
37  6     0.01257497     -0.2891874
37  7      -0.250633     0.08665914
37  8     -0.1151331     -0.1714656
37  9       0.292255      0.4821995
37 10     -0.1068953      0.1600299
37 11      0.2242241      0.2010007
37 12      0.2623214     0.02282343
37 13      0.2071054      0.3259005
37 14     -0.1031843     0.05551573
37 15      0.4382831      0.1724744
37 16      0.3086588     -0.2634235
37 17      0.2158555     -0.2412178
37 18    -0.07982085      0.1475867
37 19      0.5400395      0.2496054
37 20     -0.4715177    -0.03184145
37 21      0.2432651      -0.125636
37 22     0.09662265     0.05144305
37 23     0.07003558    -0.02450671
37 24      -0.356234      0.1840984
37 25      0.3264639      0.4845021
37 26     -0.3226458     0.08249258
37 27      0.7693622      0.6022742
37 28    -0.08978204     0.02770152
37 29      0.2696134     -0.2917761
37 30       0.218225     -0.2500649
37 31      0.3801162     0.07918635
37 32      0.3391774    -0.03788942
37 33     -0.2167849     -0.3443547
37 34     -0.4442371     -0.2027031
37 35      0.3879918     -0.1027899
37 36     -0.2136543    -0.07282534
37 37     -0.1859273      0.1920905
38  0      0.0825695              0
38  1    -0.01626745     0.04664809
38  2      0.2215153     0.07018008
38  3      0.1599512      0.5238132
38  4     -0.2718537     -0.2492872
38  5      0.1028433      0.2220114
38  6     -0.1072157     0.06282697
38  7    -0.06595367      0.6738368
38  8   -0.005045227     -0.5435671
38  9      0.2053933     -0.1330106
38 10        0.35267     -0.2984535
38 11     -0.3648388     -0.2552652
38 12     0.05204026      -0.204748
38 13     -0.2165122      0.3714296
38 14      0.2249124     -0.2423183
38 15     0.01754757     0.09566666
38 16     -0.2758711      0.1513365
38 17      0.3592042      0.2023831
38 18    -0.05088153      0.2387379
38 19    -0.05783435      0.0405774
38 20     -0.4794448      0.1175254
38 21     0.05241153    -0.08986983
38 22     -0.1027332    -0.03957893
38 23     -0.2150982     -0.2184994
38 24   -0.002584264      0.4043972
38 25      -0.357473    -0.01620805
38 26     -0.3661819      0.4325595
38 27     -0.2180389      0.2032375
38 28      0.1599033      0.2068162
38 29      0.3016838     -0.1904725
38 30     -0.3343491     -0.1558231
38 31      0.2558921      0.1682402
38 32    -0.03347325    -0.04009067
38 33      0.4127345     -0.2883117
38 34      0.3642569      0.2822717
38 35     -0.1161027      0.3188673
38 36     -0.2197428     -0.4187631
38 37      0.1562002      0.3023483
38 38     0.01457297     -0.2951922
39  0     -0.3023499              0
39  1     -0.2582271    -0.08086041
39  2      0.5586315      0.1291954
39  3     -0.4377556      0.5133895
39  4     -0.2679633     -0.3443559
39  5      0.5632284     -0.1425859
39  6      0.2604385     0.04738571
39  7      0.1001765      0.2568318
39  8      0.1300017     0.04539277
39  9     0.02635175     -0.1495915
39 10     -0.1027302     0.03792515
39 11       -0.25023     -0.3811647
39 12    -0.03873054      -0.245878
39 13     -0.1104642      0.3724645
39 14     -0.1234737      0.2046473
39 15     0.03227969     -0.1643173
39 16      -0.113203      0.1950851
39 17     -0.4020203      -0.094135
39 18     0.02749056      0.5003644
39 19     -0.4363465     -0.2340904
39 20     -0.2678026      0.3192883
39 21    -0.04722805      -0.230458
39 22      0.2274228     0.06122922
39 23     -0.5903971     0.01321791
39 24     0.02327335     0.07202073
39 25     -0.1793742    -0.09025835
39 26      0.0709298     -0.1034921
39 27    -0.04068868     -0.1889186
39 28    -0.04087427      0.1257238
39 29      0.1129316     -0.1821759
39 30      0.4646725      0.4913174
39 31      0.2138366      0.2235118
39 32      0.1015763    -0.07033058
39 33   -0.005530328      -0.294834
39 34      0.2633972    -0.05109482
39 35      -0.286993      0.4564126
39 36     -0.4300613      0.2687129
39 37     -0.5059116    -0.02955518
39 38    -0.02689752     -0.0672222
39 39     0.08452257     -0.1185867
40  0    -0.09730972              0
40  1     -0.7008396     -0.2804355
40  2     -0.1400884    -0.05040752
40  3     -0.2826225      0.2319923
40  4     -0.2935139     -0.1399676
40  5     -0.2137707      0.4086476
40  6      0.5305157     0.01712886
40  7     -0.2734699      -0.146475
40  8     0.04015116     -0.2389295
40  9      -0.456787     -0.1307274
40 10     -0.1535991      0.3557809
40 11     -0.1273576     -0.2332997
40 12     -0.1585949     -0.2714977
40 13      0.1794489       0.442792
40 14    -0.05050896     -0.0326187
40 15     -0.4279313     -0.1474037
40 16      0.4331873      0.1098705
40 17     -0.1861085     -0.5119352
40 18      0.2806948     -0.2208852
40 19     0.06505332      0.2924739
40 20      0.3192259     -0.2431022
40 21      0.2761021      0.3008645
40 22      0.4806969       0.100412
40 23      0.1193524      0.1991382
40 24     -0.1478251     -0.4386879
40 25     -0.1636233      0.1597216
40 26     -0.1004794     -0.3576856
40 27     0.09099241     -0.1712438
40 28      0.8486227     -0.1538402
40 29    -0.03234329     0.08329315
40 30   -0.001170861        0.36137
40 31      0.6573479     -0.1757527
40 32      0.0851552      0.4066497
40 33     -0.2480993      0.0841208
40 34      0.3456219      0.1826496
40 35     0.04790868     -0.2042308
40 36     -0.4696921      0.3701019
40 37     -0.1549328    0.007437604
40 38     -0.5162534      0.3357975
40 39    -0.06959389      -0.352994
40 40    -0.09905358       0.488361
