# Love 40 s group velocity model
# from Larson & Ekstrom (1999), for more information, see
# http://www.seismology.harvard.edu/projects/surfwave/LE99-Pageoph
# Spherical harmonics, columns are: l m Alm Blm
 0  0       1.107738              0
 1  0      -10.24894              0
 1  1       7.852633       6.096981
 2  0      -4.430499              0
 2  1       5.525008       8.534361
 2  2       8.210782       2.214246
 3  0       1.090819              0
 3  1      -2.212681       3.352643
 3  2       7.547432      -9.353898
 3  3       1.920267       8.588676
 4  0      -2.221748              0
 4  1      -3.671005       -1.24086
 4  2       5.969806      -4.091908
 4  3       3.489016      -1.121935
 4  4      0.8867315      -7.569149
 5  0       5.000682              0
 5  1      -1.869257      -2.414427
 5  2       1.528032       1.015674
 5  3       1.379468        1.64997
 5  4      -7.684219      0.9499691
 5  5      0.9160435       3.394878
 6  0      -1.888441              0
 6  1     -0.8468673      -1.985936
 6  2     -0.4567415       2.473413
 6  3     -0.3553385       2.798044
 6  4      -2.526064       3.446994
 6  5      -2.380367      -3.342103
 6  6       -1.75586      -1.516775
 7  0       1.624162              0
 7  1     -0.2048144       2.477294
 7  2      -1.200334     -0.8791887
 7  3     -0.3056295      0.6676814
 7  4       2.961889     -0.6622666
 7  5      0.3272628      -1.029117
 7  6       1.552821       1.617425
 7  7      0.1364016      -1.616391
 8  0      0.1533929              0
 8  1      0.2004739      0.4889896
 8  2     -0.5723639      0.6097451
 8  3     -0.2973601     -0.6895724
 8  4       1.029426      -1.858364
 8  5      -1.133445    -0.02719905
 8  6     -0.5388098      -2.315222
 8  7       4.116314       2.448035
 8  8      0.9719354       1.565742
 9  0       2.902303              0
 9  1      0.2923537       1.878544
 9  2       1.128715      -2.123305
 9  3    -0.01035864      0.1721819
 9  4     -0.3918211     -0.7741159
 9  5     -0.6696892       1.798045
 9  6      0.9416328      -2.390756
 9  7       0.983746     -0.6359214
 9  8      -2.937684      -1.895111
 9  9      -2.513957     0.07605229
10  0      0.4523536              0
10  1     -0.1434979     -0.5044566
10  2       2.192186      0.3762396
10  3     -0.9556376     -0.8653963
10  4       1.088095    -0.09363087
10  5      0.4907711      0.1951726
10  6      0.0664391       1.166959
10  7      0.1005529      0.3960505
10  8      -2.192307       1.271845
10  9       1.683832     -0.6409177
10 10     -0.6201152      0.1329039
11  0        1.45494              0
11  1       2.635859     -0.9864889
11  2     -0.3334878     -0.7587726
11  3     -0.2889557     -0.6201566
11  4      -1.950208      0.9882099
11  5        1.50447      0.5279286
11  6     -0.5496823      0.5624359
11  7      0.2736205     -0.2404622
11  8      -0.805155     -0.7309881
11  9      -2.421112      0.4388519
11 10   0.0009858042     -0.1303907
11 11       1.394864      -1.217091
12  0     -0.3824836              0
12  1    -0.07961705      -0.858724
12  2      0.7813725      0.1143081
12  3     -0.3183373      -0.377149
12  4       1.465537    -0.00209862
12  5     -0.6214334      0.0518649
12  6     -0.6078962     -0.8031225
12  7      -1.312488      -1.164333
12  8      0.9638489     -0.8256721
12  9        1.23042   -0.009994686
12 10      0.6791333     -0.5607423
12 11      -0.437398     0.07056464
12 12     -0.4908997      0.6332593
13  0      0.2523927              0
13  1      0.8390198      0.8274022
13  2      0.8220806     -0.2550234
13  3     -0.9550773      0.2222269
13  4     0.03744648      0.2762387
13  5     -0.5827862     0.09029335
13  6     0.03806845      0.2310223
13  7     -0.2421726      -1.027916
13  8      0.9668813      0.2186688
13  9    -0.06965669      0.8398442
13 10      0.3923622      0.4438376
13 11    -0.07499898      0.2603561
13 12      0.2220399     -0.7085173
13 13     -0.4848749     0.07022882
14  0      0.7271287              0
14  1    -0.01103358     0.09411138
14  2      0.7479559        1.11744
14  3     -0.3797921       0.174514
14  4     0.03172211      0.2894669
14  5     -0.4217751      0.4556787
14  6     0.01314415     -0.8139281
14  7      0.5466051     -0.0385062
14  8     -0.2630616      0.2657445
14  9       0.158828      0.2414422
14 10    -0.00132918     -0.1253098
14 11    -0.03086727     -0.9999974
14 12     -0.3703658       1.461578
14 13      0.2558304     -0.2492941
14 14      0.1517083     -0.1012932
15  0     -0.4544742              0
15  1      0.5685692      -0.104431
15  2     -0.2879105     -0.2556929
15  3     -0.3215686   7.887724e-05
15  4      0.8542218      0.8887894
15  5      0.1778942      0.2500515
15  6     -0.4189057      0.4824759
15  7      0.1191231      0.2617894
15  8      0.1349871     -0.3643305
15  9      0.9443684       0.870529
15 10     -0.3974024     -0.2966821
15 11     -0.1637293     0.03891932
15 12     0.04770282     -0.5093843
15 13     -0.1253433     -0.6513721
15 14     -0.2022847      0.4300648
15 15      0.4205108     -0.3912008
16  0      0.2297293              0
16  1     -0.6347069     -0.7543672
16  2      -0.364675      0.5442584
16  3     -0.9117776      0.1065458
16  4      0.4490368      -0.250135
16  5      0.1620953    -0.05762442
16  6        0.45161     0.09039027
16  7     -0.3042031      0.6938712
16  8      0.5057595     -0.2752965
16  9     -0.2776642     -0.2905027
16 10     -0.2046918      0.5321972
16 11      0.1462034     -0.1367387
16 12     -0.1657759     0.05193871
16 13      0.4110489     -0.4798488
16 14       0.673563      0.3377543
16 15      0.6547496     -0.4094455
16 16     -0.4254064      0.6329651
17  0      0.4018009              0
17  1     -0.4874315      -0.491481
17  2     -0.2014211      0.8867027
17  3      0.4237643      0.3790911
17  4     -0.1133857      0.1648895
17  5     -0.8951135     -0.1783505
17  6      0.5549096     -0.3219162
17  7     -0.7980065     0.04034176
17  8     -0.3604131     0.03675526
17  9     -0.4203684       -0.33826
17 10      0.1972913     -0.2588268
17 11     -0.4595934      0.5972205
17 12     0.07472809     -0.2497196
17 13      0.7191046     -0.6018188
17 14     -0.1861161     -0.6443248
17 15      0.3256985      0.4512273
17 16      0.6495652    -0.01111547
17 17     -0.3085688     -0.5283849
18  0     0.02268267              0
18  1      0.2352658     -0.5118597
18  2     -0.1298502     -0.4249902
18  3     -0.5625772      0.5301854
18  4      0.4296515      0.4330368
18  5     -0.2143029     -0.1167673
18  6      0.5058618     0.09835018
18  7    0.001462423      0.2634804
18  8     0.06080223    -0.01647495
18  9     -0.3700116      0.7736874
18 10       0.913621    -0.02254203
18 11     -0.3354321       0.144936
18 12     -0.2942024     0.05458925
18 13       0.151002      -0.437318
18 14     -0.5668469      0.7039518
18 15    0.004020655     0.01169177
18 16      0.1322918     -0.3051496
18 17     0.01182054     -0.1697327
18 18     -0.4709346     -0.2816269
19  0     0.01122637              0
19  1      0.5870697    -0.02081574
19  2      0.3874672      0.5190493
19  3     -0.5014378      0.1409498
19  4     -0.2319573     -0.1023055
19  5      0.4654044   -0.007301826
19  6      -0.291413      0.1707621
19  7    -0.02656951      0.2053337
19  8      0.1842858      0.6228889
19  9      0.1926866    0.001356016
19 10     0.07940637     -0.5539688
19 11     -0.5533405        0.10967
19 12      -0.146224    -0.03101971
19 13    -0.09630808      0.1711431
19 14      0.1919949    -0.03234062
19 15      0.1226152     -0.1497155
19 16     -0.1724315    -0.04321361
19 17     -0.5469062      -0.379059
19 18     -0.2685948      0.4657525
19 19     -0.2658038      0.5441496
20  0      0.1265253              0
20  1     -0.1324814     -0.6616671
20  2     -0.3564853      0.4793954
20  3     -0.7002606    -0.06693965
20  4       0.394892      0.0457501
20  5     -0.4417292      0.3220607
20  6     -0.7773499    -0.07142267
20  7      -0.474488    -0.06368355
20  8      0.7329367      0.5129635
20  9      0.1319669     -0.2649604
20 10     0.03388808     -0.1800938
20 11      0.6937556      0.3694816
20 12      0.2009746      0.2210302
20 13      0.3264471    -0.06447899
20 14      0.0200752     -0.1014182
20 15     -0.2881885     -0.1161019
20 16      0.3291062    -0.08435812
20 17     -0.2241174     -0.1838394
20 18      0.3386452     0.07341976
20 19     -0.4821608     0.05061208
20 20      0.0320646      0.2316007
21  0       0.141229              0
21  1     -0.2033019     -0.3235222
21  2      -0.302417       0.126505
21  3    -0.08613062     0.08894415
21  4     -0.2563968      0.6749896
21  5     -0.1038638      0.1046875
21  6     -0.5003967     -0.1180761
21  7     0.01177417    -0.06648766
21  8     -0.3717286     0.06983071
21  9     -0.3224876     -0.6016197
21 10    -0.05197761      0.2112128
21 11      0.6157088     -0.1619702
21 12     -0.4721366      0.7578746
21 13      0.5549911     -0.1965928
21 14    -0.03665083      -0.199841
21 15      0.2154599      0.1733512
21 16     -0.2178543    -0.06285423
21 17     -0.1470022    -0.03591912
21 18     -0.1068213     0.09822715
21 19     -0.2911924      0.2447987
21 20      0.4098704     -0.2414259
21 21     -0.2173958     -0.3680083
22  0    -0.03745003              0
22  1     -0.2310705      -0.055234
22  2      -0.269147      0.2517032
22  3   0.0001994599      0.1491026
22  4     -0.1704764      0.7104847
22  5     -0.1841246     -0.5170648
22  6     -0.4065298     -0.1672298
22  7      0.3215346      0.4051369
22  8   -0.009824992      0.3064376
22  9     -0.3263881      0.7859793
22 10      0.4451903     -0.4003125
22 11      0.4491718      0.3186801
22 12     -0.1085041    -0.07220262
22 13     -0.3152736      0.4226589
22 14     -0.1607483     0.03000131
22 15     -0.4023956     0.08594885
22 16     0.09266894     0.06098619
22 17      0.2183011    -0.04112657
22 18     -0.3469965    -0.04148408
22 19    0.009083673     -0.6959192
22 20      0.2022312     -0.1736364
22 21     -0.5188879      0.2126542
22 22      0.4030786    -0.02583509
23  0    -0.05049214              0
23  1     -0.1038683    -0.02593205
23  2      0.1234422      0.1979297
23  3      0.2370684      0.3686464
23  4      0.2954889      -0.226336
23  5     -0.1263156     -0.3306881
23  6      0.2909267      -0.210861
23  7      0.1350137    -0.06555244
23  8     -0.3355725     -0.1156494
23  9     0.04644531     0.07919894
23 10     -0.2998095     -0.1120999
23 11     0.09572276     -0.1793863
23 12     0.07637081     -0.1960476
23 13     -0.1068335     -0.1935975
23 14     -0.1301394     -0.1965075
23 15    -0.01005901     -0.0387557
23 16      0.2827454     -0.3582178
23 17     0.06322488     -0.4803058
23 18      0.5530529    -0.03127591
23 19       0.018406     -0.1789209
23 20    -0.03824169      0.2838416
23 21     -0.3475678      0.1913197
23 22      0.4013914      0.1031912
23 23      0.2836935      0.4867872
24  0      0.1942553              0
24  1      0.2048286     -0.2354203
24  2     -0.1557409      0.3345207
24  3     -0.2034298     0.01142439
24  4     -0.1080203      0.3485788
24  5     -0.2287109     0.01491504
24  6     -0.3536204       0.125501
24  7    -0.03253818     -0.2836135
24  8    -0.05273162     -0.5404159
24  9     -0.4488218      0.2606129
24 10     0.01623819     0.01675659
24 11    -0.04674772     0.08849884
24 12      0.4531441      0.2111361
24 13     0.07297544     0.05693221
24 14      0.5166709     -0.1164972
24 15    -0.05923021    -0.06202604
24 16     -0.1069252     0.07988562
24 17      0.0903234     -0.1521096
24 18     -0.2164772     -0.1480017
24 19     -0.2099961     -0.6692456
24 20      0.4593007      0.2314272
24 21      0.1253358       0.305945
24 22       0.110897      0.2855605
24 23     -0.2332259     -0.2160836
24 24      0.5927606     -0.2404756
25  0      0.1469859              0
25  1     -0.2263813     -0.0117196
25  2     0.05692388     0.06283218
25  3     -0.2922553      0.1603048
25  4      0.5967346     -0.1861797
25  5     -0.1672135    -0.01456612
25  6     -0.4128579     0.04261607
25  7      0.3715813     -0.3155281
25  8     -0.1705396     0.05044332
25  9     -0.4001541      0.2552193
25 10       0.109187      0.1501632
25 11     -0.2730823      0.1155162
25 12      0.2932211      0.3584789
25 13     -0.0289553     -0.7459645
25 14     -0.3066708      0.1219919
25 15     -0.1495502     -0.2287445
25 16     0.04789083    -0.03741317
25 17     -0.3482444      0.1301363
25 18     -0.5037995      -0.050699
25 19      0.2783357     0.02780133
25 20      0.1334767      0.2125769
25 21     0.05307157      0.2486755
25 22     0.03037106     -0.2029181
25 23    0.005683471     -0.5006971
25 24     -0.1159423     0.03599096
25 25      0.1214182     -0.3418151
26  0    -0.06111016              0
26  1      0.1504665      0.1035864
26  2      0.0202794     -0.1174893
26  3     -0.2267228     -0.1604289
26  4    -0.06051801     -0.2698415
26  5      0.1399625      0.1196117
26  6     0.01463309     -0.1313474
26  7     -0.4618905     -0.2902977
26  8      -0.245363      0.0968172
26  9     -0.2363854     -0.2475927
26 10     -0.1345135      0.2541838
26 11    -0.02236462      0.3558305
26 12       0.281266      0.2995603
26 13     -0.1105911     -0.4799348
26 14     0.03038673      -0.370419
26 15     0.06437995      0.2223523
26 16      0.3270459     0.04807352
26 17      -0.209458     -0.2463516
26 18      0.4382775      0.1349305
26 19     -0.5946023     -0.3750269
26 20     -0.2026241      0.3871301
26 21      0.1015924     -0.3225827
26 22     -0.6796523     -0.4795922
26 23      0.2242187      -0.501125
26 24    -0.09502073    -0.04714294
26 25     -0.3113921      0.2737821
26 26      0.3790941     -0.1558882
27  0     -0.1307864              0
27  1      0.4243564      0.3056515
27  2     -0.1612391    -0.02225734
27  3    -0.08418635      0.2907652
27  4     -0.3845209      0.2587696
27  5     0.08493123     -0.0131716
27  6     -0.2298012      0.1606881
27  7    -0.01661502      0.1941127
27  8     0.07570264     0.03151305
27  9     -0.4556104     -0.1038007
27 10    -0.08699584      0.1761466
27 11     -0.3517187      0.1693408
27 12    0.008725059      0.1405314
27 13     -0.1290668      0.2641167
27 14     -0.1096119    -0.04962057
27 15     -0.2275684      0.4530522
27 16    -0.05763951      0.4063711
27 17     -0.1745556     0.07588386
27 18     -0.5424892       0.439246
27 19     -0.3721882     -0.4837173
27 20     -0.1341721      0.4563174
27 21     -0.2666017     -0.1030142
27 22     -0.1127843     -0.1017776
27 23     -0.1127232      0.0024317
27 24     -0.3597251     -0.0942202
27 25    -0.03191766      0.3077062
27 26      0.4483084      0.2225268
27 27     -0.2755651      -0.181347
28  0      0.1551196              0
28  1      0.1998577      0.2905176
28  2      0.1248444      0.1706403
28  3     0.06486879     -0.2467719
28  4    -0.05134093      0.7910613
28  5      0.2171363     -0.3131513
28  6       0.616208      0.1128132
28  7     0.08043853     0.08704052
28  8    -0.06274312      0.5008298
28  9     -0.1715765     0.06596307
28 10   -0.002366688    -0.08453351
28 11     -0.1018595      0.3371493
28 12     -0.2797778    -0.05279026
28 13      0.2102765      0.1066987
28 14      0.2970471     -0.2410722
28 15      0.1129691     -0.1379258
28 16    -0.02318461    -0.02609138
28 17      0.2274071      0.5174198
28 18      0.1007997      0.2288681
28 19      0.3085808     0.06950598
28 20     -0.4434642      -0.213815
28 21       0.284441       0.367982
28 22      0.1148634     -0.2040973
28 23     0.07146423      0.1314697
28 24      0.1027015       0.311011
28 25     -0.2634072     -0.2432948
28 26     0.01864129      0.3041192
28 27      0.4450333      0.2819446
28 28     -0.1008121     -0.3593322
29  0      0.1866121              0
29  1    -0.05956846    -0.04611316
29  2     -0.2838501     -0.1844378
29  3      0.1398669    -0.03859623
29  4     -0.3135051     0.08222619
29  5      0.1499891      0.3233539
29  6     0.09693268      -0.401804
29  7      0.3667379     -0.4906707
29  8      0.3771342      0.2186747
29  9      0.2441595     -0.3221235
29 10     -0.2735527    -0.06296901
29 11      0.1496643      0.1124223
29 12     0.03483894       0.216566
29 13      0.2830238      0.1775576
29 14     -0.2465253     -0.1452831
29 15      0.4428104    -0.06870116
29 16    -0.04800861    -0.02694432
29 17      0.1781367      0.1790405
29 18     -0.1122915      0.1888007
29 19     -0.1773694    -0.09363897
29 20      -0.227313    -0.04366367
29 21    -0.02493635     0.08594406
29 22    -0.08251613    -0.01396964
29 23    -0.06277694     0.09166671
29 24      0.3358488     -0.1274376
29 25     -0.4282235      0.2501764
29 26      0.1668393      0.3191248
29 27     0.03662405      0.0809722
29 28      0.1178216   -0.000612522
29 29       0.354977     -0.1818261
30  0     -0.1705496              0
30  1      0.0269804     0.02508658
30  2      0.4891288     -0.1925592
30  3    -0.07027974     -0.3340587
30  4     -0.4219832      0.2103207
30  5     -0.1066347        0.11528
30  6      0.1181128   -0.008616072
30  7      0.3730306     -0.3993406
30  8      0.0455271     -0.1755581
30  9    -0.01910356     -0.1550922
30 10     0.02554022      0.3529532
30 11    -0.07543807     -0.4242899
30 12      0.3745484     -0.2400388
30 13      0.1216062     0.06592727
30 14      0.0125771      0.2507134
30 15   -0.006831225      0.1400158
30 16     -0.2067243     -0.2575236
30 17     -0.2160467     -0.1364976
30 18    -0.01107385      0.1293488
30 19     -0.4123169    -0.08559063
30 20     -0.4654551     0.05163574
30 21    -0.07869403      -0.543487
30 22     -0.1463086    -0.01782081
30 23      0.4015358     -0.1862399
30 24     -0.1942937     -0.2281067
30 25     -0.2660708     -0.3244973
30 26    -0.03429348     -0.3013562
30 27      0.1122895    -0.05207279
30 28      0.1526781     -0.3582879
30 29     -0.1879873    0.008017399
30 30     -0.2534331      0.0530818
31  0       0.237139              0
31  1    -0.01125437     -0.1712898
31  2      0.5837739     -0.2178235
31  3     0.08657172     0.02443265
31  4     -0.6564509     0.05787115
31  5      0.2452445      0.1605673
31  6     -0.2871571      0.4190144
31  7      0.3430834     -0.2773381
31  8     0.05587903     0.09970669
31  9      0.2562819      0.1194193
31 10      0.1936868    -0.04248548
31 11    -0.09143094     -0.2392256
31 12    -0.05495675      0.1987434
31 13     -0.1511414    -0.05069873
31 14      0.2426013    -0.07701811
31 15    -0.06502882    -0.06163006
31 16      -0.261124      0.1781978
31 17     -0.5542016      0.3888911
31 18      0.5180161     -0.1818565
31 19      0.1505526      0.1634575
31 20    -0.07467273      0.1221492
31 21    -0.05990078    -0.03193508
31 22      0.1175973     -0.4742653
31 23     -0.1299791      0.3433825
31 24      0.1300829     -0.1843696
31 25    -0.08000762     -0.1307275
31 26      -0.200635    -0.09834084
31 27      0.4103093     -0.1711535
31 28    -0.05828629     -0.1182592
31 29    -0.06652801     -0.1267907
31 30     -0.4035259    -0.09893539
31 31    -0.09153917    -0.01611557
32  0     0.02001325              0
32  1      0.1985414      0.0835627
32  2     -0.2074811   -0.004370205
32  3   -0.007978512     -0.0843972
32  4     0.09923993    -0.09325877
32  5     0.01307826      0.3132849
32  6    -0.09654991      0.2442545
32  7     0.02675061    -0.07771353
32  8      0.2185915     0.01336306
32  9      0.3160868       0.279842
32 10     -0.1044921     0.05328308
32 11     -0.3348109      -0.135046
32 12     -0.3389815      0.3030839
32 13     0.02021504      0.1112088
32 14      0.0528714     -0.1318992
32 15       0.225961      0.2498842
32 16      0.2775286       0.288063
32 17      -0.393657      0.4133804
32 18      0.2809864     -0.2566468
32 19      0.1279863      0.1671379
32 20      0.2255255    -0.09747293
32 21     -0.2517146     0.05611974
32 22     -0.2251395      0.2048385
32 23   -0.006039638     -0.1485015
32 24     -0.3682039      0.0067784
32 25    -0.01606089    -0.03612951
32 26     0.07099818      0.2819408
32 27      0.1170755     0.04187676
32 28     -0.3538055     0.04657267
32 29     -0.3446999       0.401917
32 30    -0.05394901    -0.03596346
32 31      0.3095666     -0.1540808
32 32    -0.02513613    -0.09053133
33  0    -0.04779712              0
33  1     -0.2403086      0.2845441
33  2     -0.3219629     -0.1776496
33  3     -0.2828885      -0.143294
33  4      0.1572654     0.01621517
33  5      0.3919997      0.1179597
33  6    0.007211979      0.4790733
33  7      0.2867944     -0.4736194
33  8    -0.08495943     0.06910322
33  9     0.04262459      0.3805465
33 10     -0.2416081     -0.5100949
33 11     0.02573692      0.1149297
33 12     -0.3080049     -0.1805364
33 13      0.1596182     -0.2964765
33 14     -0.1363596      0.2028606
33 15     -0.1126322     -0.1146422
33 16      -0.157971      0.1152538
33 17    -0.03554718     -0.1593697
33 18     -0.4959722      0.1851779
33 19     -0.1893585      0.1138486
33 20      0.0316267    -0.09518605
33 21    -0.08366179     -0.1681519
33 22      0.2892228    -0.05251051
33 23      0.3279257       0.122948
33 24     0.06276193     -0.1397035
33 25     0.04813021     -0.1444952
33 26      0.1355156     -0.4559959
33 27      0.1180455  -0.0002110799
33 28     0.04633389     -0.1484791
33 29     -0.4537615     0.01990128
33 30     0.02492976     0.04866886
33 31      0.2168543      0.1231573
33 32      0.1379851   -0.003709276
33 33     -0.2194005       0.165822
34  0    -0.01365213              0
34  1       0.167008      0.3930549
34  2     -0.2915771      0.1563176
34  3     -0.5261195    -0.02852101
34  4      0.0493953    -0.01821858
34  5     -0.1363319     -0.1606536
34  6     0.07372168       0.219935
34  7     0.01624982    -0.03379064
34  8     -0.3186371      0.1409886
34  9      0.1095111        0.20362
34 10      0.1761614     -0.1351863
34 11  -0.0004320841    -0.01895336
34 12      0.3775896    -0.01571277
34 13   -0.003988194     -0.3768948
34 14      0.0120982    -0.07230391
34 15     0.06654625     -0.2013438
34 16     -0.2028998      0.1792149
34 17      0.2976402     -0.1214943
34 18     -0.3206299    -0.02287661
34 19     -0.4198868    -0.05940612
34 20      0.2538803     -0.2206635
34 21    -0.09392671     -0.3022398
34 22      0.4182571    -0.08405302
34 23      -0.116561     -0.2135734
34 24     -0.1895909     -0.1770786
34 25     -0.2053354     -0.0467248
34 26      0.2699763     -0.2395661
34 27      0.2995704     0.07292107
34 28     0.05995745     0.08973952
34 29    -0.02501416      0.1761461
34 30      0.2094758      0.2246502
34 31    0.006858767      0.1996968
34 32      0.2328665    -0.02843637
34 33     -0.2912166      0.2081116
34 34     -0.3614902     -0.1356545
35  0      0.1880797              0
35  1       0.488146        0.16807
35  2     -0.2095764      0.3328461
35  3     -0.3045404      0.3366964
35  4     0.04854588    -0.02163446
35  5      0.1183039     0.04756068
35  6      0.1585342     -0.2233171
35  7     -0.0772946     -0.1868031
35  8     -0.2125032     -0.2221313
35  9     -0.4949037     -0.1179742
35 10     0.07502976     -0.3437811
35 11      0.3137392      0.1152822
35 12      0.1173643      0.1192397
35 13      0.2133868     0.02788865
35 14    -0.08808354     0.05529203
35 15     0.09011129      0.1566357
35 16      0.2912031     -0.1695709
35 17     -0.1003284      0.2267957
35 18     -0.2140033     0.02373516
35 19     -0.1882594     0.07813032
35 20      0.1994784     0.01029491
35 21     0.02025608     -0.1287286
35 22      0.1478611      0.3689387
35 23      0.0568135      0.1049873
35 24     -0.1726551     -0.2352125
35 25     -0.1384406    -0.01935646
35 26      0.1914206     -0.3069144
35 27      0.1964123       0.236867
35 28    -0.08694582      0.0202004
35 29     -0.1929806     -0.0869149
35 30      0.2500565     0.04541211
35 31     0.04818728     0.06203688
35 32    0.004036862      0.2774497
35 33      0.1722589     -0.0627972
35 34      -0.204543     0.08377524
35 35    -0.02742232     -0.1137756
36  0      0.0173297              0
36  1      0.4114318      0.1980499
36  2      0.2975639    -0.02553516
36  3     0.05058575    -0.06992462
36  4     -0.1841743      0.2921104
36  5      0.1392887     0.09504509
36  6      0.3369028     0.08966684
36  7      -0.126514     -0.2089578
36  8     0.05213103     -0.1427749
36  9     -0.1383009     0.09413785
36 10     -0.2221632     -0.1928758
36 11     0.07969867     -0.3019046
36 12      0.2147564      0.2279122
36 13     -0.2587895     -0.1279248
36 14      -0.118921    -0.07121847
36 15     -0.2339336     -0.1395248
36 16      0.2920206     -0.6056075
36 17     0.02037727     0.04242438
36 18      0.2087055    -0.03928162
36 19     -0.3271397    -0.04791987
36 20    -0.03154583     -0.2584308
36 21    0.008282456      0.2422332
36 22     0.03323992    -0.01223648
36 23     -0.1048837      0.3871849
36 24      0.1384715     0.04895499
36 25    -0.05642849    -0.06846876
36 26      0.1967308     -0.1700432
36 27    -0.06883893     0.08759918
36 28      0.2566167      0.1689751
36 29     -0.5082145     -0.2660496
36 30    -0.05716818     0.06510014
36 31      0.4523704     0.08310352
36 32     -0.5261433     -0.1821539
36 33     0.07679594      0.3192577
36 34    -0.03090017     0.04112395
36 35      0.2088458    -0.01794886
36 36      0.4022259     0.06880073
37  0      0.1457878              0
37  1    -0.09270002      0.1072405
37  2      0.2067383    -0.05396435
37  3     0.07282797     0.01317808
37  4    -0.04328748     0.02302432
37  5     -0.2623121     0.01350128
37  6    -0.04548947      0.2953342
37  7      0.1924611     -0.2848618
37  8     -0.1995763     0.06684209
37  9       0.181531      0.2114953
37 10     0.09326093     -0.1408994
37 11     0.08322037      0.1023414
37 12      0.1917272      0.0852005
37 13      0.1356926      0.1568967
37 14    -0.01371001      0.1577875
37 15      0.1253902     -0.2426586
37 16      0.1413547     -0.1917732
37 17      0.3274926     -0.1188793
37 18      0.1903836    -0.02033969
37 19      0.2212361      0.2774682
37 20     -0.1266173      0.1373019
37 21      0.1518577   -0.005403453
37 22    -0.08036815    -0.05470373
37 23     -0.3113218    -0.08758877
37 24    -0.09478611      0.2166085
37 25     0.01045352       0.419498
37 26       0.105701     0.09962448
37 27      0.2832142      0.2935279
37 28    -0.01218163     0.07758471
37 29       0.176067      0.1049769
37 30        0.01281     -0.2460312
37 31      0.4399591      0.1442927
37 32       0.176391    -0.04791021
37 33     0.08089587     -0.3986051
37 34     -0.1590272      0.1545751
37 35      0.3483509     -0.1189636
37 36      0.2495594    -0.02456232
37 37       0.185786      0.1878286
38  0    -0.08808545              0
38  1     -0.2688501     0.04650979
38  2      0.1979736      0.2322512
38  3    0.008739238      0.3384944
38  4     0.04490877      0.1839714
38  5     -0.1865814     -0.1298184
38  6    -0.01117679     0.01189887
38  7      0.1981892       0.298411
38  8     -0.1316192     -0.1290214
38  9     0.02980467      0.1313837
38 10      0.3050548     0.01642843
38 11       -0.16421     -0.1123735
38 12      0.2519734     -0.1154893
38 13     -0.1143744       0.293693
38 14     -0.1230536     0.01525038
38 15     0.03643864     0.02313196
38 16     -0.1926221    -0.05787289
38 17       0.294003      0.1287965
38 18      0.1057036     0.07947826
38 19      0.1785992      0.2429453
38 20      -0.229694      0.1909082
38 21    -0.06798528      0.2570787
38 22    -0.02323575    -0.08970772
38 23     -0.1808523     -0.1805153
38 24      0.3502935     0.02994163
38 25     -0.2132061    -0.08778056
38 26     -0.4262913      0.1504233
38 27    -0.06123927     0.04085294
38 28      0.4397078     0.01827789
38 29    -0.09270809     0.07557271
38 30     -0.1079277      0.1058274
38 31     -0.0478862     0.05910592
38 32     0.01066225     0.03466449
38 33      0.3133048     -0.2044502
38 34     -0.1653486      0.3873334
38 35     -0.1118219      0.1000533
38 36     0.06340679     -0.1887501
38 37      0.1112864     -0.1609142
38 38    -0.03578616     0.04151373
39  0     -0.3799133              0
39  1     -0.3634318     0.06379426
39  2       0.417377      0.2996801
39  3     -0.1327996      0.2083771
39  4     0.07246033     0.03667646
39  5     0.03753216     -0.1371253
39  6   0.0007383209    -0.08283971
39  7      0.2178763      0.2485856
39  8      0.2007553    -0.06855419
39  9    -0.01990395    0.002980748
39 10   -0.005369307     0.01312632
39 11    -0.03479366     -0.3670108
39 12     -0.1161064     -0.1352722
39 13      0.1411763      0.2898287
39 14    -0.05218205     -0.1855393
39 15    0.004878599      0.1544447
39 16     -0.1432538     -0.0186864
39 17     -0.2337926     -0.2147075
39 18      0.2646326      0.1974422
39 19     -0.1818988     -0.3806958
39 20     -0.2637848      0.1632463
39 21   -0.009156407     0.06280074
39 22      0.1937806   -0.009731859
39 23     -0.3626264      0.2594302
39 24       0.242553     -0.1022349
39 25     0.07422972     -0.1475306
39 26    -0.04175596     -0.1042423
39 27      0.1048334     -0.1980028
39 28     -0.1121972      0.1929995
39 29      0.1469609    -0.01786725
39 30    0.007552475     0.02624267
39 31      -0.117066     0.09561414
39 32    -0.07582391     -0.1325152
39 33      0.0742587     -0.2126898
39 34      0.1793265   -0.005002283
39 35     -0.1768119      0.3967272
39 36    -0.05471401      0.2101111
39 37     -0.4807697     -0.1934791
39 38     0.07268866    -0.07356732
39 39      0.2410452     0.07652273
40  0     -0.1583986              0
40  1      -0.634481     -0.2611068
40  2     0.07310303      0.2092755
40  3     0.03135237      0.2234994
40  4     0.06105045     -0.1437339
40  5    -0.07914357      0.2632428
40  6     0.09123808    -0.08073537
40  7    -0.09912306       0.178932
40  8    -0.08941627     -0.3774243
40  9     -0.3654588     -0.2730853
40 10     -0.1721037     -0.1516954
40 11    -0.02694133     -0.1522066
40 12      0.3344809     -0.3198383
40 13     0.09549906     0.06991794
40 14     0.05749691     -0.1080891
40 15     0.05395883     -0.1825001
40 16      0.1026418       0.310425
40 17    -0.05791288     -0.2917251
40 18     -0.1719388      -0.131149
40 19      0.1640626      0.1478471
40 20     0.02513703     -0.1074741
40 21    0.007714199     -0.1276577
40 22      0.2690926     0.04429067
40 23     0.01182087      0.3053209
40 24     -0.2015341    -0.09997367
40 25     -0.3659706     0.01530505
40 26      0.1981866     -0.1241874
40 27      0.1753027     -0.2198809
40 28      0.1427061     0.01279415
40 29     0.07957563      0.2105567
40 30      0.1804151      0.1262658
40 31    -0.03731595    -0.07500117
40 32     0.09742219      0.2801095
40 33     -0.1778549    -0.06073164
40 34      0.1879859    -0.01178256
40 35      0.2755698    -0.03989749
40 36     -0.1146933      0.1807496
40 37     -0.2155338     0.04385662
40 38     -0.1378163      0.2993482
40 39     -0.1223681     -0.1994358
40 40     -0.0370724      0.2958678
