# Love 50 s group velocity model
# from Larson & Ekstrom (1999), for more information, see
# http://www.seismology.harvard.edu/projects/surfwave/LE99-Pageoph
# Spherical harmonics, columns are: l m Alm Blm
 0  0     -0.8858175              0
 1  0      -6.522513              0
 1  1       4.883263       4.256849
 2  0      -3.041334              0
 2  1       3.960345       6.603969
 2  2       6.466465       1.299839
 3  0      0.9180968              0
 3  1      -1.633678       3.064583
 3  2       5.399896      -6.132344
 3  3       1.558541        5.69196
 4  0     -0.8993879              0
 4  1      -2.198074     -0.7402992
 4  2       4.995637      -3.193051
 4  3        2.73888      -1.759883
 4  4       1.559724      -5.004298
 5  0       3.898741              0
 5  1      -1.775679      -1.560853
 5  2       1.123873      0.7037606
 5  3       1.058356      0.7235779
 5  4      -4.861228      0.2012509
 5  5    -0.05996191       2.492723
 6  0      -1.676356              0
 6  1      0.4884504      -1.167463
 6  2    -0.06846716       2.204406
 6  3     -0.3671044       1.901055
 6  4      -1.922522       2.489116
 6  5      -2.626052       -2.38095
 6  6      -1.231766      -1.150101
 7  0       1.212353              0
 7  1      0.1772013       2.141434
 7  2      -1.124923     -0.1418814
 7  3     0.06121215    -0.04583026
 7  4       1.435811     -0.1001407
 7  5      0.1124592    0.007865241
 7  6      0.9704338       1.694338
 7  7      0.2463463      -1.366284
 8  0     -0.4195069              0
 8  1       0.340547      0.5670576
 8  2      -1.517768       0.266601
 8  3     -0.6858788    -0.05816919
 8  4      0.5708014      -1.426517
 8  5     -0.6575366      0.3158812
 8  6      0.3790784      -2.058094
 8  7       2.995195      0.3495387
 8  8      0.9084054       1.171205
 9  0       2.130448              0
 9  1      0.7368961       1.157786
 9  2    0.008363959      -0.988525
 9  3      0.2178394     -0.2213242
 9  4     0.04174203     -0.1867831
 9  5    -0.09260243      0.9584354
 9  6      0.2339613      -1.807415
 9  7       0.343071     -0.7856083
 9  8      -2.561519      -1.306285
 9  9      -1.372853      0.3944941
10  0      0.3362307              0
10  1     -0.3888498     -0.9268818
10  2       1.940833       0.470861
10  3     -0.6929576     -0.5050762
10  4       1.213227     -0.5726102
10  5      0.1803672     0.06031047
10  6     0.08481844      0.7810822
10  7     -0.1743875    0.002994934
10  8      -1.731863      0.7898274
10  9       1.417145     -0.2662646
10 10     -0.4658051      0.5282893
11  0      0.8796633              0
11  1        2.16344      -1.021222
11  2       1.107027      0.3459843
11  3      0.1578329     -0.8660616
11  4     -0.8032955      0.4870111
11  5      0.6076503      0.1126158
11  6     -0.2694194     -0.1046191
11  7     -0.4301978     -0.5214401
11  8     0.08057477      -0.992335
11  9      -1.301396      0.7571121
11 10     0.07220715      -0.134606
11 11      0.8336236      -1.190002
12  0     -0.2427031              0
12  1     -0.3396236     -0.9204672
12  2      0.8058864     -0.5786951
12  3     -0.1092289     -0.4818725
12  4      0.7585399      0.1675479
12  5     -0.3437433      0.3071356
12  6      0.5344983     -0.4124327
12  7      -0.963568     -0.7299721
12  8      0.4865887      -1.022684
12  9      0.7266002       1.027573
12 10     0.07863545      0.2741589
12 11     -0.5447923     -0.5316827
12 12     -0.2212184      0.4309181
13  0    -0.03734875              0
13  1      0.5345757      0.2077869
13  2     0.06322342      0.1295623
13  3     -0.5991869     -0.1428851
13  4     0.05433963     -0.1272003
13  5      0.4318808     -0.1989651
13  6     0.06082812      -0.164352
13  7      0.1776828     -0.4969593
13  8      0.2290692        0.43998
13  9      0.3855355      0.0498638
13 10     -0.2926092      0.3041856
13 11     -0.1114032     -0.3869631
13 12      0.1102895      0.2985906
13 13      0.2032547      0.2031464
14  0      0.5141149              0
14  1      0.1692045      0.3245342
14  2      0.3523506      0.4202825
14  3     -0.4353217      0.3213513
14  4    -0.08564596       0.573562
14  5     -0.2253845      0.0631769
14  6      0.2889787      -0.271643
14  7   -0.005475353     -0.2254231
14  8    -0.03226174     -0.1354815
14  9     -0.1571307      0.4028692
14 10     -0.2461048    0.007261293
14 11      0.4355773     -0.5018241
14 12    -0.02235322      0.3511235
14 13      0.3677233     0.04442313
14 14       0.294048      0.3187335
15  0     -0.3405349              0
15  1      0.2296495     -0.2762916
15  2      0.2015899     -0.1509517
15  3      0.1836751     0.05742655
15  4      0.6071513      0.2203413
15  5     -0.3309647     -0.3587923
15  6      0.3065947      0.3765437
15  7    -0.00787154    -0.02998521
15  8      0.7999322     -0.7592726
15  9      0.4125479      0.4051219
15 10     -0.1134514     -0.1350413
15 11     0.06091941    -0.08997253
15 12    -0.09734886     -0.5140895
15 13      0.3144732     -0.4431657
15 14     -0.4209632     0.02196351
15 15     -0.1428882     -0.3459209
16  0      0.1538492              0
16  1      -0.497997     -0.4043621
16  2     0.04129295      0.1339512
16  3     -0.3902917     -0.3475668
16  4     -0.2738762      0.2141346
16  5    -0.05536675     0.03530014
16  6      0.1637856      -0.333764
16  7     0.03480656     0.02497129
16  8     0.03358722     0.01342598
16  9     -0.1688689     -0.2145808
16 10      0.1117168      0.2833569
16 11    -0.07348201      0.1076157
16 12     0.08797774   -0.008063093
16 13      0.1515522     -0.1870051
16 14     -0.1899067      0.5538976
16 15      0.3168792      -0.225423
16 16     0.06095714      0.3382834
17  0     0.09704196              0
17  1     -0.2029169      -0.358518
17  2    -0.04699055      0.2771559
17  3      0.2068737      0.2907933
17  4     -0.1175879     0.05953095
17  5    -0.06130725    0.006708458
17  6      0.3517519     -0.2499423
17  7     -0.0181403     -0.2393927
17  8     0.09659219     0.08807725
17  9     -0.3261256     -0.4563623
17 10      0.1452198     -0.1528949
17 11     -0.2384445      0.5065593
17 12     -0.5012267     -0.2027299
17 13      0.2155697     -0.2827432
17 14     -0.1575057     -0.1662879
17 15      0.3755237      0.4670729
17 16      0.8387382     -0.4891142
17 17     -0.2447835      -0.490712
18  0      0.1911396              0
18  1      0.2401443     -0.3147368
18  2     -0.1426708      -0.280216
18  3     -0.3752104      0.1964639
18  4      0.3685957      0.5918745
18  5   -0.004982475    -0.05906508
18  6    -0.08794941     -0.1581628
18  7     -0.1943601      0.1657568
18  8    -0.04432924    -0.04483283
18  9     -0.3605065      0.1230186
18 10      0.2678585     -0.2191114
18 11     -0.3589219      0.2624121
18 12     -0.4909278    -0.02526654
18 13      0.1383874     -0.1639131
18 14     -0.3488933      0.2661558
18 15     -0.2238031     -0.2304363
18 16      0.2724232     -0.3435902
18 17       0.280983     -0.1561107
18 18     -0.2547223     -0.1164892
19  0    -0.02576084              0
19  1    -0.00762804      0.3240227
19  2     0.07062329      0.1942222
19  3     -0.3057904    -0.04531192
19  4     -0.5258189      0.4140877
19  5    -0.08746397     -0.0532867
19  6     0.03631736   -0.002244403
19  7     -0.1598524      0.2779625
19  8    -0.04748788     0.03336612
19  9      0.1192316    -0.09253997
19 10      0.1518873  -0.0003040886
19 11     -0.4160425     -0.2050721
19 12     0.08396743     0.05845987
19 13      0.2570309    -0.02292657
19 14     0.04183413    -0.08854947
19 15    -0.03369241      0.1079755
19 16     -0.4603656     -0.3186945
19 17     0.04473388     -0.1415697
19 18     -0.3253803    -0.04248286
19 19     -0.1378352      0.2162502
20  0      0.1296802              0
20  1    -0.08924385     -0.4085586
20  2     0.03083272      0.4274254
20  3    -0.08988106      0.2993017
20  4       0.025593     0.01228713
20  5     -0.2441424     -0.4486234
20  6     -0.3670506    0.005841637
20  7     -0.2793805     -0.2171933
20  8      0.2309248      0.3151155
20  9     -0.1576395      -0.420289
20 10      0.4105239     -0.1346889
20 11      0.2153545      0.2295318
20 12      0.3255736      0.2037849
20 13      0.2024319     -0.5187383
20 14     0.08166045      0.2789564
20 15    -0.01455299     -0.5372535
20 16     -0.1421208     0.01997002
20 17    -0.02869718      -0.100826
20 18      0.2459295      0.2166862
20 19      0.1642583      0.1254277
20 20      -0.054959      0.1898883
21  0    -0.07261315              0
21  1     0.08947591    -0.02203875
21  2     -0.1914933     0.04564709
21  3      0.2090995    -0.01290513
21  4     -0.4474204      0.3058099
21  5    -0.06286305      0.0477851
21  6     0.04029959      0.1113239
21  7      0.2146129     -0.2536377
21  8      0.1854263      0.2263415
21  9      0.1084035    -0.08212199
21 10      0.2406075       0.115591
21 11      0.4141975      -0.134908
21 12    -0.04532716      0.3471465
21 13      0.1684292    -0.09324912
21 14     -0.1264275     -0.4326096
21 15      0.4187582     -0.1846199
21 16     0.06933429      0.3631507
21 17     -0.1840099   -0.006982324
21 18      0.1556014       0.130278
21 19    -0.05383303      0.0190454
21 20      0.3047023     -0.2129782
21 21    -0.08634543     -0.1676185
22  0     0.05259274              0
22  1    -0.04608366     0.08065045
22  2     -0.2729178      0.1960991
22  3   -0.009565896     0.05158857
22  4     -0.1383428      0.3707418
22  5     -0.2932303    -0.09004907
22  6     -0.0597013      0.2959512
22  7     0.06136113     -0.2499009
22  8     0.05682535      0.2318081
22  9    -0.02926034      0.2660947
22 10    -0.09577321     -0.2700883
22 11     0.03359624    -0.09977823
22 12     -0.1455834     -0.0712087
22 13     -0.1913819      0.4424673
22 14     -0.2229165   -0.008611423
22 15    -0.02448475     0.05656027
22 16      0.1339954     0.05611335
22 17    -0.03833398     0.07982859
22 18      0.0596858      0.2645756
22 19      0.1389856     -0.3837483
22 20     0.04820318     -0.2298312
22 21     -0.1441366     0.02606944
22 22    0.004358936     0.06887031
23  0     0.07289873              0
23  1     -0.1323906    -0.04236395
23  2       0.366097     0.09817415
23  3    0.003603895      0.1885089
23  4     0.04295094      0.4509177
23  5    -0.09012383    -0.09810811
23  6      0.2157175       0.109643
23  7    -0.09030023     -0.0878882
23  8     -0.0777239     -0.2467504
23  9    -0.04708646     -0.1775457
23 10    -0.01171265    -0.08299711
23 11     0.07066349      0.3576423
23 12  -0.0002728296     -0.2242481
23 13     -0.2017265    -0.02910868
23 14     0.01285674     -0.3125768
23 15     -0.1608356     -0.1383387
23 16     -0.0773062     -0.1414288
23 17     0.08768471    -0.04510201
23 18     -0.1726953     0.07119819
23 19     -0.1037109     -0.0979883
23 20      0.1467676      0.1591539
23 21   -0.002510281      0.2457357
23 22      0.4376281       0.063346
23 23      0.2256354       0.194405
24  0     0.07814862              0
24  1   -0.007837594     -0.1024332
24  2    -0.03362735     0.07599087
24  3     -0.1471325     -0.1057026
24  4     -0.2475834      0.5477408
24  5    -0.09505992    -0.05506547
24  6     -0.2298261    0.007036817
24  7     -0.2612854     -0.2201751
24  8     -0.3006079    -0.07187185
24  9     -0.3462524     0.03618968
24 10     0.09194794      0.1474833
24 11     0.02820172     0.02212533
24 12     -0.2016338     0.09379604
24 13     -0.2608586    -0.08492211
24 14      0.3703474    -0.04150991
24 15    -0.03564902     -0.3225405
24 16     0.01933067   -0.003579347
24 17     0.02924168     0.06920827
24 18     0.07957015    -0.05878601
24 19     -0.1522415     0.01199588
24 20      0.2519953      0.1096921
24 21    -0.02035012      0.1060242
24 22    -0.09229197      0.3096177
24 23     0.03776787    -0.06862808
24 24     -0.1304551    -0.07126544
25  0      0.1840526              0
25  1      0.3023119    0.001589881
25  2      0.1865661      0.3191033
25  3     -0.4491633   -0.002870862
25  4      0.3553939     -0.1481518
25  5      0.1208015     -0.3294132
25  6    -0.06918748    -0.05751577
25  7      0.2176528     -0.1138022
25  8     -0.1532975    -0.02312887
25  9     -0.2648841    -0.04190592
25 10      0.2940237     -0.1428541
25 11     -0.5935698     0.01508292
25 12       0.076012    -0.07356259
25 13      0.4023143     -0.1815239
25 14    -0.03146974    -0.06203047
25 15     -0.0239729      -0.145686
25 16     0.02404111      -0.247524
25 17     -0.4044212      0.2141102
25 18      0.2539575     -0.1175133
25 19      -0.150335      0.2247975
25 20     -0.1668778     -0.1839357
25 21      0.1123686      0.3228728
25 22    -0.05891579     -0.3310725
25 23     -0.1978508    -0.07719928
25 24     -0.3599038     -0.3125533
25 25    -0.04753824     -0.0512578
26  0     -0.1149583              0
26  1      0.2164272     0.09939916
26  2     -0.1677029     -0.1725906
26  3     -0.1399046    -0.08398253
26  4     -0.1299921     -0.1943787
26  5     -0.0567253      0.1960278
26  6   -0.004615552   -0.009155854
26  7     0.02645634      0.1422949
26  8     -0.2814018        0.10764
26  9     -0.3342581      -0.278638
26 10     0.09341947    -0.01544472
26 11     -0.1912655      0.2942657
26 12      0.1962488      0.2581807
26 13      0.1211757     -0.3472129
26 14     0.07930532     -0.1373844
26 15     0.01370602     -0.1811491
26 16      0.3569817     -0.1406032
26 17    0.009474229      0.1750878
26 18      0.1759855     0.03373936
26 19     -0.5280841     -0.2472078
26 20     0.01339602      0.1343233
26 21      0.2758902     -0.1390545
26 22     -0.2506008    -0.06933867
26 23     0.01808394     -0.1776514
26 24      0.0515286    -0.07671031
26 25        0.20029    -0.02214203
26 26      0.1013303     -0.2539439
27  0     -0.1604315              0
27  1     0.05725485    -0.07227901
27  2     -0.1845225     0.01777645
27  3    -0.01811781     0.09310193
27  4     -0.1748603      0.1762645
27  5    0.003679344      0.2107555
27  6     -0.1949816   -0.003080849
27  7    -0.01802669    -0.01866782
27  8     0.07183447     -0.2521268
27  9      0.1041416     -0.1948365
27 10    -0.07832919    -0.00450805
27 11    -0.08008726    -0.02806542
27 12      0.1485346      0.1097642
27 13     -0.2404061      0.2326604
27 14     -0.2289287    -0.03508925
27 15    -0.07936471     0.08691971
27 16      0.1603933       0.132598
27 17     -0.1903898      0.2431996
27 18     -0.3562495      0.2109393
27 19    -0.09451739      0.1163221
27 20    -0.07092906    -0.06888393
27 21    -0.01434206     -0.1358446
27 22     -0.1285551       0.180178
27 23      0.1375406     0.02717114
27 24     -0.1238605      0.1432156
27 25     -0.2846226     -0.0733618
27 26      0.2438964       -0.12414
27 27    -0.07013861   -0.007260257
28  0      0.1525509              0
28  1      0.1945454      0.1430252
28  2     0.01881637     -0.0111536
28  3     -0.1030152     -0.1260162
28  4     -0.2489861      0.1898347
28  5      0.1282152      0.3341316
28  6      0.2613135     -0.1435123
28  7    -0.05261819      0.1527654
28  8       0.160734      0.2016838
28  9     -0.1227659     -0.1890998
28 10     -0.2300556     0.01566978
28 11     -0.1133826      0.1533063
28 12    0.008208101    -0.08675355
28 13     0.09359021     0.01710733
28 14     0.08744333    -0.07648207
28 15     -0.2205748     0.07974207
28 16     -0.1265704     -0.2390235
28 17      0.1866238     0.02128609
28 18     -0.1790778      0.1030926
28 19    -0.07270221      0.1824348
28 20     0.07683728     0.07135799
28 21      0.2030438      0.1135691
28 22     0.03444101     0.04520591
28 23      0.1702506    -0.03796804
28 24      0.2034715      0.1242107
28 25     -0.1534907     0.09886753
28 26     -0.2102446      0.1303699
28 27    -0.02254461     0.01556896
28 28     -0.2793466     -0.3211159
29  0     -0.0383917              0
29  1    -0.02768183      0.1938159
29  2      0.1193087   -0.003624438
29  3      0.1690234     -0.3200853
29  4    -0.01228452      -0.120776
29  5    -0.06252803     0.03913956
29  6    -0.00621232    -0.09130739
29  7       0.350957     0.03070971
29  8     -0.1379092      0.1950378
29  9   -0.005323739     -0.1344372
29 10     0.06970461    -0.03168589
29 11     0.01314638     0.06013371
29 12      0.1280306      0.2822762
29 13      0.2163703     -0.2071382
29 14     -0.1084325     0.09211177
29 15     0.09591121      -0.306652
29 16     -0.1061729      0.1985947
29 17      0.0113433      0.1170881
29 18    0.003931132     0.05054725
29 19      0.1234769      0.2102114
29 20     -0.2167734     -0.1483285
29 21      0.1315661     -0.1112965
29 22    -0.01542891     0.08401178
29 23      0.4027966      0.2453047
29 24      0.1973239    -0.08967428
29 25     -0.2430458      0.2258601
29 26      0.3303273     0.02694982
29 27     -0.1519247       0.097816
29 28     -0.3553575     0.03558617
29 29      0.1381892     -0.1772403
30  0    -0.06851213              0
30  1    -0.04629856      0.2404684
30  2    -0.05973389     -0.1783686
30  3     0.04851364     -0.1556998
30  4     -0.3034812      0.1500724
30  5    -0.05856393     0.06210361
30  6      0.2966946     0.09520625
30  7      0.2102775     -0.2046045
30  8    -0.05396965     -0.2354174
30  9     0.06126427     -0.1391735
30 10      0.2555529     0.03946565
30 11    -0.02201004      -0.306698
30 12      0.2118438    -0.05368166
30 13    -0.02820802    -0.08133847
30 14       0.152667      0.2653304
30 15      0.1231277     -0.2097779
30 16     0.01549885     -0.2203028
30 17     0.01474017     0.04540591
30 18     0.06484617    -0.06079636
30 19     -0.1595138      -0.120623
30 20     -0.1721939     -0.1802826
30 21     0.05768888    -0.04618219
30 22    -0.01129594    -0.03510885
30 23      0.1080631     -0.1420794
30 24    -0.06203495     0.02567096
30 25    -0.01743784     -0.0976578
30 26    -0.04043718     -0.2259059
30 27      0.1511436     -0.0073191
30 28     -0.1665517    -0.03236554
30 29     0.03616267     0.07367904
30 30    -0.09634996    -0.08600698
31  0     -0.1430041              0
31  1    -0.07553975     0.04275515
31  2      0.2240296     -0.2655861
31  3    -0.04647018    0.009654879
31  4     -0.2449747     -0.1729492
31  5      0.0305232       0.303147
31  6      0.0877423    0.005859147
31  7      0.2146994      0.0167328
31  8      0.3103979     0.08411768
31  9      0.3777533      0.1115026
31 10       0.187438     -0.1372058
31 11    -0.08521403      0.2599146
31 12    -0.08590727    -0.09089174
31 13       0.105855      0.2411446
31 14      0.1841034     -0.1817676
31 15    -0.09615047      0.1559916
31 16    -0.03382502    -0.06214442
31 17    -0.03844605      0.1432964
31 18     0.02478487     -0.1617229
31 19   -0.007156395      0.1271957
31 20     -0.3565258       0.168558
31 21    -0.02197803     0.07857664
31 22    -0.01556338    0.002958017
31 23   -0.008236777      0.1492711
31 24     0.05628658    -0.09759096
31 25    -0.02910371     -0.1042996
31 26     -0.2030984     -0.2450326
31 27       0.103656    -0.04125274
31 28     -0.2669854    -0.07459007
31 29     0.04785253     -0.1761619
31 30     -0.1882697     -0.1546652
31 31     -0.2800364    0.003729406
32  0     0.02173168              0
32  1    -0.01858363    -0.03815013
32  2    -0.07699815     -0.1921959
32  3     0.01606423     -0.1406046
32  4     0.04124499     -0.2303628
32  5   -0.001651135    -0.08430824
32  6     -0.2060653     -0.1620515
32  7      0.1357277    -0.05752452
32  8      0.1484854     -0.1693888
32  9      0.3077346       0.325837
32 10     -0.0627265    -0.07011831
32 11      -0.271038      0.1922892
32 12    -0.02103466     0.01767188
32 13      -0.159591      0.2300703
32 14       0.183351    -0.01564269
32 15     -0.2001211      0.2364539
32 16     0.04584237      0.2837031
32 17     -0.1088609      0.4773916
32 18    -0.07430695      0.2526274
32 19      0.1414844     0.08139588
32 20      0.0346571    -0.02873943
32 21    -0.04744181      0.3036158
32 22       0.070011     0.06916278
32 23       0.222667      0.1989348
32 24     -0.2503877      0.1976596
32 25   -0.002594044     -0.2392943
32 26      0.2488204     0.06076773
32 27    -0.01693073      0.2668834
32 28     -0.2288328      0.2891266
32 29     -0.1747131     0.07036029
32 30    -0.08854761     -0.2401171
32 31      -0.148214      0.1580922
32 32     -0.1474786     -0.1445465
33  0   -0.005605775              0
33  1    -0.01294929    -0.03766558
33  2     -0.1428284    -0.09993957
33  3     -0.3742828     -0.2401468
33  4     0.01774899     -0.1272269
33  5      -0.200578      0.1269558
33  6     0.01451627      0.2424048
33  7      0.1155884      0.2882167
33  8     -0.1229348      0.1014089
33  9    -0.02124344      0.1243703
33 10    -0.05550109     -0.3571425
33 11    -0.01827103    -0.02773254
33 12      0.1189564     -0.1264452
33 13     0.02498647     -0.2745634
33 14      0.1467584      0.2970662
33 15     -0.0319081    -0.04571076
33 16     -0.2666767     0.06058523
33 17     0.04372023    -0.09807481
33 18     0.01105125     -0.0849594
33 19    -0.07756828      0.4089727
33 20     -0.1385185     -0.1957854
33 21    -0.02115266      0.0302204
33 22      0.1556655    -0.01657724
33 23     0.00587223     0.08643353
33 24     0.09193794      0.2792474
33 25     -0.1475199    -0.09195726
33 26      0.1713494      0.1021741
33 27     -0.1089197    -0.01604352
33 28    -0.03429161     -0.1008512
33 29     -0.1151075      0.1106175
33 30     -0.1510198     -0.1073737
33 31     0.05365799    -0.07275433
33 32   -0.009941661    -0.01345622
33 33     -0.2102948      -0.236579
34  0    -0.09283791              0
34  1     0.07781681  -0.0003152107
34  2     -0.1143413      0.2139867
34  3     0.04902831     0.08565956
34  4      0.1398043     -0.1017753
34  5     0.03561341      0.1319167
34  6    -0.08377741      0.2201007
34  7     0.03399944      0.1208942
34  8     -0.2803198      0.3144611
34  9     0.01298749    -0.04815675
34 10      0.2023538    -0.09159864
34 11     0.03201595      -0.303225
34 12      0.2658113     0.07464743
34 13   -0.008566434     -0.1041742
34 14     -0.1840299      0.1858405
34 15    -0.07880398     -0.1481282
34 16     0.05968394     0.05577118
34 17      0.1019824     -0.0339358
34 18      0.1112563    -0.09432016
34 19    -0.01490381      0.1230793
34 20     0.09112857    -0.00292813
34 21     -0.1337597    -0.06960249
34 22      0.1382194    -0.02236999
34 23    -0.06070369    -0.07680252
34 24      0.1406503    -0.09624134
34 25      0.3102176    -0.08616699
34 26     -0.2105219    -0.09626583
34 27     0.08512302    -0.07647848
34 28      0.3046103    -0.05134235
34 29     0.05888002    -0.01809311
34 30    -0.06156699     0.07411671
34 31      0.1312134      0.2114495
34 32     0.04879909      0.1093963
34 33      -0.308774     0.01086694
34 34     -0.2061014    -0.06371263
35  0     -0.1077008              0
35  1      0.1941145      0.1719555
35  2     -0.1714952     0.08746039
35  3     -0.1432456     0.09677382
35  4      0.1387831     0.01386383
35  5    -0.08841936      0.1040592
35  6     0.03732337     -0.1594577
35  7    -0.01607701     0.09215946
35  8     0.05362388      -0.307947
35  9     -0.1737907    -0.02453861
35 10      0.2709274     -0.1123523
35 11      0.1074124      0.2206887
35 12     0.02704165      0.1228493
35 13      0.2580181     -0.1024223
35 14     -0.1098423     -0.1725869
35 15    -0.02088969     -0.1180354
35 16     0.04787942       0.222755
35 17    -0.02822272    -0.01597731
35 18    -0.07961019    -0.01948467
35 19     -0.2944179     0.04605525
35 20     0.01627512      0.1318724
35 21      0.2869703      0.1416612
35 22    -0.01915888      0.3443137
35 23    -0.01628235    -0.03691343
35 24     -0.1640289      -0.229977
35 25     0.07207385      0.1067466
35 26     -0.1535122     0.05732283
35 27     0.03373371     0.04537838
35 28      0.1371785     -0.1977834
35 29     -0.1736714   0.0002563045
35 30      0.1293254     0.02020848
35 31   -0.008845364      0.1542853
35 32      -0.125977       0.200286
35 33     -0.1632851     0.08839349
35 34      -0.101541      0.1957493
35 35      0.0212207     -0.1232757
36  0    0.007014037              0
36  1        0.15831    0.009956474
36  2    -0.07399587    -0.04648025
36  3     -0.1728598     -0.1070869
36  4    -0.03368798     0.03823134
36  5     0.04231961     -0.1252754
36  6     0.03129131     -0.1252634
36  7     -0.3478561     0.09999921
36  8      0.1127269     0.09128401
36  9    -0.03904446    -0.01347531
36 10      0.1095461     -0.1528399
36 11    -0.02873708     0.04855257
36 12    -0.09100249      0.2116186
36 13     -0.1932241    -0.06013713
36 14     0.05762621    -0.04349618
36 15   -0.005686781       0.221675
36 16     0.07734558      -0.219468
36 17    -0.01620927    -0.09600662
36 18    -0.06786186      -0.199163
36 19     -0.1968229      0.1244071
36 20    0.009582263     -0.1134557
36 21     -0.1296865     0.09099542
36 22      0.2710518     0.02465623
36 23      0.1347928     0.03060173
36 24     -0.1816896     -0.1357403
36 25     -0.1988805     -0.1205513
36 26       0.174857     0.02272823
36 27      0.1413874   -0.001080798
36 28        0.10317    0.004573055
36 29    -0.01949497     -0.1979464
36 30     0.06227884     0.03835016
36 31     0.08843067    -0.02131175
36 32     -0.4327388     0.03313754
36 33   -0.002208133    -0.01690707
36 34      0.3445119     -0.1641657
36 35      0.0826315      0.1325494
36 36     0.09453537     0.04228568
37  0   -0.001386285              0
37  1      0.1863327     0.03440924
37  2    -0.09255279     0.07562708
37  3     0.02856115     0.06767452
37  4     -0.2123324     -0.1180199
37  5      0.1015482      0.2559631
37  6      0.1596824      0.2318542
37  7     0.03409734     -0.0781086
37  8     -0.1909271     0.03608345
37  9      0.2363282     0.04425127
37 10       0.117141    -0.04897392
37 11      0.2605725    -0.05740839
37 12    -0.03738856     0.03003726
37 13     0.01154104     -0.0562671
37 14    -0.07934846     -0.1623571
37 15      0.2540286    -0.01982731
37 16      0.1026993     -0.2353444
37 17    0.006269022     0.03935157
37 18     -0.1449829     0.06636491
37 19      0.0435731      0.1945333
37 20      0.1298644     -0.1197826
37 21      0.1603692    -0.01948843
37 22      0.1669946     -0.1459969
37 23     0.04107243     -0.1181789
37 24    -0.02717369      0.1660643
37 25    -0.07482149      0.3736905
37 26     0.03554642     0.08313293
37 27     0.02536835     -0.0258934
37 28    -0.03052703       0.193605
37 29    -0.04298379     0.09102927
37 30     -0.1187952    -0.08620764
37 31      0.2151578     0.05674742
37 32    -0.01172781     -0.2267484
37 33      0.1220896     -0.3442072
37 34      0.2334317      0.1191778
37 35      0.2012824     -0.1516917
37 36     0.07563161      0.1562496
37 37      0.1303634      0.0364589
38  0     0.06863821              0
38  1     -0.1318988    -0.01429055
38  2      0.1323661      0.1629634
38  3      0.1122313      0.1591167
38  4      0.1669784    0.006958805
38  5     -0.1075015      0.1456464
38  6    0.003306777    -0.06650198
38  7      0.1738596      0.1685751
38  8     -0.2417296      0.1460937
38  9     0.02765845      0.1096565
38 10      0.1741155     -0.2490914
38 11      0.1873151    0.008634551
38 12      0.0539901    -0.00974596
38 13    -0.08270246      0.1665684
38 14      0.1621036     0.02475206
38 15    -0.02213122     0.04122088
38 16    -0.00829435     0.04198983
38 17    -0.03890055      0.1415842
38 18     -0.2298444     0.03989911
38 19      0.2777243     -0.1272627
38 20    -0.01937521      0.0908754
38 21      0.1127981     -0.1090987
38 22      0.2393669    -0.08941054
38 23     -0.1818822    -0.01325394
38 24      0.2161441     0.09023738
38 25    -0.01257156      0.0658472
38 26     -0.2073942     -0.1375466
38 27    -0.02074687    -0.04142198
38 28     0.09840225     -0.1800301
38 29    -0.07269631      0.1792498
38 30     0.05320279      0.2608185
38 31     0.02203929    -0.08581737
38 32    -0.01954944      0.1644446
38 33    -0.02334585     0.04312675
38 34      0.0757768     0.01338418
38 35     -0.2175486     0.07301317
38 36     0.05231522     -0.2139596
38 37     0.05684478     -0.0502889
38 38    -0.08549152     0.07499366
39  0    -0.00315124              0
39  1    -0.01692747     0.06391982
39  2     0.01305401   0.0001765072
39  3     0.05936432    -0.03546396
39  4      0.2152396      0.2667716
39  5   -0.005537324     0.01542643
39  6    -0.03174676    -0.09434386
39  7      0.1286597      0.1686972
39  8      0.1111495     -0.1719154
39  9      0.1758373      0.1270329
39 10       0.082288     -0.2358468
39 11      0.2265581      0.1724799
39 12      0.1759475     -0.1791799
39 13     -0.1294015     0.03649774
39 14    -0.09499375     0.01610942
39 15     0.01128265     0.06386258
39 16      0.2007512     0.08199847
39 17     -0.1302919     0.02893157
39 18      0.0311139    -0.02949535
39 19    -0.08824494     -0.2340148
39 20     -0.2074178      0.2255063
39 21      -0.147532     -0.2167226
39 22      0.1467656      0.1188726
39 23     -0.2459542    -0.04623039
39 24    -0.02114525    -0.03239006
39 25      0.1122497    0.001772146
39 26      0.0331008     -0.3400029
39 27     -0.1339801     0.04718008
39 28     -0.2183052     0.07909516
39 29     0.07260799     -0.1213952
39 30     0.02951784      0.2430315
39 31      -0.240275    -0.08763149
39 32     0.04056323     0.04120056
39 33     -0.2318098      0.1190815
39 34     -0.3216866   -0.006792828
39 35    -0.01704771     0.06744081
39 36      -0.390342     0.03948966
39 37    -0.06965633      -0.176569
39 38     -0.1650163     -0.1312286
39 39      0.1035475    -0.08091196
40  0    -0.06458575              0
40  1     -0.1294998    -0.04620046
40  2     0.01079698     -0.1612766
40  3     0.04918136     0.01883468
40  4       0.170597   -0.001009219
40  5     0.07433606      0.2150207
40  6      0.2428699      0.1292946
40  7      0.1621312    -0.03495004
40  8      0.2806237      -0.177198
40  9      0.1301482     -0.1574211
40 10    -0.03898176   -0.008025588
40 11     0.06090154    -0.01363588
40 12      0.3336228    -0.05885389
40 13     0.07696627      0.1372114
40 14     -0.2425459     -0.2061545
40 15    -0.06162232         -0.101
40 16        0.14074      0.1970111
40 17       0.025427    -0.09672545
40 18    -0.08066548    0.003799834
40 19      0.1843522     0.09188861
40 20     -0.2454475     0.08694321
40 21    -0.07625997      0.2420147
40 22      0.1288662      0.1038327
40 23     0.01904535      0.1143674
40 24     -0.1569213     0.01901055
40 25     -0.1225787    -0.09410633
40 26      0.3074413     -0.1254847
40 27      0.1777847     0.08091916
40 28    -0.08218949      0.3378904
40 29    -0.03504486      0.1951341
40 30     -0.1368998      0.1779038
40 31       0.160766     -0.1836419
40 32     -0.1423544      0.1727942
40 33     -0.1007806     -0.1014392
40 34    -0.05443409     -0.0558734
40 35     -0.1642962      0.1972216
40 36     -0.1396679     -0.0465508
40 37      0.1442125      0.1707351
40 38     -0.0109582     0.05302718
40 39      0.1726769     0.02083163
40 40    -0.02337409     0.04623769
