# Love 60 s group velocity model
# from Larson & Ekstrom (1999), for more information, see
# http://www.seismology.harvard.edu/projects/surfwave/LE99-Pageoph
# Spherical harmonics, columns are: l m Alm Blm
 0  0     -0.8816859              0
 1  0      -4.217097              0
 1  1       3.285581       3.163428
 2  0      -2.304262              0
 2  1       3.004913       5.797884
 2  2       5.425476      0.9019393
 3  0       1.082484              0
 3  1      -1.060799       2.352661
 3  2       4.145548      -4.482525
 3  3       1.887985       4.692895
 4  0     -0.5458684              0
 4  1      -2.260699      -1.014115
 4  2       3.271304      -2.417205
 4  3       2.252434      -1.871365
 4  4      0.7350386      -2.651645
 5  0        3.13764              0
 5  1       -1.08955      -1.524175
 5  2   -0.003401905      0.6110314
 5  3       1.173281       0.447567
 5  4      -2.853117      -0.678688
 5  5     -0.1391697       1.347228
 6  0      -1.263693              0
 6  1      0.3518868      -0.589471
 6  2     -0.3115788       2.082631
 6  3     -0.5370599      0.6467644
 6  4      -1.831533        1.97892
 6  5      -2.591543      -1.580225
 6  6      -1.198381      -0.331091
 7  0      0.9082758              0
 7  1      0.5937991       1.178486
 7  2      -1.130937    -0.05910014
 7  3      0.7465583       0.207496
 7  4       1.172236      0.5157408
 7  5      0.3866581      0.4892792
 7  6      0.9384157      0.3561237
 7  7      0.4055466     -0.9711489
 8  0     -0.5351382              0
 8  1    -0.06935233      0.4662291
 8  2       -1.62692    -0.09438799
 8  3     -0.1674101      0.3021922
 8  4      0.7072493      -1.199884
 8  5     -0.5730079      0.4962143
 8  6      0.3901276      -1.023205
 8  7       2.479273      0.2295868
 8  8      0.3826014      0.8719555
 9  0       1.540997              0
 9  1       1.020805       1.335845
 9  2     0.01317649     -0.4990251
 9  3     -0.1497271     -0.3125897
 9  4       0.104228     0.03954618
 9  5       0.881184      0.5831081
 9  6      0.2298306      -1.177963
 9  7     -0.2154093       -1.13669
 9  8      -1.840105      -1.081444
 9  9      -1.370108     0.09780213
10  0      0.3870575              0
10  1      0.2083303     -0.5232563
10  2       1.559958      0.2603088
10  3    -0.07041393     -0.2541531
10  4      0.8224006     -0.7534343
10  5     -0.2961564      0.1289597
10  6     0.04217625       0.397881
10  7    -0.03292648     -0.7318031
10  8      -1.211189      0.4516353
10  9      0.9953133      0.3172349
10 10      -1.111054      0.5892606
11  0      0.7286364              0
11  1       1.355347     -0.7965891
11  2      0.4974878     0.05460779
11  3      0.2724617      -1.011876
11  4     -0.4697993      0.4144193
11  5      0.9158584      0.2846405
11  6      0.1111779      0.1350418
11  7      -1.049105     -0.1004577
11  8    -0.01407576     -0.5937089
11  9     -0.7529818         1.3468
11 10     0.04945538    -0.01601494
11 11      0.6227924      -1.415169
12  0     -0.2406909              0
12  1      0.1003285     -0.8847752
12  2      0.6871485     -0.4602041
12  3   -0.008749753    -0.07324734
12  4      0.1973523      0.2194846
12  5     -0.5303619       0.199976
12  6      0.6663817      0.1528413
12  7     -0.6389212     -0.4638202
12  8      0.5642928     -0.7974072
12  9      0.4647499      0.8971815
12 10     -0.3803162      0.3117068
12 11     -0.8204991     -0.3711346
12 12    -0.02818308    -0.05809537
13  0     -0.2971458              0
13  1   -0.005477109   -0.007314361
13  2    -0.08522201      0.3299387
13  3     -0.1311524     0.07248841
13  4      0.1191827     0.01533422
13  5      0.4641692     -0.1125422
13  6      0.1405695      0.4110114
13  7     -0.1162409     -0.3257656
13  8      0.0252094     0.04648261
13  9      0.4219057      0.4050077
13 10     -0.1049043     0.04724535
13 11     -0.1332766     -0.1628948
13 12    -0.03745572     -0.1506353
13 13    -0.04924827       0.346979
14  0      0.2371946              0
14  1      0.1992291      0.2158004
14  2      0.2244722      0.4338273
14  3     -0.1251084     0.06863534
14  4      -0.633416      0.5587242
14  5      -0.265276    -0.08729275
14  6      0.1422741    -0.03787375
14  7      0.1290248     0.03874822
14  8     0.02542304    -0.03109438
14  9      -0.137956      0.3117619
14 10   -0.004481199     0.08361074
14 11      0.5219464     -0.4916174
14 12      0.2438103      0.1105934
14 13      0.3114832     0.04193691
14 14       0.221896       0.228854
15  0     -0.1836745              0
15  1       0.174972    -0.01405897
15  2      0.3380759     0.04209069
15  3      0.3861155      0.3302374
15  4      0.4651735      0.2269829
15  5   -0.009522466     -0.2531881
15  6     0.06625511     0.03289774
15  7       0.154588    -0.02553143
15  8      0.3863259     -0.4212278
15  9      0.2570496      0.1348196
15 10    -0.01047095     -0.3478716
15 11     -0.1827812     -0.1506531
15 12     0.09661903     -0.2672358
15 13      0.1763199      -0.144839
15 14     -0.4541506     -0.2235983
15 15     -0.1794974     -0.3103465
16  0      0.3135671              0
16  1     -0.1441768    0.001599387
16  2      0.2666217     -0.3234273
16  3     -0.6810068     -0.6290594
16  4     -0.3794235      0.1202836
16  5     -0.2274724    -0.01422955
16  6      0.5165459    -0.01264553
16  7     -0.1334574    -0.03389775
16  8     -0.2767433     0.07921488
16  9     -0.0865526     -0.1983647
16 10     0.06142959     0.04091656
16 11      0.1066479      0.3535691
16 12     -0.1286978     0.03445739
16 13     0.02321073      0.1903679
16 14      0.0990516      0.6334574
16 15      0.4953696     -0.3129556
16 16      0.1845364      0.3073536
17  0     -0.1764459              0
17  1     -0.3768357     -0.5397608
17  2      0.1308829      0.2460712
17  3      0.2006939      0.1970406
17  4    -0.03443766     -0.1373534
17  5      0.1329055    -0.09478298
17  6    -0.08171772     -0.1131105
17  7     0.05049072   -0.009740729
17  8    -0.01109593     -0.2995185
17  9    -0.01834632     -0.4032121
17 10    -0.07534225     -0.4309501
17 11     -0.1325487      0.6402373
17 12     -0.1658945     -0.1341736
17 13      0.1724701     -0.3794574
17 14     -0.2073437     0.06547251
17 15       0.117225      0.2181539
17 16      0.7742254     -0.3601317
17 17     -0.1269949     -0.0921003
18  0      0.1289432              0
18  1    -0.01057319     -0.4433784
18  2     -0.2630257     -0.5998275
18  3     -0.3435518     0.07075591
18  4      0.1596563      0.4060509
18  5     -0.1491866    -0.08978254
18  6    -0.01118008     -0.1859569
18  7    -0.07551213    -0.01700763
18  8     0.03683849    0.001399784
18  9     -0.1261166      0.4977971
18 10      0.5017769      0.1133532
18 11    -0.05074944      0.1879395
18 12    -0.06067405      0.1704137
18 13       -0.10046     -0.2835042
18 14     -0.1938705      0.2380776
18 15      0.1457921     -0.3172127
18 16    -0.03885461     -0.1694024
18 17      0.1569254     -0.6620466
18 18     -0.1393339    -0.07151738
19  0     -0.1884089              0
19  1     -0.1521232      0.3339121
19  2    -0.05022189    -0.06896569
19  3      -0.122357     -0.1299822
19  4     -0.4341116      -0.119398
19  5     0.06899339     0.07926001
19  6   -0.000526853    0.007311742
19  7     -0.0783318       0.230317
19  8      0.1337371      0.3490427
19  9   -0.005429133     -0.2242817
19 10      0.1094441    -0.02366993
19 11     -0.2216561     0.06088211
19 12     0.07479146      0.0840778
19 13     -0.1319304     -0.2967446
19 14      0.2158753    -0.03166388
19 15     -0.1672781      0.1108304
19 16     -0.3238622     -0.3219756
19 17     -0.1368822      0.1053576
19 18     -0.2855045      0.1493265
19 19    -0.02152693      0.1523964
20  0     0.09794099              0
20  1      0.2168362     -0.2984633
20  2       0.030061     0.08919988
20  3    -0.09669455    -0.06439091
20  4    -0.03535059    -0.05243601
20  5      0.1758943     -0.2571347
20  6     -0.1471591    -0.05658226
20  7     0.06313829     -0.3327996
20  8      0.1654757      0.1435561
20  9    -0.07422911     -0.1468659
20 10      0.1773159     0.05499854
20 11      0.1916791    -0.05927816
20 12      0.2998334    -0.09269805
20 13      0.3304802    -0.06800645
20 14      0.3913893      0.2190498
20 15    -0.08226041    -0.02072346
20 16     -0.3714592      0.3445623
20 17      0.2077023      0.1289576
20 18     0.01877525     0.01024403
20 19      0.1914233     0.03528476
20 20     0.03645629      0.1598182
21  0     -0.1328195              0
21  1      0.1837546      0.1375745
21  2     -0.1466793      0.1730689
21  3     0.08607595    -0.09180013
21  4     -0.4888185      0.1184156
21  5     0.01664615      0.2067125
21  6      0.2285514    -0.07334845
21  7      0.0148991       -0.16323
21  8   -0.001321415      0.2948909
21  9      0.3011924     -0.1050331
21 10      0.2052794      0.2842941
21 11       0.171696     -0.1219735
21 12     0.05271229     0.06502602
21 13    -0.07250354      -0.145196
21 14     0.03491123    -0.09078465
21 15     0.07008315     -0.1148256
21 16     0.09045471    -0.09086972
21 17   -0.001406326      0.1473691
21 18     0.02559308     -0.1259767
21 19     0.08663734     -0.1401875
21 20      0.2071933     -0.2463972
21 21      -0.426148     0.02681597
22  0      0.1456966              0
22  1   -0.009597964    -0.06246146
22  2     0.03068129      0.1314671
22  3      0.2920712      0.1504704
22  4      0.1067495      -0.187152
22  5    -0.05752348    -0.04249934
22  6      0.1330065      0.2849967
22  7      0.3138564    -0.05226567
22  8     0.08855729    -0.08596306
22  9      0.1223234     -0.1243957
22 10      0.1512066     -0.1299527
22 11       0.111969     -0.1636332
22 12     -0.1373597     -0.2042695
22 13    -0.09867951      0.4848597
22 14     -0.2322979     -0.4178292
22 15     -0.1017793     0.07404637
22 16      0.2124279    -0.07701416
22 17     0.02052082      0.3183259
22 18      0.1185509       0.357713
22 19      0.1883674     -0.2719472
22 20     -0.1258965    -0.04604349
22 21     0.03987124      0.3197133
22 22     0.04110554    -0.05890002
23  0      0.1191537              0
23  1    -0.03507252    -0.02420661
23  2      0.1450944      0.2813022
23  3     0.06733868     0.02598473
23  4      0.1408532       0.166413
23  5     -0.1718162      -0.134752
23  6      0.1694149      0.1031332
23  7    -0.03921168    -0.03182348
23  8       0.119219    -0.01407854
23  9     0.06449176    0.002243045
23 10     -0.1101313    -0.04379891
23 11    -0.09972668      0.2636068
23 12     -0.2242105    -0.05255507
23 13       0.116957    -0.08798879
23 14     0.09338807     -0.2307311
23 15      0.2238118    -0.01449431
23 16    -0.03889287      0.1915126
23 17     -0.1207715     0.08805285
23 18     0.06766089      0.1502603
23 19     0.05553673     0.07050402
23 20       0.132025      0.2651137
23 21    -0.07031713    -0.06932698
23 22      0.5123355    -0.05853486
23 23     0.06756499      0.2258364
24  0      0.1638396              0
24  1     -0.2148342      0.2820329
24  2      0.1035996      0.1878107
24  3    -0.02883744      -0.383761
24  4     -0.6010089      0.2570787
24  5     -0.1577361     0.05261725
24  6     -0.2795236    -0.04914706
24  7      -0.107939     -0.2345612
24  8     -0.2116688     -0.1047529
24  9     -0.1294863    0.001374121
24 10      0.1130826      0.2156827
24 11     0.09481872     -0.1203683
24 12    -0.05736452     0.03999409
24 13      0.1727438     -0.2426817
24 14      0.3157652      0.0419207
24 15     0.04314073     -0.1855712
24 16     0.02669551      0.0294859
24 17     -0.1484025      0.0741398
24 18      0.2467569      0.1514987
24 19     -0.0771938     -0.2016142
24 20     0.02003241     0.04683731
24 21      0.1802107      0.1145836
24 22    -0.04225691      0.1197955
24 23      0.1736495      -0.230758
24 24     0.02518382     0.03280157
25  0     0.05105533              0
25  1      0.1834604     -0.2807565
25  2    -0.03571962      0.1189579
25  3      -0.564135     0.02233756
25  4      0.1500853     0.06421413
25  5    -0.07007711     -0.1102429
25  6     -0.2595868    -0.06670218
25  7      0.1008404     -0.0186045
25  8    -0.05270217     0.05724658
25  9     -0.4244738     0.05212011
25 10    -0.03995951   -0.002381014
25 11     -0.1565275     -0.1627741
25 12     0.09671829     -0.2814169
25 13     0.01710721     -0.2098269
25 14      0.1525791     0.08056092
25 15     -0.1753618     -0.1683571
25 16     0.07211247     0.07530663
25 17   -0.007468353     -0.0490082
25 18     -0.0414324      0.2481356
25 19    -0.05255159    -0.06709418
25 20      0.0490246      0.1515741
25 21     0.07388946      0.1736144
25 22    -0.02449935    -0.03061733
25 23      -0.214272     -0.1535581
25 24     0.06997693     -0.2089441
25 25     -0.1761096     -0.2594593
26  0     -0.1880262              0
26  1     0.05107849     -0.2998926
26  2      -0.141147     0.02295963
26  3     -0.2546939     0.03652474
26  4      -0.200366      -0.263244
26  5      0.2306595    -0.01808636
26  6     -0.2134419      0.1214226
26  7    -0.03228854    -0.04749976
26  8      0.1159936     0.07631517
26  9     -0.1072323     -0.1082925
26 10      0.3472528    -0.03683114
26 11     -0.1199413      0.3036905
26 12      0.1863107   0.0004482506
26 13    0.004911209     -0.1698318
26 14      0.1510163      0.0037059
26 15    -0.06474154     -0.1083751
26 16      0.1013848    -0.08970197
26 17     -0.0867972      0.0583115
26 18     0.04104936     -0.1779112
26 19     -0.3284486      0.2152226
26 20    -0.02613943     0.04712939
26 21      0.1713743     0.06329957
26 22     -0.1091388     0.06254881
26 23      0.2369006     0.06945947
26 24    0.007328572     -0.0382152
26 25      0.1252887     -0.2511999
26 26      0.1412209      0.0103212
27  0    -0.05726842              0
27  1    -0.02417381    -0.04188108
27  2     0.08195587      0.1087448
27  3      -0.029127      0.1292681
27  4     0.09146485     -0.1384365
27  5      -0.151797       0.626448
27  6      0.1217508     0.04062321
27  7      0.1363405     -0.1161747
27  8      0.1978371      -0.124741
27  9     0.07117163    -0.07284062
27 10      0.2918607      0.1787098
27 11     -0.1655675     0.02835615
27 12      0.3020453      0.1284406
27 13     0.05419723      0.2006986
27 14    -0.05615429       0.108842
27 15     -0.0876174     0.06032149
27 16       0.121169     -0.2376322
27 17     -0.1231676     -0.0480977
27 18    -0.04490361    -0.01707668
27 19     -0.1412474    -0.04061811
27 20    -0.02571795    -0.01653904
27 21      0.1669051    -0.02031569
27 22      0.1921558    -0.06638234
27 23    -0.09685746    -0.03408992
27 24      0.1944163     0.09544982
27 25    -0.03477794      0.1636802
27 26     0.05868478     0.06033969
27 27      0.1554985      0.1049504
28  0     0.04747921              0
28  1     -0.1730569       0.050467
28  2      0.2157837      0.1275174
28  3      0.0290775     0.03753449
28  4    -0.09484327     0.06226458
28  5      0.1335236      0.3818946
28  6      0.0939496     0.09280513
28  7      0.1504576        0.32859
28  8    -0.06692386      0.1266135
28  9    -0.06969397    -0.03535978
28 10     -0.2859726     -0.1334526
28 11   -0.008920998     -0.2294753
28 12    -0.03194015     -0.1824831
28 13     0.06323333     0.02583032
28 14    -0.06870762    -0.01441296
28 15      -0.192756     -0.1030871
28 16     -0.2174714    -0.08388045
28 17     -0.0545696    -0.06955112
28 18    -0.05775169     -0.1158502
28 19     -0.1148371      0.2521589
28 20     0.06405474   -0.008998806
28 21   -0.004560303     0.07964382
28 22      0.1820172    0.007537036
28 23      0.1537234      0.1292076
28 24      0.2506882      0.1986938
28 25    -0.05250471      0.1131494
28 26     0.01853257     0.02606555
28 27    -0.03474246     0.04740132
28 28     -0.1446225      -0.345526
29  0      -0.072202              0
29  1    -0.01590967    -0.06178005
29  2     0.06430938     -0.1302433
29  3     -0.1305152     -0.1995008
29  4    -0.03748681     -0.0306175
29  5    -0.07743707      0.1334149
29  6    -0.08904113    -0.02779911
29  7    -0.05169121     0.06957339
29  8    -0.08216655     0.08453163
29  9     -0.2585151   -0.004597246
29 10     -0.1504202   -0.000180712
29 11     0.04375592    -0.08375496
29 12      0.2523889     0.01366443
29 13     0.01655105     -0.2256833
29 14    -0.02458818    -0.07100071
29 15     0.01845171    -0.01961845
29 16       -0.20723      0.1653017
29 17     0.03365008     -0.1182122
29 18     -0.1465622      0.2360588
29 19      0.1682607       0.015021
29 20      0.1313934     -0.2208803
29 21    -0.09630979      0.2221429
29 22    0.008826427      0.1751982
29 23      0.1009773       0.203181
29 24      0.1777011     -0.1661185
29 25     -0.1637405    -0.06483078
29 26      0.0182352     -0.2773369
29 27      0.0279238     -0.1391211
29 28      -0.126624     0.01853098
29 29    -0.01693952     0.07929026
30  0    -0.06619168              0
30  1      0.1278511    -0.02718992
30  2     0.08956534     -0.3771002
30  3     0.08003754      0.1388195
30  4    -0.02747487     0.06437751
30  5     0.09414101    -0.04020003
30  6      0.1154458      0.1575213
30  7      0.2702796    -0.07726967
30  8    -0.06797409     -0.1293342
30  9    -0.07355598    -0.09428757
30 10    -0.01428818     0.07253405
30 11     -0.1359755     -0.1485141
30 12     0.04325879     0.06733344
30 13     0.07280052    -0.03256223
30 14      0.1741237     0.08790764
30 15      0.1867293    -0.06073041
30 16      0.3180605      -0.119669
30 17      0.1489929    0.008961564
30 18      0.1257525      0.1273277
30 19    -0.08526773     -0.1551594
30 20    -0.05014079     -0.1848248
30 21      0.0724581     -0.1284675
30 22    -0.01669953    0.003886002
30 23    -0.07082958    -0.09512661
30 24     0.02407702     -0.1689876
30 25      0.1060676     -0.3537753
30 26    -0.04450275     -0.1988607
30 27      0.1492503     -0.1112278
30 28     0.04890653      -0.220745
30 29      0.2115298    -0.04834465
30 30    -0.01425902     -0.2463492
31  0    -0.01171029              0
31  1      0.2346453     -0.1745705
31  2    -0.01024581    -0.06007057
31  3     -0.1527793      -0.122513
31  4     -0.2765599    -0.09351344
31  5      0.1635064      0.1182887
31  6      0.1392815     0.09439279
31  7     0.08887005     0.07658987
31  8     0.05443618      0.1192254
31  9      0.2152652      0.1027869
31 10     -0.1746483     -0.2030027
31 11       0.157359      0.2950342
31 12    -0.01899775     -0.2316925
31 13     0.08497012      0.2968676
31 14      0.3631017     -0.1100862
31 15      0.2035118      0.1442823
31 16     0.04703363     -0.1914089
31 17     -0.1544481    0.004693489
31 18     0.03251595     -0.1135777
31 19     -0.0746701    -0.03091251
31 20     0.02012052      0.1319168
31 21     0.01705939     0.05536018
31 22     0.02557099     0.07601406
31 23      0.1492839     0.04029392
31 24      0.2149222     0.05342297
31 25    -0.06822026     0.05349606
31 26    -0.07074875     0.02467989
31 27     0.08532175     0.08574409
31 28   -0.002437843     0.08062144
31 29    -0.05035785     -0.1814512
31 30    -0.01752023     -0.1187941
31 31      0.0439189     -0.2191589
32  0     0.04985773              0
32  1     -0.1371731     -0.3169066
32  2    -0.05812506     -0.1487203
32  3     -0.1284138     0.06407197
32  4     -0.1638461    -0.05973018
32  5     0.03481629     0.08614355
32  6     -0.1662838      0.1801575
32  7    -0.07695571   -0.003274323
32  8     0.07015572     0.02783102
32  9     0.09939935     0.08752292
32 10     -0.1446719     -0.1162556
32 11     -0.1422882    -0.06352354
32 12    -0.05136716    -0.04559743
32 13     0.04414864      0.1043918
32 14      0.2934262     -0.1303693
32 15    -0.04524014      0.2967095
32 16     0.09141528      0.1649987
32 17    -0.09794711      0.1960972
32 18      0.0587777      0.1217222
32 19    -0.02791344    -0.04577369
32 20     -0.2711591      0.1067452
32 21      0.1571863      0.3872076
32 22    -0.04948734     -0.1169535
32 23       0.113453      0.1167261
32 24     -0.1637611        0.23579
32 25     -0.2881416    -0.04022536
32 26      0.1721263    -0.03648287
32 27     -0.2253928     0.08867778
32 28     -0.2067799      0.2133437
32 29     0.01629421      0.1362749
32 30     -0.2324483      -0.101228
32 31      0.1165329     -0.1016099
32 32     0.02269152    -0.08427989
33  0    -0.05188221              0
33  1      -0.108585     -0.2713691
33  2     -0.1749434     -0.1180115
33  3     -0.1941093     -0.1725599
33  4      0.1834822      0.1291543
33  5     -0.1066139      0.2548703
33  6   -0.002194213      0.1653166
33  7     0.09836768      0.2998472
33  8     -0.1703433     0.06369995
33  9      0.1370747    -0.03689224
33 10    -0.08643265      -0.249386
33 11    -0.07206398      -0.028797
33 12     -0.1863995    -0.04528805
33 13     -0.1419589    -0.08079552
33 14    0.007881042      0.1968151
33 15     0.01256028      0.1309204
33 16     -0.0657194     0.07550957
33 17      0.1584473     0.07767478
33 18    -0.06868754    -0.04880507
33 19    -0.02079345      0.3250684
33 20    0.008718608    -0.02789257
33 21     -0.1047552      0.2186113
33 22      0.2592592       0.087796
33 23    -0.07791278     0.03747564
33 24     0.03361947      0.2409821
33 25    -0.01951689    -0.02880795
33 26      0.1029768    -0.09405716
33 27    0.008356087    -0.06926781
33 28    0.005736464    -0.09805006
33 29     -0.2014803      -0.132201
33 30    -0.03788762      -0.076058
33 31     0.06888088      0.1713854
33 32      0.1613103     0.07524444
33 33     -0.3144879      0.1629289
34  0     0.08261433              0
34  1    0.004318646     0.09897864
34  2      0.1181185     0.07837534
34  3      0.1055722    -0.03222555
34  4      0.2264568    -0.08092393
34  5       0.114177     0.05339189
34  6     0.04456051      0.1487243
34  7     0.07128564    -0.06470164
34  8     0.08241475      0.1027321
34  9      0.1249648     -0.0310297
34 10      0.2895101     0.02417389
34 11      0.0214394     -0.2815466
34 12      -0.066073    -0.01892878
34 13    -0.01706675     -0.1397206
34 14     -0.1777254      0.2366389
34 15    -0.03422337    -0.03990902
34 16     0.06483714    -0.02453986
34 17      0.2419276     -0.1567503
34 18    -0.01440699      0.0717127
34 19      0.0315736   -0.008503594
34 20      0.0681548     0.05631703
34 21     0.02799814      0.1306017
34 22      0.1659042     -0.1869301
34 23    -0.03173626      0.0278591
34 24      0.1290481    -0.01567952
34 25       0.123087   -0.006137641
34 26     -0.0017723     -0.0352028
34 27      0.3793628     -0.1113308
34 28     0.02396397     -0.0158949
34 29    -0.03030424    0.007519082
34 30       0.198568    -0.06888399
34 31     -0.1227824      0.1063335
34 32     -0.0370285      0.1259602
34 33     -0.2099742     0.03523644
34 34    -0.09691753     0.07470897
35  0      -0.105464              0
35  1     0.00240541     0.08607687
35  2     -0.1273652      0.0796075
35  3    0.005274535     -0.1839158
35  4      0.1546284     0.01251068
35  5    0.002450739     -0.1266481
35  6    -0.01109454     -0.2019296
35  7     -0.1447284     0.02842523
35  8     0.05547019     -0.2109646
35  9     -0.1254362      0.1352122
35 10     0.07914607     0.04719178
35 11     -0.1660565    -0.05385393
35 12     0.02533429  -0.0003213329
35 13      0.1195554     -0.1636541
35 14     -0.3298705      0.1517173
35 15     0.08241329     -0.0648073
35 16     -0.0455465      0.1469703
35 17      0.1682847     0.02170577
35 18     0.01298458     0.08247203
35 19     -0.1128848    -0.01063153
35 20    -0.09610549    -0.04699893
35 21      0.2869684     0.07926732
35 22     -0.0561626    -0.02822714
35 23    -0.07318174     0.03430416
35 24    -0.05963111     -0.1533455
35 25     0.08627247      0.2679342
35 26    -0.01199969     -0.1330636
35 27      0.1161056    -0.07935343
35 28     0.01737833    -0.09949644
35 29     -0.1189267    -0.04838642
35 30     -0.1374062     -0.1065953
35 31     0.07119411      0.2592164
35 32      0.1189175      0.1151448
35 33     0.09886951    -0.04049719
35 34    0.008135051     0.09145986
35 35     0.04487643      0.0927447
36  0     0.01656932              0
36  1     0.08043659     0.02499301
36  2    -0.06176145     -0.1121062
36  3     -0.1280875    -0.03272361
36  4    -0.06314018     -0.2201082
36  5     0.08965903    -0.06265669
36  6      -0.196289     0.02677098
36  7    -0.05116842    -0.08964591
36  8     0.05918984     0.03326873
36  9     -0.2025047     0.01541991
36 10    -0.08458517   -0.008480839
36 11      -0.236412     -0.1290797
36 12   -0.003232107      0.1486519
36 13     -0.2350539     -0.1230195
36 14     -0.1493264     0.07512928
36 15     -0.1153398      0.2705598
36 16        0.17386    -0.02725425
36 17     0.06824972    -0.03500735
36 18     0.01243529    -0.07988998
36 19     -0.1105171      0.0141617
36 20    -0.03512654    -0.08993866
36 21    -0.06352952    -0.05508566
36 22   -0.009915154     0.08335017
36 23     0.07239152      0.1043939
36 24      0.1398558     -0.2893621
36 25     -0.1306448     0.06204466
36 26    -0.04070857     0.08877914
36 27     0.04453766     0.07545935
36 28      0.1432629     0.09658296
36 29    -0.03702581    -0.06291953
36 30     0.07545276     -0.0166826
36 31    -0.04144356     0.05157978
36 32     -0.1306678     0.05215367
36 33      0.2053305    -0.05408651
36 34      0.2316087      -0.311306
36 35    -0.07572721    -0.05402401
36 36     0.08297236    -0.06867192
37  0     0.02041056              0
37  1    -0.07103677      -0.133438
37  2     0.03118578      0.2281138
37  3     0.04859481      0.0277432
37  4    -0.07265142     -0.2249845
37  5      0.1202498     0.03784997
37  6     0.00910895     0.09477435
37  7    -0.03298838     -0.1215522
37  8     -0.1348066    -0.03288938
37  9     0.04562316     -0.0909272
37 10       0.057387      0.2483453
37 11     0.02736164      -0.223099
37 12    -0.01239962     -0.0278314
37 13    -0.07173069      0.0970037
37 14    0.008898679     -0.1187754
37 15      0.1761003      0.1413527
37 16     0.05187528     -0.1921755
37 17     0.06894021     0.01589428
37 18      0.1014406     0.06380867
37 19     0.01938393     0.05315216
37 20     -0.1283343     -0.2903009
37 21      0.1725667    -0.07603841
37 22    -0.03038655    -0.08071861
37 23     -0.0234448     -0.1187403
37 24       0.229025     0.04457075
37 25      0.1434963      0.2198818
37 26     -0.3102561     0.01794398
37 27     0.02566331     0.02167965
37 28    -0.03579122       0.194907
37 29     0.09612828     0.09889349
37 30     -0.0480601    -0.09745408
37 31      0.2604254    -0.01304974
37 32     0.04056332     -0.2234709
37 33      0.1267305     -0.2974038
37 34    -0.09591019     0.09492598
37 35     0.04848186     -0.2342693
37 36     0.01989632     0.03265093
37 37    -0.07762537        0.10777
38  0     0.05113019              0
38  1     0.01682916     -0.2203073
38  2    0.006046145     0.07656708
38  3     -0.1152116      0.1656373
38  4    -0.05282452     -0.1173455
38  5     -0.1703964      0.2409042
38  6    -0.04680545       0.102102
38  7    -0.08418787      0.2707845
38  8     0.02436592     0.00576029
38  9    -0.01757144     0.01772933
38 10      0.2062992     -0.1714424
38 11      0.1231412    -0.08297706
38 12     0.04238952   -0.008756528
38 13     0.07237655    -0.01561485
38 14     -0.1902411     0.06557148
38 15    -0.01452332      0.1012764
38 16     0.01844685     0.01958033
38 17      0.1655066      0.1579653
38 18     0.03755047    -0.07997701
38 19     0.01490341    -0.03174814
38 20    -0.06906514     0.03573821
38 21    -0.07482775    -0.02634233
38 22     0.09328703     0.07109599
38 23     -0.1250832     -0.1378126
38 24      0.1714783     0.05474397
38 25     0.04935887      0.1087089
38 26     -0.1339821     -0.2662154
38 27      0.2106392    0.004353772
38 28    -0.06251493    -0.02583573
38 29    -0.06628442     0.02065986
38 30     -0.1901746      0.2207154
38 31      0.1156788     -0.1293558
38 32    -0.09347899    0.001759668
38 33    -0.09449667    -0.03376275
38 34      0.0496546    -0.03216179
38 35     -0.2480381    -0.01377009
38 36     0.07928491    -0.09121324
38 37    0.008518061    -0.03155699
38 38    -0.06759755     0.06925566
39  0     0.05449671              0
39  1      0.1852339    -0.09146942
39  2    -0.03763335      0.1676892
39  3      0.0237997      0.2448659
39  4      0.0756698    -0.01297021
39  5    -0.03598025    -0.09537608
39  6      0.0346748     -0.1094725
39  7       0.206747    0.001117187
39  8      0.1461623    -0.02835844
39  9     -0.1316195    -0.01223172
39 10    -0.09337591    -0.02975043
39 11     0.01983687     0.05095644
39 12      0.1572714     -0.1349354
39 13     -0.1823585     0.08607571
39 14     -0.1733127     -0.1109239
39 15      0.1202109      0.2218534
39 16     -0.1200917    -0.03821459
39 17      0.1057307    -0.01903342
39 18     -0.1456169    -0.02161101
39 19     -0.1723462     0.01171905
39 20    -0.09686948     0.04876862
39 21     -0.2122772      0.1378741
39 22     0.09471688     -0.0373467
39 23    -0.08026379     0.02527592
39 24      0.1918144     0.03731285
39 25     0.06825391   -0.007260263
39 26    -0.03465875     -0.1106745
39 27   -0.006354754     0.01120956
39 28     -0.1146753      0.1943162
39 29    -0.09637883    -0.03217322
39 30    -0.07931495      0.1678867
39 31     -0.0450603     -0.2601781
39 32     0.08481418     0.01356018
39 33    -0.09735137     -0.1038523
39 34       -0.23466     0.02416105
39 35    -0.01563255     0.02188448
39 36     -0.0624352     -0.2423118
39 37    0.004772924     0.01010712
39 38      0.1623868      0.1290347
39 39     0.06546209      0.1170124
40  0    -0.01547212              0
40  1     -0.1343171  -0.0008262777
40  2    -0.09923498    -0.03097591
40  3     0.06296529    0.006440909
40  4    -0.02831538     -0.1068936
40  5      0.1265499    0.004357404
40  6       0.180649     -0.1760853
40  7    -0.02071211   0.0004483097
40  8      0.1819244   -0.003201357
40  9      0.1097484     -0.1023503
40 10      0.1271917     0.01003401
40 11     -0.1126511    0.003276596
40 12      0.1068747    -0.07855516
40 13    -0.07453344    -0.04794797
40 14     -0.1565223    -0.08394714
40 15    -0.06435248     -0.1865356
40 16      0.2151712    -0.07832909
40 17     0.04102087     0.02661267
40 18     0.01305254    -0.06123726
40 19    -0.07466412     -0.0283548
40 20     -0.2943854      0.1026052
40 21    -0.09178294      0.1491028
40 22     0.01898015    -0.07976196
40 23     -0.1892801     0.04006981
40 24     -0.1324288     0.07139368
40 25     -0.1510043    -0.05673214
40 26     0.08941885    -0.04636194
40 27     0.01810199     0.02056458
40 28     0.06596983       0.110822
40 29     -0.1914238      0.2423798
40 30    -0.04456488      0.1483209
40 31      0.2034297    -0.02192696
40 32        0.10468     0.07195899
40 33      -0.112418      0.2423118
40 34     -0.1313451     -0.1187174
40 35     -0.2973481      0.0105572
40 36    -0.08410292     -0.2160586
40 37      0.1079145    -0.07937536
40 38     0.04768234    -0.09200189
40 39     0.07448672      0.2081919
40 40     0.08102388     0.05399897
