# Love 70 s group velocity model
# from Larson & Ekstrom (1999), for more information, see
# http://www.seismology.harvard.edu/projects/surfwave/LE99-Pageoph
# Spherical harmonics, columns are: l m Alm Blm
 0  0     0.02125961              0
 1  0      -2.926635              0
 1  1       2.105405       2.281446
 2  0      -1.616998              0
 2  1       2.187342       4.736096
 2  2       4.585608     0.06313697
 3  0       0.886925              0
 3  1       -1.23621       1.851228
 3  2       2.898146      -3.452023
 3  3       1.918177       4.056774
 4  0     -0.2050776              0
 4  1      -1.710498     -0.8920586
 4  2       2.273154      -1.554441
 4  3       2.077124      -1.270578
 4  4      0.4430059      -1.463155
 5  0        1.93628              0
 5  1     -0.9205096      -1.267729
 5  2     -0.7901855      0.5260171
 5  3       1.100457     -0.6820474
 5  4      -1.878342     -0.9439675
 5  5     -0.5532359      0.8163662
 6  0     -0.1924248              0
 6  1      0.5072181      -0.276865
 6  2     -0.9098819       1.563146
 6  3     -0.5486394      0.3797053
 6  4      -1.270649       1.512518
 6  5      -1.453433     -0.7862068
 6  6     -0.8102559      0.2289799
 7  0      0.2116919              0
 7  1       0.455845      0.5673178
 7  2     -0.8920607      0.2099125
 7  3      0.3057361     -0.2644204
 7  4       1.237163      0.5910768
 7  5      0.2921383      0.6781297
 7  6      0.7096894      0.1158656
 7  7     -0.3553981      -1.156003
 8  0      0.1196554              0
 8  1     0.06319657    -0.04884436
 8  2      -1.869304      -0.211495
 8  3      0.3793436      0.3375545
 8  4    0.000682287     -0.3837393
 8  5     -0.2375898      0.2941519
 8  6     0.09232394     -0.2990804
 8  7       1.373739      0.9382498
 8  8      0.7990567      0.9157965
 9  0      0.5870262              0
 9  1      0.7216165       1.110953
 9  2      0.2874687    -0.07863283
 9  3      -1.111841     -0.1187783
 9  4      0.1255859     -0.4495403
 9  5     0.02149064      0.2621043
 9  6      0.2158641     -0.5600537
 9  7    -0.05585489      -1.494108
 9  8      -1.006107     -0.7650173
 9  9       -1.62382     0.04653133
10  0      0.7168145              0
10  1      0.3437085     -0.3080765
10  2       1.190845      0.1153951
10  3    -0.08432344     -0.5251762
10  4       1.136002     0.04313131
10  5     0.07295317      0.4449138
10  6      0.6372333      -0.207249
10  7      0.2520692     -0.8062387
10  8      -1.109908      0.5108702
10  9      0.3970979      0.3619215
10 10     -0.4748488     -0.4523914
11  0      0.4838175              0
11  1       1.090197     -0.3188863
11  2      0.1641751      0.2490134
11  3     -0.2581504     -0.5355371
11  4     -0.1227489      0.2868831
11  5      0.5894784      0.4329302
11  6     0.02359189      0.3812055
11  7       -1.48699     -0.1482999
11  8     0.08921251     -0.2529238
11  9     -0.1050761       1.189029
11 10     -0.5251517    -0.09763855
11 11     -0.0375787     0.04587081
12  0     -0.0464567              0
12  1     0.01915937     -0.5214692
12  2      0.3045554     -0.5357044
12  3     -0.1074958     -0.3327486
12  4    -0.04172865   -0.005258843
12  5     -0.4949124     -0.2880049
12  6    0.006294745   -0.008298318
12  7     -0.7217652     -0.2463856
12  8      0.5294248      0.1227085
12  9      0.3859092      0.7729627
12 10     -0.3838665      0.5808542
12 11      0.1767854     -0.1422445
12 12      0.8035307     -0.2484002
13  0      -0.365202              0
13  1     -0.2621259     -0.1613552
13  2      -0.191651     0.09803389
13  3     -0.1429243      0.3204538
13  4     -0.1423341     0.08631379
13  5     0.04708914     -0.1262619
13  6      0.2504543      0.2704515
13  7      0.1609997    -0.04968841
13  8    0.007065508     -0.2293458
13  9   -0.004388919      0.5917499
13 10      0.1419832      0.1196565
13 11    0.007808951     -0.1651264
13 12     0.06114716     -0.0446195
13 13     -0.5226412     -0.1035875
14  0     0.09970568              0
14  1      0.1362645     0.08052678
14  2      0.3960454      0.1947635
14  3      0.2547202    -0.05963698
14  4     -0.6718355      0.3877557
14  5     -0.1364919      0.4636092
14  6     0.01990307     -0.1098801
14  7       0.207948      0.0610941
14  8    -0.06381336     0.08479792
14  9        0.38732   -0.008754011
14 10    0.002959436    -0.01439274
14 11       -0.11869     -0.1748747
14 12     0.09952335     0.05215783
14 13      0.1020006     -0.3349696
14 14      0.2960586      0.3235922
15  0     -0.1905971              0
15  1      0.1209385     0.06806111
15  2      0.2219895    -0.06013399
15  3     0.07989653      0.3443574
15  4      0.4830667      0.3437887
15  5      0.1854752     -0.2264401
15  6       0.256371      0.1474135
15  7      0.1016866    -0.04499424
15  8      0.1175036    0.005945275
15  9      0.2390292      0.4699954
15 10    -0.09001052       0.210558
15 11    -0.06371682      0.1630836
15 12     -0.2998935     -0.4276147
15 13    -0.08537839    -0.09664212
15 14     -0.2264878      0.1470787
15 15      0.3236099     -0.1544112
16  0     0.04673812              0
16  1    -0.07905342     -0.0892783
16  2      0.1270533     -0.1195625
16  3     -0.4306659     -0.2107594
16  4    -0.07348835     0.08723985
16  5     -0.1124572     0.06984226
16  6        0.18278     0.09655354
16  7    -0.06605803    -0.09909959
16  8      0.2595719     -0.1783722
16  9     -0.2683885     -0.3080682
16 10     -0.1465221    -0.07133352
16 11    -0.00787788      0.2656541
16 12       0.187418     -0.2335623
16 13      0.2587978    0.001139063
16 14      0.3345059       0.105337
16 15    -0.02022824      -0.219486
16 16     0.04440512     0.05366147
17  0     0.05173885              0
17  1      -0.333746     -0.3707006
17  2    -0.02923191     -0.1198037
17  3    -0.06501979      0.4348257
17  4     0.02972415    -0.08800083
17  5     -0.2813722     -0.2306657
17  6     -0.2472034   -0.003562282
17  7     0.03580293     0.02428691
17  8     -0.4038512     -0.0254379
17  9     -0.1454866     -0.5103437
17 10      0.1717897     -0.2120626
17 11      -0.121356      0.2433035
17 12     -0.5244943     0.06196775
17 13     -0.1394673     -0.0454439
17 14    -0.01153361    0.009917976
17 15      0.3455116      0.1684129
17 16      0.5299821     -0.5180512
17 17     -0.1483985     0.03704255
18  0     0.02761333              0
18  1      0.1743907     -0.1033317
18  2     -0.2207563    -0.02301012
18  3    -0.06566564    0.007299892
18  4    -0.06920234     -0.1512274
18  5     -0.2634109     0.04023731
18  6      0.3185817     -0.1125327
18  7      0.1772607      0.1205399
18  8      0.1589727      0.2054906
18  9    -0.06451935     0.05560263
18 10      0.2870678      0.4150243
18 11    -0.07664414     0.05635549
18 12      0.1761065     -0.2219395
18 13      0.1028902     -0.1747471
18 14    -0.07055376     0.03947515
18 15     0.06729417     -0.3476399
18 16      -0.307738     -0.1906525
18 17    -0.02569603    -0.02510066
18 18     0.04830033     -0.3105974
19  0    -0.02070328              0
19  1      0.1254501    -0.01625675
19  2     0.03396747     -0.1826039
19  3      0.0445635      0.1133722
19  4     -0.4469378       0.121491
19  5      0.1773431      0.4726429
19  6      0.2572977      0.0121826
19  7     -0.1109103    -0.05039597
19  8     -0.1530511      0.2073292
19  9      0.1064102      0.2667019
19 10      0.2626209     -0.1341669
19 11     -0.2813769     -0.1126308
19 12     0.07230809      0.1970799
19 13     -0.1656101    -0.04957593
19 14      0.1398959   -0.004238146
19 15     -0.1444743     0.08790126
19 16    -0.04543575      -0.143033
19 17      0.3238396    -0.07586905
19 18     0.01015826      0.2267247
19 19     -0.0799097     -0.1004669
20  0     -0.2536481              0
20  1      0.1672094    -0.03588114
20  2     0.03660571      0.1682733
20  3    -0.09898552      0.1599487
20  4     -0.1166147     0.02285488
20  5      0.1380182     -0.2099761
20  6   -0.006743378     -0.2054837
20  7     -0.3046721     0.07124731
20  8      0.1795774      0.2216436
20  9    -0.01140667      -0.184159
20 10      -0.119218    -0.07023733
20 11      0.2846799    -0.09884234
20 12     0.04674126     -0.1155374
20 13      0.4055241     0.09588762
20 14     0.02308471     -0.1123474
20 15      0.2014405    -0.08496457
20 16    -0.05218776      0.1207462
20 17     -0.3182317     0.02941843
20 18     -0.1067994      0.0751859
20 19    -0.04243433     -0.1504551
20 20      0.1896528     0.08422173
21  0    -0.06292459              0
21  1       0.148349      0.1752541
21  2      0.1185366      0.1573928
21  3     -0.1885455      0.1061883
21  4   -0.009122204     0.09498938
21  5    -0.08101629       0.135226
21  6     -0.1854275     -0.2785285
21  7     -0.1876612      0.1777773
21  8      0.2867461     -0.2580549
21  9      0.3190145     -0.2548311
21 10      0.1673275      0.2533077
21 11      0.2009579     -0.2263549
21 12     0.03107377    -0.06678914
21 13      0.1851332     -0.1883213
21 14      0.1919283      0.1646852
21 15      0.1526241    -0.02186955
21 16      -0.187044    -0.06412399
21 17     -0.1200036      0.2194161
21 18      0.1317221     -0.1730451
21 19     -0.1172879      0.2725483
21 20     -0.1548209     -0.2474967
21 21     -0.2054392      0.1524639
22  0      0.2611482              0
22  1      0.2512499      0.2074199
22  2      0.2483426     -0.1265831
22  3      0.2010087      0.4245517
22  4      0.1246013     -0.1435491
22  5     -0.2245626    -0.05927144
22  6     -0.2489556      0.0210382
22  7      0.2976765      -0.222394
22  8      0.4655882     -0.3440723
22  9    -0.04760916    0.003589845
22 10      0.1945679     -0.3341618
22 11     -0.1238654     -0.2299872
22 12    -0.06539626     0.05999928
22 13    -0.05744402      0.1162042
22 14     -0.5445599     -0.2604684
22 15      0.1226232     0.02414866
22 16    -0.09521269     -0.1528958
22 17      0.1181736      0.4289658
22 18    0.003852012     0.08759408
22 19   -0.009852892    -0.09447074
22 20   -0.007755188     0.01894312
22 21     0.07345505      0.2491949
22 22    -0.03942589      0.2196421
23  0     -0.2897662              0
23  1    -0.04511746    -0.03987023
23  2     -0.1488915     0.08267565
23  3      0.1761735      -0.243482
23  4     0.06861536     -0.1241282
23  5     0.09330951    -0.03522725
23  6      0.1952812    -0.02518081
23  7     0.01362519      -0.101394
23  8    -0.09332917     -0.1809133
23  9     -0.1498529      0.1576769
23 10      -0.131436      -0.154643
23 11    0.002802262   -0.008903553
23 12    -0.03794733      0.2389094
23 13     0.05498268     0.06823786
23 14   -0.002866703      0.3628924
23 15     0.02172374     -0.2384298
23 16      -0.204566     -0.0799425
23 17  -0.0001935988    -0.09672198
23 18      0.1705227      0.4279719
23 19      0.1839351    -0.09124554
23 20     0.05390236      0.3223151
23 21    -0.01596678     -0.2291442
23 22       0.418571     -0.1133359
23 23      -0.125332     0.04669199
24  0    -0.01761391              0
24  1     0.07999372    -0.08197546
24  2     0.09163205    -0.05993281
24  3     -0.1385555     -0.1007079
24  4     0.08774685     0.01299233
24  5   -0.003033745      -0.243234
24  6       0.129633     -0.1670115
24  7     0.09286232     -0.1137237
24  8     0.02047689     -0.1540949
24  9     -0.1429474      0.2484365
24 10       -0.13873    -0.04136996
24 11      0.3115569   -0.007589432
24 12     0.08670935       0.141978
24 13      0.3677677    -0.09117532
24 14    -0.05502342     0.05382745
24 15     0.03206915     -0.3046412
24 16     0.03666838     0.03378329
24 17    -0.09170272     0.02835119
24 18      0.3409136    -0.09587649
24 19     -0.4306165     -0.0486001
24 20      0.2755872   -0.007140797
24 21      0.0873586       0.125608
24 22     -0.2226555      0.2103796
24 23    -0.09627381    -0.05303265
24 24      0.3768712     -0.1094457
25  0     -0.1114473              0
25  1      -0.138917    -0.09424326
25  2     -0.1498071   -0.003539002
25  3     0.09221864    -0.06019315
25  4      0.1649546      0.0494093
25  5     -0.1347947    -0.02236141
25  6     -0.3035125     -0.1488509
25  7     -0.1655686      0.2035358
25  8    -0.02168867     -0.1014458
25  9     -0.1879599     0.03210259
25 10   -0.006083439      0.0133389
25 11     -0.1894023     0.06152357
25 12      0.1629703     0.02202999
25 13     0.07129762    -0.06990739
25 14      0.2848605   -0.006390958
25 15    -0.06584495     -0.1220285
25 16      -0.104585      0.2208215
25 17     -0.2574311      -0.157679
25 18     0.09973144      0.1405121
25 19     -0.1448458      0.1022181
25 20     -0.1226576     0.04857759
25 21    -0.04260639      0.4210823
25 22    -0.02283992      0.1057804
25 23     -0.1315776      0.1326312
25 24    -0.06000271    -0.04870292
25 25     -0.3657926     0.04116867
26  0    -0.07638509              0
26  1      0.3709185      0.1093933
26  2    -0.02985082     -0.2176769
26  3     -0.1451968    -0.04596631
26  4     -0.3352675     0.02700518
26  5      0.4012423      0.1917057
26  6     -0.1134414     0.01158863
26  7    -0.08682136     -0.1016832
26  8       0.109738     -0.2126388
26  9    -0.09200664    -0.03054061
26 10      0.1860501    -0.03655445
26 11    -0.03830124      0.1523638
26 12      0.1886783      0.1308769
26 13     0.05753686   -0.007925041
26 14    -0.02569578      0.1805181
26 15    -0.03328445      0.1436054
26 16     0.05565097    -0.05009238
26 17     0.06420972    -0.07913239
26 18     -0.1578076     -0.1189937
26 19     -0.1462187   -0.004204624
26 20    -0.01192924      0.3301587
26 21      0.1323173    -0.02936095
26 22     -0.1474509     -0.1468407
26 23      0.2011224     -0.1095414
26 24      0.3043726     -0.2378599
26 25     0.06676964     -0.1229133
26 26     -0.1244296     -0.1608035
27  0     -0.1052813              0
27  1    -0.01718314       0.100603
27  2    0.003537428    -0.09559299
27  3      0.1378494      0.2180059
27  4     0.09095471      -0.153327
27  5      0.1319368      0.2144892
27  6     0.03869074      0.1244504
27  7    -0.05515445     -0.2013513
27  8      0.1733529    -0.06159892
27  9     0.01693351      0.1468347
27 10     0.02489445    -0.07589133
27 11     -0.0209275      0.1529918
27 12    -0.02800802      0.4089484
27 13     -0.1362158     0.01136372
27 14      0.1026701    -0.04390368
27 15    -0.05542663    -0.03726441
27 16    -0.04558987     -0.1342927
27 17    -0.07838711     -0.2897298
27 18     0.07843307      0.1411313
27 19     -0.3270257     -0.1301062
27 20     0.03815612      0.1642401
27 21    -0.01332419    -0.01508913
27 22      0.2698526      0.0929701
27 23    -0.05585257     0.07826924
27 24    -0.09552287     0.06365994
27 25     -0.1615496    -0.03853308
27 26       0.407293     -0.2033072
27 27    -0.01332339     -0.2540128
28  0     -0.1061139              0
28  1     0.02467327     0.03672832
28  2      0.3648504     0.08813033
28  3     0.07417043      0.1870959
28  4     -0.1545879      0.1364835
28  5    0.006175754    -0.02401954
28  6      0.1266322    -0.09476651
28  7     -0.0270465      0.3262645
28  8      -0.226393      0.1425284
28  9    -0.04891428      0.1244909
28 10      0.2941143      -0.109694
28 11      0.1913809     0.05329808
28 12      0.2070386     -0.1310968
28 13   -0.006588895     -0.2315079
28 14    -0.02389741      0.1885191
28 15     -0.1989239     -0.1411943
28 16      0.2753052    -0.09105284
28 17    -0.02920096   -0.009691873
28 18    -0.08335447      0.1101298
28 19     -0.1209985      0.1573766
28 20     0.08971263     0.03082168
28 21     -0.1451064     0.01721662
28 22     0.03845802      0.2674036
28 23     -0.2024486    -0.02939906
28 24      0.2262007      0.2506687
28 25      0.0248506    -0.08669488
28 26     -0.2400478     -0.1473848
28 27     -0.0458887      0.2779748
28 28    0.004994194     0.03082526
29  0    -0.08438399              0
29  1     0.01224965     0.03108172
29  2      -0.236306     0.09540828
29  3     -0.1035212    -0.05443837
29  4      0.1765601      0.1684669
29  5      0.1417236       0.317483
29  6     -0.2199929     -0.1740532
29  7    -0.08494239     0.06793998
29  8      0.3323306      0.1415304
29  9    -0.01615222     -0.2575508
29 10    -0.07158612     0.06571069
29 11     -0.1448703      0.0600477
29 12     0.07882655      0.2080677
29 13     -0.1051218    -0.02315885
29 14      0.1573852     -0.1977305
29 15      0.1814962     -0.2379388
29 16    -0.07544906     0.08243252
29 17     -0.1664716     0.03099852
29 18    -0.08071177      0.2070083
29 19     0.06913429    0.007795094
29 20    -0.09803658   -0.003869616
29 21     -0.1870125      0.1290328
29 22     0.08248948     0.08390568
29 23       0.110994     0.05058208
29 24    -0.05245397    0.008158656
29 25      0.1214914     -0.2204311
29 26     0.08293697    -0.09957051
29 27      0.1979234      0.0417574
29 28     0.05668432      0.2398522
29 29     0.03162478     0.08037891
30  0    0.008356724              0
30  1      0.1611457     -0.2549302
30  2      0.1401436   -0.002347677
30  3      0.1227927      0.4053302
30  4     0.06512679      0.1959155
30  5    -0.06168503     -0.1207553
30  6     0.06279556    -0.01633266
30  7    -0.01419726    -0.07283848
30  8     0.03910661     -0.1351045
30  9    -0.01966744    -0.08632781
30 10    -0.07975063      0.2114705
30 11    -0.08047765     -0.2824956
30 12     -0.1882266      0.0795669
30 13    -0.02143146    -0.02210931
30 14      0.2166654       0.155655
30 15    -0.08092976     -0.1289122
30 16      0.2025302      0.1338008
30 17     -0.1305656     0.03024666
30 18      0.1207199    -0.05162008
30 19     0.02307293    0.006478918
30 20     -0.1438497     -0.1030356
30 21     -0.1090091     -0.2187583
30 22     0.01133289     -0.1451688
30 23     -0.2346663     0.07402825
30 24     -0.2792219      0.1768089
30 25    -0.01133385     -0.2229769
30 26    -0.06451042     -0.1444861
30 27     0.07536606     -0.1551982
30 28     0.07625498    -0.07615662
30 29     0.07458142     -0.1357927
30 30     -0.1796827   -0.008311421
31  0     0.05078678              0
31  1     -0.1624219      -0.306031
31  2      0.1587762      -0.165964
31  3       0.203791     -0.1581957
31  4    -0.08574965     0.02509579
31  5     0.06127879      0.1995332
31  6     -0.2214203      0.2406423
31  7    -0.01248204    -0.07562306
31  8   -0.004151759    -0.01447934
31  9    -0.06939642     0.02118394
31 10    -0.01185762       0.094968
31 11     -0.1325663     0.07772469
31 12    -0.05022738       0.346898
31 13      0.1059237     0.06828326
31 14     0.06238077      0.1375115
31 15   0.0006626586     -0.1374189
31 16     -0.0652784     0.03424118
31 17      0.0184361      0.1467716
31 18      0.0811279      0.1184198
31 19    -0.05932543     -0.0664307
31 20     0.09214006     0.01017133
31 21    0.001375583      0.2930585
31 22      0.0371269      0.1237653
31 23    -0.02455961     0.04231666
31 24     0.02284467    -0.09020983
31 25    -0.02747815    -0.03623917
31 26     0.08370604     0.09899016
31 27     -0.2037583       0.335121
31 28     0.08558624    -0.04158106
31 29     -0.1526731     -0.1892511
31 30     0.06881718     -0.0995577
31 31     0.03806574     -0.2315909
32  0      0.1347286              0
32  1      0.1746566    -0.07588017
32  2     -0.1132652      0.1088801
32  3    -0.01448779      0.1551768
32  4      0.1910084     0.04129263
32  5     -0.1032909    -0.01655625
32  6     -0.1149184      0.1431739
32  7       0.226199    0.006017782
32  8    -0.02372197     -0.1095402
32  9   -0.008252172    0.006323946
32 10     0.04508401     0.01786736
32 11    -0.07219402    -0.05802199
32 12    -0.07489758     -0.1786486
32 13      0.1253861    -0.01742849
32 14     -0.1224127    -0.05235427
32 15      -0.223721      0.1056258
32 16     -0.1446728   -0.005525827
32 17   -0.006646718      0.1816119
32 18     -0.1463178      0.1221305
32 19     -0.1058637     -0.1297858
32 20     0.06250069     0.01795253
32 21      0.1988807      0.1894996
32 22     -0.2007358    -0.08781995
32 23     -0.1104741     -0.0257131
32 24     -0.2664282      0.1847766
32 25     0.08600291     0.08331735
32 26     -0.1597263      0.0638584
32 27      0.1096133     0.01142354
32 28    -0.07773545      0.1130916
32 29     -0.0299821    -0.01548424
32 30      0.2729708     0.03002519
32 31    -0.03002004    0.003487055
32 32      0.1020133     -0.0231908
33  0     0.04911638              0
33  1    -0.01876507     -0.1109873
33  2      -0.031299    -0.07146464
33  3     0.04681559    -0.06714399
33  4    -0.01898996     -0.1223541
33  5     -0.2232595    0.004480152
33  6    -0.03366758   -0.003914708
33  7     -0.1497452      0.2288259
33  8       0.114016     0.09586261
33  9     0.08342928    -0.06560208
33 10     0.02846587    -0.06765346
33 11     -0.3474554     -0.1992074
33 12     -0.1076246     0.02279363
33 13      0.1871376    -0.03619903
33 14       0.347155    0.009722914
33 15     0.06528667     -0.1001241
33 16       0.163363     -0.1143944
33 17    -0.09376463      0.0434649
33 18    0.006360965    -0.05440614
33 19      0.1435885     0.04450052
33 20      0.1368347     0.03293002
33 21     -0.1321132     0.05611251
33 22     0.00276341      0.1479272
33 23     -0.1634126     0.06694718
33 24        0.02848    -0.01064039
33 25     0.03860962    -0.03538403
33 26    -0.05873304    -0.02674098
33 27       0.088812    -0.07730108
33 28    -0.04938859      -0.304172
33 29     0.06425787    -0.02368301
33 30     0.08725332     0.03580998
33 31    -0.08803097    -0.02085342
33 32     0.05288068     -0.1169193
33 33     0.01946726     0.08946017
34  0      0.0736718              0
34  1     0.04447509      0.2854018
34  2      0.1020363     0.05004385
34  3    -0.07758219      0.1793835
34  4      0.1790976       0.278912
34  5      0.2077341     -0.1339944
34  6    -0.03924581     -0.1012122
34  7      0.2367306      0.1023022
34  8    -0.02391767     0.05450719
34  9      -0.121854     0.04016331
34 10      0.2892929     0.08203565
34 11     -0.1077175     -0.1110269
34 12     0.06254394      0.1279278
34 13     -0.1552753    -0.03953656
34 14     -0.1101562    -0.05923003
34 15     0.06798279     0.06636366
34 16     -0.1370467      0.0394458
34 17    -0.01815493      0.1655037
34 18     0.04175757     0.09323919
34 19      0.1482422      0.4410174
34 20      0.2364869      0.3164493
34 21     -0.1766833     0.05306374
34 22      0.1254066     0.09594357
34 23     -0.2591846     0.02624926
34 24    -0.04004108     0.01510837
34 25     -0.1146212     0.06316047
34 26      0.2004879     0.06957651
34 27      0.2745246      0.0745343
34 28     0.02903333      0.2688926
34 29     -0.2717311     0.04224318
34 30     0.09791934     -0.0985212
34 31    -0.01839435     0.02480595
34 32    -0.04836543   -0.005355555
34 33    -0.03575521    -0.01063606
34 34     0.09188247     -0.0275038
35  0      0.0445258              0
35  1     -0.1585735      0.1697026
35  2     0.09076903    -0.06532039
35  3    -0.01648653      0.1288854
35  4     0.02934016     -0.1405785
35  5      0.1139748     0.04254544
35  6     -0.1259288     0.06613804
35  7   -0.008576443     -0.1714911
35  8     0.02308115     0.03542699
35  9    -0.05167484    -0.03265825
35 10      0.1448788    -0.07576418
35 11      0.1031483    -0.06598479
35 12     -0.2200959     -0.1506144
35 13     -0.1246677   -0.007478811
35 14      -0.137913      0.0834195
35 15     0.08134441      0.1316859
35 16     0.07609029     0.02336899
35 17     -0.2164226    -0.07146475
35 18     0.05337903     -0.1809195
35 19      0.1215009    -0.06508517
35 20     -0.2931599    -0.02938496
35 21      0.1905731    -0.04089863
35 22    -0.03650799    -0.08698766
35 23     -0.1120857     -0.3718084
35 24     -0.1804221      0.1578026
35 25     0.03338442     -0.2323392
35 26      0.1123278      -0.173085
35 27    -0.04405625     -0.2296643
35 28    -0.06975458     -0.0365977
35 29     0.09728552     0.07522254
35 30     0.08397507     0.03613603
35 31      0.1697868     -0.1921295
35 32      0.1439264      0.1778632
35 33      0.1479443      0.0199051
35 34    0.009343483     0.05716333
35 35      0.1524549     0.08558048
36  0      0.1430617              0
36  1    -0.08928839    -0.06393985
36  2     0.01804466     0.01321294
36  3      0.1724252     -0.1702853
36  4     -0.1225591     -0.1701187
36  5      0.2009889    -0.02044809
36  6      0.2772307    -0.02337687
36  7     0.04703852     0.06854153
36  8      0.1729877     0.01515753
36  9     0.05295302      0.2727523
36 10     -0.1851528    -0.02611558
36 11   -0.003219376     -0.1665912
36 12     0.06479757      0.1245925
36 13   -0.006146888    -0.06484257
36 14    -0.05953981     0.04903402
36 15     -0.1498841      0.1951274
36 16     -0.1046113     -0.1164273
36 17     0.02370973    -0.07778313
36 18     0.09419877     0.05492916
36 19     -0.1913032     -0.1588555
36 20      0.1509805    -0.05107675
36 21    -0.01642251     0.05089005
36 22    -0.08215555      0.2606103
36 23      0.1483674      0.2728324
36 24     0.03883059     -0.2414848
36 25   -0.008364636      0.1118272
36 26    -0.08485255    -0.06498776
36 27    -0.09232765    -0.07183349
36 28    -0.02486545    0.003961609
36 29    0.006068877    -0.08530086
36 30     0.07990693   -0.001125048
36 31   -0.002916452      0.1661277
36 32    0.006548791     0.04517144
36 33      0.2071418     0.08001161
36 34     0.06517351     -0.2661678
36 35     0.04896501    -0.03619578
36 36    -0.01292949     0.04589114
37  0     0.06646548              0
37  1      -0.161885    -0.06315033
37  2     -0.1046003     0.01671646
37  3     0.01641152     -0.2347327
37  4    -0.05779808      -0.235957
37  5      0.0542409      0.0486034
37  6     0.08129598     0.02144789
37  7     0.08756959    -0.03354508
37  8    -0.01778626     -0.1696773
37  9     0.07626506   -0.007484101
37 10    -0.09039571      0.1611926
37 11    -0.05574469      -0.214914
37 12     -0.1201174    -0.09281294
37 13     -0.0839192    0.005699996
37 14     0.07012351    -0.03433115
37 15     -0.2757691     -0.1944325
37 16    0.006202265    -0.04130182
37 17      0.1917381     0.04125781
37 18     0.05508266     -0.1425162
37 19     0.04740733    -0.02528979
37 20      0.0125134    -0.08389195
37 21     0.05898094     -0.3162592
37 22    -0.03768848      0.1283606
37 23    -0.06043758   0.0001339911
37 24     -0.1359061     0.02461078
37 25     0.04759867    -0.01762017
37 26    -0.08281253    -0.07999165
37 27     0.08251828      0.1815226
37 28      0.1522791      0.1061729
37 29      0.2004905     0.08462325
37 30     0.01966871     -0.0535255
37 31      0.1975581     -0.1055202
37 32     0.01448626     -0.2874256
37 33    -0.01130769    0.005396891
37 34     0.06313656    -0.05986029
37 35     -0.1004227    -0.02121555
37 36    -0.06175463      0.1081143
37 37     -0.1535467     -0.0331347
38  0     0.07056601              0
38  1    -0.08622444    0.008689068
38  2    -0.03988162     0.06163729
38  3      0.1544456     0.06317315
38  4      0.1589938    0.001954865
38  5     0.02831475    -0.08631361
38  6     0.08888073      0.1125129
38  7    -0.09073212     0.09516125
38  8    0.002383298     0.01189097
38  9     -0.2624972     0.09059206
38 10     0.01221579     0.01354397
38 11    -0.01760077     0.02182409
38 12      0.2095828    -0.02423131
38 13     0.06531324     0.05502263
38 14     -0.0394714      0.1702574
38 15     -0.1482059      0.1403269
38 16      0.2435328     0.01161949
38 17      0.2208855      0.1473689
38 18   -0.001240987    0.006550315
38 19     -0.0205736     0.09717642
38 20     0.01049147     0.07533897
38 21      0.1297016      0.1205111
38 22    -0.08209366      0.1545171
38 23     0.01551858     -0.1203296
38 24      0.2238959    -0.05721241
38 25     0.05940513     -0.1273688
38 26    -0.01827974     0.02560063
38 27     0.05896683    -0.05452301
38 28    -0.03064234    -0.04815942
38 29      -0.229647     0.05012702
38 30    0.006989454      0.2751018
38 31      0.1271601    -0.04637221
38 32     0.03099899      -0.120664
38 33   -0.001368205      0.1616716
38 34     -0.1698213      0.1434548
38 35    -0.04311055    -0.05808897
38 36      0.1404419     0.09997241
38 37     -0.0588342     -0.0632766
38 38     0.03569097    0.008331872
39  0    -0.02631795              0
39  1     -0.1656855     -0.2377827
39  2     0.04697499     0.04541492
39  3     0.09672699      0.1226683
39  4    -0.05105951    -0.07045555
39  5     0.05306736     0.08070823
39  6     -0.1647339     -0.1895525
39  7     -0.1330184     -0.2433102
39  8     -0.2498399   -0.009120666
39  9        0.05702      0.1162652
39 10     0.01330695    -0.02696289
39 11     -0.1211178    -0.06679956
39 12     -0.2056364     -0.0187405
39 13       0.109906    -0.03108646
39 14      0.0807317     0.01849602
39 15    -0.01997566      0.2035843
39 16    -0.02350691     -0.1434517
39 17      0.0270103    -0.09960464
39 18     -0.1556643    -0.00835338
39 19     -0.0553223     -0.1525924
39 20      0.1309284     -0.1727326
39 21     -0.1646358     0.04889621
39 22     0.05961236      0.1225054
39 23     -0.1063394     0.02390822
39 24      0.2386852     -0.0250766
39 25     -0.1597813     0.02726502
39 26     0.09789664    -0.01929131
39 27      0.1044067     -0.1207569
39 28    -0.07091693      0.1629336
39 29     0.02445296     0.04463353
39 30     -0.0976982      0.1411735
39 31    -0.05110418     -0.1630995
39 32     0.03579471    -0.07700542
39 33    -0.06065561    0.001325282
39 34     -0.2805141    -0.02048918
39 35    -0.07301913     0.03096293
39 36     -0.0284156      0.1471822
39 37     -0.2392891     -0.0272182
39 38     0.03646972    -0.07819947
39 39    -0.03647473     -0.1134323
40  0    -0.06490248              0
40  1      0.0409813      0.1326951
40  2     -0.0611007      0.1627151
40  3    -0.05599833      0.1207648
40  4      0.1046271     -0.1040848
40  5     0.01996969      0.1947335
40  6      -0.153133     0.03313489
40  7     -0.1743697     0.04547255
40  8     0.03019808      0.1718124
40  9      0.2145022     -0.2038293
40 10      0.1119035     0.08473017
40 11    -0.08624939      0.1568089
40 12       0.131707     -0.0250611
40 13    -0.06373269     0.04851265
40 14     0.09753706    -0.01335026
40 15     0.02451468    -0.04680856
40 16     0.06550848    -0.09846153
40 17     -0.1408723    -0.02787074
40 18      0.1650489     0.02565523
40 19     -0.1035564    -0.07001317
40 20    0.003905261     -0.2623965
40 21    -0.04885425     0.04240828
40 22    -0.01531994     -0.1207585
40 23    -0.06423133     0.03793651
40 24     -0.1158063     0.02213605
40 25     0.02997829      0.1002253
40 26    -0.04752223     -0.1267858
40 27     -0.1574677     0.06163086
40 28      0.1186563      0.1130566
40 29     -0.0626156     -0.0234338
40 30     -0.0388314      0.1416667
40 31     0.05567044     0.08195922
40 32      0.0948995     -0.1291374
40 33     0.04399426      -0.116918
40 34    -0.08675315     -0.1551753
40 35    -0.08890305     -0.1176855
40 36    -0.05402789     -0.1093004
40 37     -0.1121795      0.0270677
40 38      0.1332069    -0.09972196
40 39     -0.0758692     0.01530875
40 40     0.06131816      0.1421933
