# Love 80 s group velocity model
# from Larson & Ekstrom (1999), for more information, see
# http://www.seismology.harvard.edu/projects/surfwave/LE99-Pageoph
# Spherical harmonics, columns are: l m Alm Blm
 0  0      0.3530831              0
 1  0      -2.082878              0
 1  1       1.576232       1.726479
 2  0      -1.082153              0
 2  1       1.877859        4.09809
 2  2       4.099308     -0.3255014
 3  0      0.7906806              0
 3  1      -1.303016       1.419165
 3  2       2.086714      -2.519855
 3  3       1.843813        3.43612
 4  0     0.02370889              0
 4  1       -1.73673     -0.8401186
 4  2       1.577155      -1.067053
 4  3       2.083599      -1.265385
 4  4      0.5050305      -0.848713
 5  0        1.24418              0
 5  1      -0.934348      -0.989724
 5  2       -1.34707      0.5347304
 5  3       1.048807     -0.7835847
 5  4      -1.150173      -0.878843
 5  5     -0.6073514      0.4726085
 6  0     -0.1980653              0
 6  1      0.5469238     -0.1110631
 6  2     -0.9646989       1.680836
 6  3     -0.1971402     0.01829421
 6  4     -0.8877448       1.361835
 6  5      -1.560422     -0.6957632
 6  6      -0.484161      0.1739015
 7  0     0.05750734              0
 7  1      0.7494245    -0.07203414
 7  2     -0.7098346      0.3244361
 7  3      0.3435015     -0.3802066
 7  4      0.8009163       0.793317
 7  5      0.2124383       0.419734
 7  6      0.3487983     -0.3196823
 7  7     -0.1717124     -0.5374207
 8  0      0.1633846              0
 8  1      -0.236169      0.1473685
 8  2       -1.90666     -0.2024187
 8  3      -0.150329      0.2126559
 8  4      0.1028145     -0.3083102
 8  5     -0.2275697      0.4721126
 8  6     -0.1512666     0.02920078
 8  7        1.03822      0.7038323
 8  8       1.036336      0.6668623
 9  0      0.4228389              0
 9  1      0.5230547      0.9650342
 9  2      0.3049374     0.01233804
 9  3      -1.322777    -0.05352993
 9  4     -0.1860878     -0.2479732
 9  5      0.2196476     0.04093841
 9  6     0.08649413     -0.2157421
 9  7     -0.1762461      -1.419372
 9  8     -0.9425243     -0.6699753
 9  9      -1.203775     -0.1009094
10  0      0.4045112              0
10  1      0.2543234     -0.3446136
10  2      0.6160955       0.321291
10  3      0.2848481     -0.4266379
10  4        1.22692     -0.2840784
10  5     0.09552822      0.6471207
10  6      0.5337303     -0.2827103
10  7      0.1060286     -0.8881637
10  8     -0.5017254      0.3362484
10  9      0.6867939    -0.03389666
10 10     -0.7354684    -0.03326368
11  0      0.3663146              0
11  1      0.8661252      0.3025201
11  2      0.3479184     -0.1229112
11  3     -0.4929735     -0.2847158
11  4      -0.262399      0.6868521
11  5      0.2255225      0.5511762
11  6     0.07487673     0.09705584
11  7      -1.357814     -0.1676236
11  8     -0.1023888     -0.2070277
11  9     -0.1741782       1.262025
11 10     -0.3178832      0.2132619
11 11    -0.09984598     0.08432017
12  0      0.1046724              0
12  1     0.09530042     -0.4748729
12  2      0.4161706      -0.680474
12  3     0.05794351     -0.2457275
12  4    -0.04824576     0.04264548
12  5     -0.2985043     -0.2996605
12  6     0.04170027      0.2520603
12  7     -0.5013804     -0.2118993
12  8      0.6609456    0.002916028
12  9      0.2565719      0.5989656
12 10     -0.3054132      0.3886972
12 11      0.5911194    -0.02232063
12 12      0.7653627     -0.1735748
13  0     -0.3353958              0
13  1     -0.2036572     -0.1627295
13  2     0.09630856   -0.007431682
13  3     -0.1338236      0.2488145
13  4    -0.03521001      0.1902879
13  5      0.2902659    -0.07230467
13  6     0.01868817   -0.008271313
13  7      0.1460526     0.05590044
13  8    0.004773694     0.04158323
13  9   -0.007279597      0.6018459
13 10     0.08403496      0.1168142
13 11     -0.2665149     -0.1719941
13 12      0.1143788     -0.3485873
13 13     -0.4923139      0.1466791
14  0     0.02319228              0
14  1     0.03943141     0.01209927
14  2      0.2197172      0.2665946
14  3      0.1620971     0.03365377
14  4      -0.554808      0.3009539
14  5     0.08171232     0.05901546
14  6     0.01849475     0.07542831
14  7     -0.2001954     0.01089766
14  8     -0.0559457     -0.2011502
14  9      0.3543594     0.06365421
14 10     -0.1489671     -0.2275918
14 11      0.1282405    -0.03856936
14 12     0.08048359     0.03808767
14 13      0.1388457       0.129675
14 14      0.2889656      0.3007959
15  0     -0.1370754              0
15  1     0.02733797      0.4170625
15  2      0.3707694    0.001672175
15  3      0.3976372      0.4122639
15  4      0.2941045       0.185762
15  5     0.04835397    -0.06634209
15  6    -0.02726853     0.03469632
15  7      0.2899835    -0.01538911
15  8      0.1078278       0.157591
15  9    -0.01751114     0.09756259
15 10     -0.1600879      0.1112415
15 11      -0.111973     0.09581532
15 12     -0.2317222     -0.4388734
15 13     -0.2298967     -0.2067284
15 14       -0.18232      0.0266473
15 15      0.1554509    -0.05194758
16  0     -0.1839725              0
16  1      0.1267719     0.03639125
16  2     -0.1514716     -0.1564811
16  3     -0.5552299     -0.3340363
16  4      0.1430678    -0.03016655
16  5     -0.1977187      0.2352415
16  6      0.2041418     0.03761111
16  7      0.1714031    0.003944891
16  8      0.1340356     -0.2906763
16  9     -0.1090475     -0.3221517
16 10   0.0008608391     0.05697542
16 11     0.05774441      0.4753157
16 12    -0.03658218     -0.2509314
16 13      0.2774992     0.09334613
16 14      0.1344132    -0.07381254
16 15     -0.1135536     -0.1391391
16 16     0.03658873    -0.06004775
17  0    0.001510533              0
17  1     -0.1334597       -0.33962
17  2     0.03521173      0.1028652
17  3      0.1811427      0.4018523
17  4     0.05490092    -0.04623977
17  5     -0.2100793     -0.1698275
17  6      -0.171239    -0.02269816
17  7     0.04555084     -0.0206493
17  8     -0.3007889     0.09073077
17  9     -0.4121587      -0.334167
17 10      0.2432847     -0.1368355
17 11    -0.04545915    -0.08371605
17 12     -0.4047475     -0.1327098
17 13     -0.1212426     -0.2446106
17 14     0.05442891   -0.004393735
17 15      0.2202563      0.2951278
17 16      0.4127025     -0.4426853
17 17     -0.2050964      0.1171896
18  0     0.09602848              0
18  1    -0.03674116      -0.418055
18  2      -0.597374     -0.0514426
18  3    -0.05089765     0.06901189
18  4     0.03030994    -0.03477226
18  5     -0.2244305     0.08312583
18  6      0.1331421     -0.2441247
18  7     0.06091075      0.1545565
18  8     0.07849872      0.2172819
18  9     0.01213051    0.008203073
18 10      0.2747765      0.2198471
18 11   -0.001550106      0.2038793
18 12    -0.09260716     0.00971929
18 13     0.05546065      -0.183251
18 14    -0.04365836      0.1328829
18 15    -0.03828155       -0.29144
18 16     -0.1436456     -0.2275447
18 17     -0.0651736     0.05521841
18 18     -0.1102018     -0.2286186
19  0    -0.09099439              0
19  1      0.1783381     0.09546246
19  2      0.1338251     -0.1246267
19  3      0.1287025      0.1211659
19  4     -0.4428314      0.1155307
19  5      0.3691391      0.2363901
19  6      0.2918424    -0.06001691
19  7     -0.1540842      0.1810139
19  8     -0.1999586      0.1133557
19  9     -0.1000969       0.081306
19 10      0.3088019     -0.1319623
19 11    -0.09325704    -0.05242082
19 12      0.2035247      0.1700253
19 13    -0.09858107     -0.1104844
19 14     0.09201811    -0.08878537
19 15     -0.2678127      0.1317168
19 16     0.02859204     -0.2162782
19 17      0.1133915     -0.2819012
19 18     -0.0453151     0.01133983
19 19     -0.2418807    -0.08148327
20  0     -0.3507437              0
20  1      0.2622142   -0.007984326
20  2     -0.1490562    -0.09263904
20  3    -0.05573866    -0.01253517
20  4    -0.09446988     -0.1511298
20  5    -0.03912585    -0.04422896
20  6    -0.03008967    -0.04013523
20  7     -0.2137729    -0.08502578
20  8      0.2886278      0.1439538
20  9    -0.06809152      -0.261632
20 10     0.01639308     0.01601164
20 11      0.1052913    -0.05079982
20 12      0.1022858     -0.1990406
20 13      0.2424587      0.1795004
20 14     0.02406627      0.1055947
20 15    -0.09417184     -0.1671757
20 16      0.1986227     0.06721082
20 17     -0.1824169      0.1902403
20 18     -0.0720157      0.2382801
20 19      0.0213501     0.07181467
20 20      0.1861809    -0.01148986
21  0    -0.01677182              0
21  1   -0.001899072      0.1275648
21  2      0.1847481      0.4265503
21  3     -0.1794493      0.2135596
21  4    -0.05769258      0.1563629
21  5    -0.01786074     0.02625271
21  6     -0.1318451    -0.09173615
21  7    -0.01833271      0.3273447
21  8      0.3050256     -0.2119988
21  9      0.2586336    -0.09897995
21 10     0.03458226    0.003646152
21 11      0.2037493     -0.1703316
21 12    -0.07344984     0.02070218
21 13      0.1809837     -0.1657496
21 14    -0.05962727     0.04410695
21 15     0.04339964   -0.009758185
21 16     -0.1486861     0.03206262
21 17      -0.212558      0.2599091
21 18     -0.0064865    -0.08926246
21 19     -0.1720958     0.03488937
21 20      0.1255434     -0.1572909
21 21     -0.1915345     -0.1047072
22  0      0.0653922              0
22  1      0.3081612    0.005223248
22  2      0.1731584    -0.08830672
22  3       0.323185      0.1296751
22  4      0.2076169     0.05679298
22  5     -0.3685023       0.180771
22  6     -0.2216793      0.1273112
22  7      0.3338065     -0.3693832
22  8      0.2785354     -0.1361348
22  9     0.08142187      0.2349554
22 10     0.06499097     -0.3818766
22 11      -0.132725     -0.1972028
22 12      0.1033045    -0.08373682
22 13    -0.05256127      0.2095081
22 14      -0.486729     -0.1152209
22 15       0.056903    -0.06236154
22 16     -0.2213312     -0.1012235
22 17      0.1752219      0.1351005
22 18     -0.1720069     0.03615478
22 19    -0.06223705    -0.04231063
22 20    0.000449104     0.06262952
22 21    -0.04297616      0.1270769
22 22      0.1414553      0.1719051
23  0    -0.03865489              0
23  1    0.004419282   -0.002532681
23  2     -0.2446772     -0.1630346
23  3    -0.00854044    -0.07455117
23  4      0.3268166     -0.1409261
23  5      0.1614536     -0.2480571
23  6      0.1839129   0.0009635878
23  7    0.001066221    -0.04827176
23  8    -0.07725753     -0.1626328
23  9    -0.05633274     0.06752402
23 10     -0.0643721     -0.1126184
23 11      0.3232403     0.05517552
23 12     -0.1047507      0.2720276
23 13     -0.1774944    -0.04389125
23 14     0.01079327      0.3330935
23 15      0.1913453     -0.2773464
23 16     -0.0403015    -0.09629211
23 17    -0.01743828    -0.01156885
23 18      0.2155579      0.3955776
23 19      0.3272649     0.03706596
23 20      0.1749095       0.110607
23 21     -0.2446858     -0.1339109
23 22      0.4053738    -0.03575103
23 23     -0.1600709      0.2691365
24  0    -0.04020982              0
24  1     0.09228081    -0.02040468
24  2      0.1683791      0.1403531
24  3     0.05638187     -0.1911701
24  4      0.1277747    -0.05175087
24  5    -0.05503654     -0.2234302
24  6    -0.04755419     -0.1645532
24  7     0.01990351     -0.1633755
24  8     -0.1852598     0.08244734
24  9     -0.1175717      0.1194853
24 10     -0.1662773     0.02902701
24 11     0.01395518      0.1192576
24 12    -0.05286386   -0.009913707
24 13      0.2900468      0.1879257
24 14      -0.157474      0.0877489
24 15    -0.08199638     -0.1810019
24 16    -0.02757488     0.07192864
24 17     0.09292111     0.06801578
24 18      0.1350629     -0.3561676
24 19     -0.1677314     -0.0763905
24 20    -0.08314786     0.02054134
24 21     -0.0411001     0.01137882
24 22     0.05366019      0.1528678
24 23    -0.07897912      0.1565799
24 24      0.1896341    -0.02253046
25  0    -0.07214317              0
25  1     0.02088246     -0.2540791
25  2     -0.2406328      0.2140846
25  3     0.09441105    -0.06298182
25  4      0.1322141     0.08836906
25  5    -0.04219637     -0.2229271
25  6    -0.04723346     0.03196462
25  7     -0.1302856      0.2182557
25  8      0.1287315     -0.2056046
25  9     0.01498607    -0.04367843
25 10    -0.09651166     0.08100998
25 11     -0.1094286     0.01400724
25 12     0.06547263    -0.04256162
25 13      0.1614424    0.003748932
25 14     0.07997794    -0.04604793
25 15     0.07662141     -0.1639127
25 16       0.062911      0.1554187
25 17     -0.3663377     -0.1264416
25 18    -0.01535623      0.1751797
25 19     -0.1141491     0.09730548
25 20       -0.06259     0.01055198
25 21      0.1091721      0.2803352
25 22      0.2054327    -0.06155296
25 23     0.02198746     0.08160239
25 24   -0.003895896     -0.0720757
25 25     0.01398845      0.0183794
26  0    -0.04168711              0
26  1      0.1087931      0.1482899
26  2      0.3231966     -0.3041859
26  3    -0.06711026     -0.1154222
26  4     -0.1471174    -0.04899131
26  5      0.2150775      0.1207684
26  6     -0.1431779    -0.05368179
26  7     0.01768914     -0.2375743
26  8      0.1473448     0.02591505
26  9     -0.1528942        0.10027
26 10     -0.1023198    -0.02621312
26 11    -0.03212759     0.02886894
26 12    -0.01411216    0.003783228
26 13      0.1642436     0.05808024
26 14    -0.03001403      0.2069357
26 15      -0.239494      0.1995408
26 16     0.07665884     -0.1810796
26 17      0.0108773     -0.1030534
26 18     -0.1061687     -0.1239743
26 19     -0.1064816    -0.02277764
26 20    -0.04547988      0.2091541
26 21      0.0221028   -0.005823063
26 22    -0.00879834    -0.07082046
26 23      0.1199669      0.0642826
26 24      0.1684927     -0.1695837
26 25    -0.09546955     -0.1140744
26 26     -0.1888233      0.0228806
27  0    -0.02318681              0
27  1      0.1684063      0.2223586
27  2     -0.0828522     -0.1119447
27  3     0.03528922      0.1969197
27  4     0.03461911    -0.02083304
27  5     0.05562243      0.1396573
27  6      0.1011727      0.1500969
27  7     0.04115758     -0.1436327
27  8     0.08504479    -0.04989066
27  9    -0.03058498     0.05887725
27 10      0.1194041     0.04582448
27 11     0.04861354     0.02079548
27 12     0.07494397      0.2269485
27 13     0.04048127    -0.02327754
27 14     0.01092771   -0.006292046
27 15   -0.002207073    -0.06183649
27 16       -0.01256      -0.145441
27 17   -0.002675673    -0.01492749
27 18      0.1085721     0.02638081
27 19      -0.101905    -0.04212339
27 20     0.07089218      0.1394043
27 21    -0.02337186     0.04385718
27 22      0.1233023     0.04164945
27 23    -0.02977259     0.01124435
27 24      0.1383522     0.06039107
27 25     0.08642597     -0.1219043
27 26      0.2265322     0.02970622
27 27    -0.05393711     -0.3871163
28  0     -0.1245749              0
28  1    -0.08520783      0.1083514
28  2      0.1348595    -0.08699805
28  3     0.03284636     0.09281683
28  4     -0.1739203    0.001469949
28  5    0.002380424   -0.002909921
28  6    -0.04656006     -0.1604884
28  7    -0.04466937      0.1859763
28  8     -0.1266797       0.149563
28  9     -0.2078194       0.140025
28 10      0.1725532      0.1879912
28 11      0.1768374     -0.0633624
28 12      0.2797787      0.1697312
28 13    -0.07623423    0.007021164
28 14     0.02013063     0.03977997
28 15    -0.03620987     -0.1616647
28 16     0.04535305     0.09061313
28 17     0.03086124     -0.2318099
28 18     -0.2628688      0.1234757
28 19     -0.1539971     0.05647101
28 20    0.009882615     -0.1208322
28 21     -0.1390684   -0.001940866
28 22      0.2599138     0.07969797
28 23     -0.1191342   3.792374e-05
28 24    -0.01137426      0.1911854
28 25     0.05407819    -0.01790386
28 26     -0.1998217     0.07408486
28 27      0.0256122      0.3574066
28 28      0.2509165     0.03206842
29  0     -0.2095788              0
29  1    -0.02634936   -0.006350179
29  2      -0.104395     0.04393925
29  3     0.04978239    0.008022818
29  4       0.225187     0.01341583
29  5      0.1404222     0.05727519
29  6     0.05759302     0.06426302
29  7     0.03015231    -0.07724726
29  8      0.2667406      0.2263892
29  9     0.02365536     -0.2379929
29 10      0.1044753     0.03393766
29 11     -0.1051668     0.08106583
29 12    0.009539123      0.1007463
29 13    -0.02522928       -0.16204
29 14     0.01011515     -0.1508259
29 15     0.07375355    -0.08484565
29 16    -0.08060174     0.05230796
29 17     -0.0517007     0.02543927
29 18    0.009037916      0.2614278
29 19     0.03870401     -0.1506392
29 20     0.02623665    -0.02439347
29 21    -0.08083644    -0.02273421
29 22      0.1174357     0.01377776
29 23     -0.1173107    0.004552986
29 24    -0.05885161      0.1305397
29 25      0.1039757    -0.06137042
29 26      0.0645817     0.01601217
29 27      0.0237637     0.05942792
29 28      0.2282185     0.07136676
29 29     -0.1110863     0.06568622
30  0     0.07484841              0
30  1     0.07962509     -0.2349183
30  2     0.03022163      0.1075415
30  3      0.0843052      0.1347022
30  4     -0.0526958      0.1406061
30  5     0.07349759     0.05539242
30  6    -0.04538141    -0.06454585
30  7     -0.0781941      0.1702547
30  8    -0.04644703     -0.2018519
30  9    -0.08492043     -0.1014188
30 10     0.03817774     0.08286355
30 11    -0.06947875     -0.2111433
30 12    -0.06693673      0.2425181
30 13    -0.05750437      0.1407261
30 14      0.1422512    -0.01438188
30 15    -0.07179825     -0.1624935
30 16      0.0866655      0.1694006
30 17     -0.2529253     -0.1028085
30 18     -0.1154765     -0.2699459
30 19      0.1330447      0.0324243
30 20      -0.197339      0.1600205
30 21     -0.2235117     -0.2375954
30 22     0.01588325      0.2250697
30 23     0.01536034      0.1032995
30 24     -0.2443942     0.08260359
30 25    0.008867691    -0.09861627
30 26    -0.08606102     -0.0798903
30 27      0.1083098    0.006019214
30 28     -0.1303002     -0.1663953
30 29     -0.2124474     -0.1290803
30 30    -0.09524639     0.05334888
31  0      0.1530052              0
31  1     -0.1217413     -0.1956975
31  2     0.05792287     -0.2415283
31  3      0.2910022     0.06125161
31  4     -0.1846804      0.2160787
31  5    -0.09688178     0.06437827
31  6    -0.03824741      0.2137482
31  7    -0.05246491    -0.03012256
31  8   -0.003632432   -0.002050231
31  9      0.1180783      0.1095334
31 10     0.08276336      0.0968983
31 11     -0.2152595      0.1460741
31 12     -0.1133413     0.05305153
31 13     0.04342516    -0.02758185
31 14     0.04041544      0.1286183
31 15    -0.03374599    -0.07308852
31 16     0.03829673      0.0821209
31 17      0.1184948     0.01605372
31 18      0.0636448      0.2432193
31 19     -0.1417815    -0.06167609
31 20     0.02639016     -0.1550306
31 21     0.05232795      0.2634556
31 22       0.242065     0.03924383
31 23     -0.1538389     0.09432373
31 24       0.123213    -0.04746366
31 25    -0.02088218    -0.04933351
31 26     0.03241156      0.0539023
31 27    -0.09009488      0.2694013
31 28     0.06257686    -0.09116053
31 29    -0.01679346    -0.08709331
31 30      0.1073197     0.06608216
31 31     0.02498543    -0.03607984
32  0    -0.01455224              0
32  1      0.1100682     -0.0304944
32  2   -0.001675363      0.2113991
32  3     -0.1224152     0.06828087
32  4     0.01870934      0.1515788
32  5     0.01334295    -0.03053055
32  6      0.0753019     0.08005638
32  7      0.1841031     -0.1445337
32  8     0.07751598     -0.1074857
32  9    0.009267174     0.01844025
32 10     -0.1022824    -0.03651392
32 11    -0.03013928    -0.01869676
32 12   -0.003339934     -0.1165524
32 13     0.01714287     0.09810197
32 14     0.05907934     0.05030218
32 15    -0.03746283    0.004905402
32 16    -0.06546688     0.04517605
32 17    0.004559015      0.2346444
32 18     -0.1533837    -0.01668134
32 19    -0.07411844    -0.06696679
32 20     0.06407805     -0.1194347
32 21       0.109334     0.04738711
32 22     -0.1924184     -0.1437491
32 23      0.0292662    0.005343237
32 24    -0.06963605      0.1736914
32 25    -0.09564801    0.008025281
32 26     -0.1001524     0.04646215
32 27     0.02420394     0.01056966
32 28     0.01795449     0.02363385
32 29    -0.03639948     0.06873657
32 30       0.110477    -0.06985411
32 31    -0.07273917     -0.1614173
32 32     -0.0330806    -0.02215714
33  0        0.12567              0
33  1     0.08398802      0.2489217
33  2      -0.130937    -0.03852884
33  3    -0.06277682      0.1747733
33  4    -0.08687314     -0.0521202
33  5     -0.1693952     -0.2232384
33  6     -0.0141967      0.1236326
33  7     -0.2295058      0.3027942
33  8    -0.02872932      0.1550255
33  9    -0.05575539    -0.04368807
33 10     0.06960769    -0.01940545
33 11     -0.3377221     -0.0969054
33 12    -0.02760006       0.074475
33 13      0.1734245    -0.08317751
33 14      0.2662027    -0.07119869
33 15     -0.0725055     -0.1189319
33 16    -0.01106565     0.01737757
33 17     0.02407528    -0.06513461
33 18     -0.0099052   -0.008571652
33 19    -0.01708996     -0.1584786
33 20     0.05564084    -0.06522808
33 21    -0.05222715    -0.05250217
33 22     0.07431427      0.2875719
33 23    -0.03696029    -0.07412267
33 24    -0.06394234      0.2168448
33 25     0.05582723    -0.04372278
33 26    0.005538466    -0.05289623
33 27   -0.001465268      0.1390155
33 28    -0.08611564     -0.2020553
33 29      0.1426908   0.0005787938
33 30      -0.113641     0.04257094
33 31     0.09110726    -0.04035701
33 32    0.002976622     0.01055811
33 33    0.001426266   -0.002865484
34  0     -0.0967895              0
34  1     -0.1137624     0.01251484
34  2      0.0876727    -0.09350567
34  3   -0.001932117    -0.01762108
34  4     0.04481154        0.19372
34  5     0.05981767    0.006017819
34  6    -0.02057722    -0.05138818
34  7    -0.03928091      0.1622168
34  8    -0.02634034    -0.09956952
34  9    -0.07680307     0.07055693
34 10      0.1724412     0.01955279
34 11    -0.03075538    -0.05143207
34 12   -0.007564169      0.1047053
34 13       0.146597    0.005618547
34 14     -0.0125444   -0.001702192
34 15     0.07373366   -0.006942943
34 16    -0.01462022    -0.06257473
34 17      0.1708576       0.041395
34 18      0.1074481        0.17978
34 19    -0.05269801      0.1813766
34 20    -0.03236195       0.225762
34 21     -0.1565549     0.07513182
34 22   0.0004735906    -0.05837946
34 23    -0.07667476     0.05074979
34 24    -0.02192299     0.07243088
34 25      -0.017263     0.03857544
34 26    -0.03401019      0.1457162
34 27      0.3674737     0.09293012
34 28     -0.1246874      0.1988405
34 29     0.01027621      -0.134627
34 30     0.02405565    -0.03944115
34 31     0.03897376     -0.0314729
34 32    -0.04256205      0.0244213
34 33      -0.139027      0.1263725
34 34     0.02354373      0.1500512
35  0     0.08374502              0
35  1      0.1684001     0.07831743
35  2     -0.1167235    -0.04183618
35  3    -0.05946662    -0.01411041
35  4    -0.06678402     -0.0848809
35  5    -0.01402517     0.07348598
35  6     0.03280116   -0.001646283
35  7     0.03507787     -0.1910827
35  8     0.00689081    0.008423501
35  9     -0.1341043     -0.0212437
35 10     0.09052187     -0.1004292
35 11      0.1471993     -0.1494688
35 12     -0.2034416     -0.1236762
35 13     -0.1620473      0.1588046
35 14    -0.07068615      0.0105203
35 15       0.150339     0.07642534
35 16    -0.06343023     0.08598067
35 17     -0.1820637      0.1030714
35 18      0.1067029    -0.07385038
35 19     0.08014949     -0.2021234
35 20     -0.1611926    -0.03100834
35 21    -0.01705143    -0.03624393
35 22    -0.04227433    -0.06484779
35 23     -0.1694239     -0.3755331
35 24    -0.03041185      0.1399921
35 25     -0.1098566    -0.08929425
35 26      0.1489109    -0.04681089
35 27      -0.027199    -0.05894391
35 28    -0.04129019     -0.1361208
35 29      0.1208477     0.05520154
35 30     0.03582819    -0.01053437
35 31      0.1718713   -0.008333499
35 32     0.09554143      0.1234794
35 33       0.053457    -0.05173152
35 34     0.02829736   -0.005081902
35 35     0.09407791     0.01460324
36  0     0.07262004              0
36  1     -0.2438555    -0.03002239
36  2      0.1045668    -0.04555857
36  3      0.2813517     -0.1037916
36  4     0.09762285    -0.01014656
36  5      0.2798115    -0.09612635
36  6      0.2790655      -0.118543
36  7    -0.07325574      0.0325403
36  8    0.006517199    -0.05727804
36  9      0.1836316      0.1765075
36 10    -0.08736193    -0.03467486
36 11      0.1106324     -0.1127625
36 12      0.1163189     0.05921254
36 13    -0.06870491    -0.06799052
36 14    -0.09147412       0.106019
36 15     -0.2063012      0.1380149
36 16     0.02551182    -0.03402216
36 17       0.126688    -0.08687085
36 18     -0.1747373    0.007182542
36 19     -0.2281442     0.01250284
36 20     -0.0063768     0.03968663
36 21      0.1359247    -0.02498403
36 22     0.04382817      0.1077137
36 23      0.2071866      0.1705672
36 24      0.0752712     -0.2227296
36 25     0.03734697    -0.01427924
36 26     0.03154539     0.07239289
36 27    -0.08628799     0.07517611
36 28      0.0906583     -0.1723744
36 29     0.02801627     0.08413045
36 30    0.001962063       0.103525
36 31     -0.0165622      0.1575689
36 32     -0.1738198    -0.00303957
36 33     0.08803416      0.1275888
36 34     0.06533718    -0.03498086
36 35    -0.04291835     -0.0479135
36 36    -0.05325098     0.07020287
37  0      0.0939571              0
37  1    -0.07730959       -0.18567
37  2     0.06747274    -0.06405727
37  3    -0.01534059     -0.1916337
37  4    -0.05198823     -0.1341173
37  5    -0.02055579     0.08017194
37  6    -0.05700991    -0.03211318
37  7      0.1307379      0.1577795
37  8      0.0103817      -0.192263
37  9     0.02787754     0.05327118
37 10    -0.06324925    -0.01539611
37 11    -0.01730792     -0.1195488
37 12    0.004199096     -0.0134342
37 13     -0.0140272     0.06233458
37 14     0.01417997     0.03744294
37 15     -0.2277078     -0.1923734
37 16     0.09032288    -0.05354178
37 17      0.1169878     0.00731294
37 18       0.219343    -0.06280814
37 19    0.007151346    -0.03154975
37 20    0.004098555     0.03002242
37 21     0.01514889     -0.1218768
37 22     -0.2329654   -0.005273792
37 23      -0.149719    -0.01024954
37 24    -0.02269034      0.1484386
37 25    -0.01500144    -0.01970707
37 26     -0.1031351    -0.04106477
37 27   -0.002442156     0.02063834
37 28     -0.1797786    -0.07103602
37 29     0.06616172      0.1746353
37 30     0.06550665   -0.006933635
37 31      0.1726424    -0.05433981
37 32     -0.0530311    -0.09167264
37 33       0.141246     -0.0549942
37 34     0.06755301    -0.01594385
37 35      0.1269247    -0.04101783
37 36      0.0379282       0.273085
37 37    -0.04548157     0.06903316
38  0      0.0181551              0
38  1     -0.1413254     0.05249352
38  2     -0.1148681     -0.0210369
38  3      0.2171206      0.0349586
38  4     0.08737595      0.1184802
38  5      0.1298536     -0.1330179
38  6     0.06160722     0.04279523
38  7     -0.1302214    -0.05886463
38  8    -0.05377271    0.003094306
38  9     -0.1807766     0.03846764
38 10    -0.02994953     0.03154435
38 11     -0.1182204    -0.07281967
38 12      0.1164893      0.1133324
38 13     0.08221928    -0.03033688
38 14      0.1002587     0.06451496
38 15     -0.1163266      0.1809632
38 16     0.08164338     -0.1653874
38 17     0.08808918      0.1390166
38 18    -0.04958768      0.1295936
38 19      0.1581179       0.118699
38 20      0.1602392     0.01290464
38 21    -0.04116786     -0.1490135
38 22     0.02796696     0.03141161
38 23     -0.1767107     -0.1631145
38 24     0.05732071      -0.116874
38 25    -0.07163894     -0.1610385
38 26    -0.03874999     0.06118004
38 27     0.06802704      0.1046047
38 28   -0.003761254    -0.05210653
38 29  -0.0001466102     0.04350344
38 30     0.06721041      0.0602337
38 31      0.1807606   -0.005324154
38 32   -0.002158568     0.02891838
38 33    -0.08810702     0.06220466
38 34    -0.09395401      0.2289408
38 35     -0.1719451     -0.1097295
38 36    0.005033698     -0.1241865
38 37      0.0804735     -0.0326789
38 38    -0.03142673    0.001760126
39  0    -0.01957376              0
39  1     -0.2354383     -0.1395807
39  2      0.1237863      0.0835496
39  3      0.0694693     0.07359239
39  4    -0.02572959     -0.1566892
39  5    -0.09185982    0.009865196
39  6    0.004018328   0.0007568408
39  7    0.006458827     -0.1748387
39  8     -0.1504012      0.0210376
39  9      0.1528113       0.159502
39 10    -0.01267927   -0.002671283
39 11     -0.1512123     -0.1073777
39 12     -0.1294329    -0.02117754
39 13     0.03672659    0.009459797
39 14    0.006119648      -0.123171
39 15      0.0226409      0.1437663
39 16     0.07160655     0.08627412
39 17    -0.08104449    -0.06702817
39 18     -0.1072506     -0.1149154
39 19     0.01981237     -0.2629176
39 20   -0.009257012    -0.01192163
39 21     -0.0273205     0.01304779
39 22       0.131865      0.1382233
39 23    -0.03245066    0.008398543
39 24      0.1644619    -0.07918955
39 25    -0.08143189     0.01957001
39 26      0.1999237     -0.1068875
39 27     0.03197888    -0.07309464
39 28    -0.02795484     0.04690654
39 29    -0.02811965     0.09941221
39 30    -0.03652235     0.05227415
39 31     0.05054078    -0.03840784
39 32      0.1143518     -0.1072453
39 33    -0.03609155     -0.1563264
39 34     -0.2353831    -0.01426144
39 35     -0.2426026     0.02063133
39 36     0.08992394      0.2094751
39 37    -0.07817848      0.1272254
39 38     -0.1001335    -0.01952548
39 39    -0.05858858     -0.1030738
40  0    -0.02047578              0
40  1     0.07372833      0.1605007
40  2     -0.1294652    0.007723831
40  3    -0.08613971    -0.04817911
40  4    0.006661216    -0.08686107
40  5      0.1333236    0.005323672
40  6     -0.1530716     0.03798569
40  7     -0.1453886     0.06138529
40  8     0.02585266     0.05764726
40  9     0.02343793     -0.1546392
40 10      0.1121917    -0.04150223
40 11     0.02119138      0.1537722
40 12     0.09485884    0.006903619
40 13     0.04054319      0.0896687
40 14      0.1047772    -0.06106793
40 15     0.01975246      0.1281291
40 16   -0.006298997    -0.00775553
40 17     0.06117868    -0.06832829
40 18     0.08593369     -0.0306427
40 19     -0.1232104     0.08302463
40 20      0.1195067     -0.1645819
40 21     0.03482465     0.08581174
40 22      0.1028677     -0.1950219
40 23    -0.04873827    0.002259355
40 24     -0.1922037      0.1225866
40 25   -0.001536472      0.1343955
40 26    -0.05369227      0.1108653
40 27     -0.1801001     0.03957544
40 28      0.1066366     -0.0127543
40 29    -0.06083599     -0.0813112
40 30     -0.1073983      0.1031852
40 31     0.02285675      0.1066662
40 32      0.1158488     -0.1038813
40 33    0.002979143     -0.2036346
40 34    -0.04098242    -0.06268205
40 35      0.0923559    -0.01235598
40 36      0.1172456    -0.07421341
40 37     -0.1634099    -0.01634671
40 38     0.04884186     0.02656813
40 39     -0.1817388    -0.02509909
40 40    -0.06481536      0.0550551
