# Love 90 s group velocity model
# from Larson & Ekstrom (1999), for more information, see
# http://www.seismology.harvard.edu/projects/surfwave/LE99-Pageoph
# Spherical harmonics, columns are: l m Alm Blm
 0  0      0.5137911              0
 1  0      -1.388875              0
 1  1        0.90613        1.16578
 2  0     -0.7488271              0
 2  1       1.668157       3.797434
 2  2       3.713599     -0.4409701
 3  0      0.7510332              0
 3  1      -1.342966       1.076489
 3  2       1.505407      -1.856281
 3  3       2.075702       3.017279
 4  0      0.2727482              0
 4  1      -1.628428     -0.5887447
 4  2       1.088073     -0.6142957
 4  3       1.953478      -1.239863
 4  4      0.5695487     -0.4625764
 5  0      0.8555925              0
 5  1      -1.042447      -1.123636
 5  2      -1.531457      0.5897765
 5  3        1.28482     -0.6918069
 5  4     -0.5507299      -1.221468
 5  5     -0.8639955      0.1977744
 6  0     -0.2762437              0
 6  1      0.5033715      0.4503541
 6  2     -0.9111232       1.919883
 6  3     -0.1524551     -0.3721239
 6  4      -0.539005       1.222044
 6  5      -1.923502     -0.8024989
 6  6     0.04405272      0.4308625
 7  0     0.06458988              0
 7  1      0.7590092     -0.4360187
 7  2     -0.8924228      0.3638411
 7  3       0.608597     -0.4905349
 7  4      0.3708792      0.9339948
 7  5     0.08123767       0.657501
 7  6      0.3132218      -0.837037
 7  7     0.01843859     -0.3877531
 8  0     0.04780581              0
 8  1     -0.3691279      0.2220135
 8  2      -1.692519      0.0264274
 8  3     -0.4332364     -0.0556139
 8  4      0.4607207     -0.3647953
 8  5    -0.01435108      0.3719101
 8  6     -0.4336667      0.2199375
 8  7       1.075263      0.4883049
 8  8      0.9618305      0.5149223
 9  0       0.235554              0
 9  1      0.5779561       1.061873
 9  2     0.04262851     0.05734705
 9  3      -1.414931      -0.111698
 9  4     -0.2736895     0.02861905
 9  5      0.2948502     0.01094906
 9  6    -0.05417011     -0.6612588
 9  7     -0.1302465      -1.438886
 9  8      -1.210577     -0.6391591
 9  9     -0.8657554     -0.1707214
10  0      -0.117729              0
10  1      0.4785087     -0.3515101
10  2      0.3391915      0.3559057
10  3     0.06847668     -0.2782769
10  4       1.209414     -0.5380099
10  5     0.09608118      0.6560655
10  6      0.4544234        0.09338
10  7     0.06932686     -0.5747934
10  8     -0.3334896     0.08679258
10  9       1.014363     0.07175219
10 10      -1.004439     0.08702305
11  0      0.4277095              0
11  1      0.4075837      0.3139481
11  2      0.1214456     -0.1731456
11  3      -0.305998     -0.2962018
11  4     -0.6041571      0.9238535
11  5      0.2602898      0.5956306
11  6      0.1683318    -0.06218795
11  7      -1.054959     -0.1152654
11  8     -0.1409132     -0.2047378
11  9     -0.4095342       1.203324
11 10   -0.004683956      0.3927344
11 11     -0.2724305     -0.3384759
12  0      0.1994954              0
12  1     -0.3384415     -0.5440122
12  2      0.4994258      -0.637498
12  3      0.2129815      0.0184582
12  4      0.0501556      0.2887112
12  5     -0.2090638     -0.2510724
12  6     0.06236148       0.340828
12  7     -0.4950303     0.08973707
12  8      0.3611038     -0.2374657
12  9      0.3346346      0.7053074
12 10      -0.208749    -0.08824408
12 11      0.4535028      0.1955052
12 12      0.5185969     -0.1451869
13  0     -0.2459853              0
13  1     -0.2407347    -0.06373392
13  2      0.1057916     0.01842616
13  3     -0.2365142      0.3536363
13  4     -0.2813495    -0.07427863
13  5      0.3155749     0.03072288
13  6       0.103024     -0.2795725
13  7     0.04493015    -0.03154024
13  8      0.0928128     0.03637014
13  9      0.2466685      0.4823161
13 10     -0.1048591      0.1113954
13 11     -0.2133477     0.03990161
13 12      0.2067807     -0.3894503
13 13     -0.4418038      0.3155074
14  0     -0.1232592              0
14  1      0.0632555      0.1131773
14  2      0.2575862      0.0912108
14  3      0.2056414      0.1055127
14  4     -0.4001416      0.4027298
14  5      0.1634799     -0.1847883
14  6     0.09054437      0.2732086
14  7      0.1536765    -0.06791591
14  8     0.04883038     -0.1862315
14  9    -0.01925897    -0.01942794
14 10     -0.1657768     -0.2177926
14 11     0.07224587       -0.31712
14 12      0.1607802     0.02656347
14 13     0.08363877      0.1889326
14 14      0.3316518      0.3551588
15  0     -0.1488345              0
15  1     -0.2259003      0.1963736
15  2      0.3268731      0.1454863
15  3      0.2232191      0.1229989
15  4      0.2108111     0.06077591
15  5     0.06645923    -0.08377895
15  6      0.1373046     -0.2983958
15  7      0.1302082     0.08193997
15  8      0.1451427     0.06951965
15  9    -0.04829392    -0.04154376
15 10      -0.153401     0.05456375
15 11     -0.1551879     0.01978677
15 12     -0.2853128     -0.4734778
15 13      -0.400562    -0.02211567
15 14     -0.2232902      -0.101621
15 15     0.06564139    -0.04378451
16  0     -0.1455127              0
16  1      0.3015694    -0.03932208
16  2    -0.04184571     -0.1689805
16  3     -0.2038101     -0.2801779
16  4     0.07535644     -0.1026333
16  5    -0.09818274      0.1600915
16  6     0.06246173      0.1762814
16  7     0.09691973     0.02510728
16  8    -0.05656376     -0.2753645
16  9     -0.1858047     -0.1701848
16 10      -0.052148     -0.1159428
16 11      0.1199131      0.3978674
16 12    -0.02460187      -0.332105
16 13      0.2161486     0.07775529
16 14      0.1937855      0.1388626
16 15     -0.1814736      -0.122507
16 16    -0.08608373     -0.1641638
17  0     0.06111407              0
17  1    -0.06990038     -0.2017605
17  2      0.2614603    -0.04327074
17  3      0.4382181       0.167295
17  4     0.05341649    -0.05674407
17  5     0.01019321     -0.2944749
17  6    -0.01127853    -0.05164868
17  7     0.09872285     0.03952221
17  8     -0.2522173      0.1071872
17  9      -0.344343     -0.3883325
17 10      0.3415463    -0.09605833
17 11     0.07949315    -0.06714883
17 12     -0.3636362     -0.1078687
17 13      0.1484452     -0.1165446
17 14    -0.04059129     -0.2261793
17 15    -0.07670771      0.0432955
17 16      0.2640554     -0.1705701
17 17     -0.2782841     0.01260849
18  0    0.003107626              0
18  1    -0.01691095     -0.4035648
18  2     -0.2776281     -0.1051893
18  3    -0.04926354     0.03839844
18  4     -0.1178712   -0.004241309
18  5      -0.080769      0.0517466
18  6      0.0523846     -0.1538171
18  7    -0.04998348     0.04710221
18  8      -0.113424      0.1429237
18  9      0.1134805       0.263147
18 10     0.06721786     0.03251394
18 11     0.02726561      0.1785011
18 12    -0.03556849     0.02777891
18 13    -0.09734756    -0.01299049
18 14     -0.1319804      0.2083647
18 15      0.1540417     -0.2452691
18 16     -0.2561016     -0.2094905
18 17     -0.0326721     -0.2016461
18 18     -0.1676339    -0.07314179
19  0    -0.07837579              0
19  1     0.01558299     0.09832457
19  2     -0.0152799     -0.1057375
19  3    -0.02580835     0.09520903
19  4     -0.3328395      0.1614229
19  5      0.2380257      0.2498002
19  6      0.2287968      -0.063179
19  7      0.1074466     0.02847867
19  8      -0.108953     0.03450158
19  9       -0.15868     -0.1457754
19 10      0.1015395     -0.2061153
19 11    -0.06064874    -0.09452438
19 12      0.3127925     0.09820095
19 13     0.06011811     -0.1210772
19 14     -0.1154163      0.0567484
19 15     -0.3654906    -0.02197028
19 16    -0.09939701    -0.03241321
19 17      0.1860812    -0.07705206
19 18     -0.1514281      0.1098296
19 19     -0.2681031     -0.1059445
20  0     -0.1588201              0
20  1     0.06134424      0.1892218
20  2    -0.07521077     -0.1566292
20  3     -0.1458733       0.121566
20  4     -0.1988998    -0.03169454
20  5     0.09193552    0.008542643
20  6    -0.07502072      0.0342463
20  7     -0.2214937      -0.108154
20  8      0.1377905      0.1269655
20  9     0.05720495    -0.05998411
20 10       0.142881      0.1261398
20 11     0.08365384     0.03279416
20 12      0.1263263     -0.2456409
20 13     0.09166594     0.03447754
20 14     0.07961636      0.2411648
20 15     0.04790216     -0.2228044
20 16    -0.03188564     -0.0214497
20 17    -0.05337347    -0.03111402
20 18     0.02872266     0.09095271
20 19      0.0651249     0.01624778
20 20     0.02344823    -0.01849347
21  0    -0.05984692              0
21  1     0.09453235      0.1218703
21  2    -0.06508867      0.1648262
21  3     -0.0268044      0.2125437
21  4    -0.09359447      0.2390492
21  5    -0.01478385    -0.02421693
21  6    -0.00886031      0.1607349
21  7    -0.03962816      0.1224671
21  8    0.003950763     -0.1175591
21  9     0.06512287    -0.01688729
21 10      0.2732322    -0.07661629
21 11      0.2138796    -0.09261506
21 12     -0.1219828    -0.07862261
21 13      0.1388557     -0.1486124
21 14    -0.07699585    -0.05291056
21 15      -0.108208      0.0886462
21 16     -0.2342056     0.08170272
21 17     -0.1740094      0.2186091
21 18     -0.2054701    0.009496052
21 19     -0.1766198      0.1824363
21 20      0.1548899     -0.1056576
21 21     -0.1227627    0.006883057
22  0     0.02442064              0
22  1      0.2435454     0.09613355
22  2    -0.04245589    -0.01186053
22  3      0.2179971    -0.06460653
22  4     0.09733453    -0.06270652
22  5    -0.07021065     0.01999905
22  6     -0.1581444       0.071065
22  7     0.08771387    -0.07152171
22  8       0.334974      0.1445175
22  9     0.01363925     0.04790112
22 10    -0.07060832     -0.2526246
22 11     -0.1142467     -0.1832096
22 12     0.01424644      0.1062623
22 13   -0.000776442      0.2703173
22 14      -0.144843    -0.08690203
22 15      0.1009881    -0.05303006
22 16    -0.05539272      0.1050957
22 17     0.08196392     0.08531202
22 18     -0.1640852     0.04560436
22 19    0.000750555     -0.1128296
22 20    -0.08458094    -0.04177222
22 21    -0.01208485      0.2312661
22 22     0.06061639      0.1411776
23  0      0.1448936              0
23  1     -0.0422558     0.02828109
23  2      -0.138714     -0.1692002
23  3    -0.03909114  -0.0006383361
23  4      0.1232463    -0.03378959
23  5     0.06649331     -0.1503054
23  6     0.08200574     0.07188904
23  7      0.1290656    -0.06503776
23  8     0.04772315     -0.1797327
23  9    -0.09956374     0.05084035
23 10     0.05680379    -0.08696484
23 11      0.1088111     0.05388952
23 12     -0.1259667     0.03411253
23 13     -0.1044588     0.06338248
23 14    -0.04049363      0.1063282
23 15      0.2336466     -0.2859084
23 16    -0.02639171      0.1026073
23 17      -0.117781     0.03710342
23 18      0.3125534    -0.08026061
23 19       0.276092     -0.1798486
23 20    -0.00124606    -0.02613551
23 21     -0.2549525    -0.02062167
23 22      0.2301357     0.00904777
23 23     0.04993834      0.2674902
24  0      -0.129739              0
24  1      0.1545873    -0.05596218
24  2      0.1077578      0.1039713
24  3      0.0592184     -0.3281674
24  4    -0.01177155     -0.1104902
24  5    -0.09353074     -0.2026248
24  6     -0.2347204     0.01722131
24  7     0.01360038     -0.2898293
24  8     -0.2220526      0.1328414
24  9      -0.239335     -0.1035033
24 10     -0.2358781    -0.09261632
24 11   -0.009021883    -0.08388129
24 12      -0.267359     -0.1427315
24 13     -0.2164381     0.06352108
24 14    -0.08388082     -0.0102137
24 15    -0.08332652    -0.05969188
24 16     0.06963975     0.06809689
24 17    -0.01851836    -0.00894792
24 18     0.01950555     -0.1034694
24 19     -0.1221957    -0.04567022
24 20     -0.1926377      0.1316936
24 21      0.1385558      0.2375984
24 22     0.03076482     0.01770217
24 23     0.05788729   -0.005289602
24 24     0.05964658     0.07552917
25  0     0.04590136              0
25  1    0.007632751    -0.07879526
25  2     -0.2419569       0.049926
25  3    -0.01445692     0.03825946
25  4    -0.07793887      0.2381622
25  5    -0.03664108    -0.06252068
25  6    -0.05464388     0.09529719
25  7     0.04614712     0.07494833
25  8    -0.00625515     -0.1167458
25  9     -0.1347552     0.03582601
25 10      0.1738416    -0.01054323
25 11     -0.2819837    0.007689305
25 12      0.1152199    -0.01840354
25 13      0.3100202     0.02855735
25 14      0.0200364      0.1782044
25 15     0.06386346     -0.1717321
25 16    -0.07166101       0.194632
25 17     -0.2532573      0.1183225
25 18     0.08752055     -0.1969854
25 19     -0.1311338      0.1114038
25 20     0.01499618      0.1387709
25 21      0.1765895    -0.06408332
25 22      0.1642967     -0.1819354
25 23    -0.00251442    0.009354292
25 24     -0.2573622    -0.08289426
25 25    -0.04553504    -0.03969998
26  0     -0.1229143              0
26  1      0.2483065     0.00167256
26  2    -0.01056304     -0.1017815
26  3    -0.04395156    -0.07661689
26  4     -0.1804935     0.01114806
26  5      0.3404963     0.01233766
26  6      -0.193754     -0.0724205
26  7     -0.1023276    -0.02134264
26  8     0.09325706      0.1555614
26  9     -0.1507927     0.03737648
26 10     0.04407589     0.03907179
26 11    -0.07758494    0.004999203
26 12      0.1175024     0.02024768
26 13       0.163312     0.01888077
26 14     0.08085564      0.0295537
26 15    -0.08907326    -0.05677624
26 16      0.1242165     -0.1286495
26 17    -0.09613781     -0.2290241
26 18   -0.002674027     0.05683156
26 19    -0.08129884      0.1140983
26 20    -0.08917991     0.01316028
26 21      0.1850187     -0.1760488
26 22    -0.01665052     0.01764915
26 23   -0.003557905      0.1382753
26 24      0.2350883    -0.09159537
26 25     0.07928841     -0.1205999
26 26     0.07605805     -0.1619634
27  0     0.04014466              0
27  1     -0.1077739     0.03595585
27  2   -0.004271768     0.03742852
27  3      0.1066313     0.04238625
27  4     0.04871922    -0.09522624
27  5     -0.1323059    -0.04336529
27  6    -0.01959155    -0.03496154
27  7     -0.0505072    -0.08823006
27  8     0.05349786    -0.03059931
27  9     0.03327305    -0.04684798
27 10       0.132602     0.04376903
27 11     0.07365477     -0.3313429
27 12    -0.01292677    0.002731839
27 13      0.1104767    -0.01821374
27 14     -0.1620646     -0.1550557
27 15     -0.1007029    -0.06493367
27 16      0.1259104     0.04224264
27 17      0.1185002    -0.01605434
27 18     0.05710893     0.07375005
27 19     0.02632119     -0.1075046
27 20      0.2211769      0.0651355
27 21      0.1083727     0.04466939
27 22     0.07033771      0.1177205
27 23     -0.1418553     0.08297132
27 24      0.1618917      0.2135413
27 25       0.102499     0.01302771
27 26      0.1927618      0.2181913
27 27     0.02987926     -0.2487394
28  0    -0.06808215              0
28  1     0.03018101      0.1152475
28  2     0.06377602   -0.004582854
28  3   -0.008651375     0.04270751
28  4    -0.09506702     0.03551714
28  5     -0.1118698     0.02146665
28  6    -0.02782166    -0.05152817
28  7    -0.08088955     0.07068088
28  8     -0.1761885   -0.001833503
28  9     -0.1196784      0.1382695
28 10    -0.08853005      0.1052599
28 11    -0.09629223    -0.07546426
28 12     0.06973527     0.08258317
28 13     -0.0684977    -0.06730291
28 14    -0.01611974        0.11478
28 15     -0.1443433     -0.1155862
28 16      -0.150058     0.08337755
28 17      0.1226708     -0.1494655
28 18     -0.1913908       0.111465
28 19     -0.2365853      0.1665028
28 20     -0.0713465     -0.2044138
28 21    -0.02850179      0.1195499
28 22    0.009855372    -0.06592656
28 23    -0.09185833     -0.2265819
28 24    -0.04786601    -0.06112744
28 25      0.1997515     -0.1002622
28 26     -0.1927322     0.02088043
28 27    -0.05134662      0.1246071
28 28     0.06823981      0.1154025
29  0     -0.1243052              0
29  1      -0.104516     0.04272595
29  2   -0.006972999      0.1418072
29  3     0.02454745     -0.1256571
29  4     0.08625698    -0.04938605
29  5    -0.03311576     0.02073092
29  6    -0.03401743    -0.05711859
29  7    -0.03379188    -0.09813572
29  8      0.1910243      0.1171311
29  9     0.08736429     -0.1534141
29 10   -0.004952687     0.07522396
29 11     0.04621613      0.2009698
29 12      0.1426656    -0.02602751
29 13     -0.1078235     -0.1204753
29 14    -0.04930853     -0.1576002
29 15     -0.1377245      -0.017139
29 16      -0.198145     0.05850738
29 17     0.09285114     0.02635681
29 18   0.0006801272      0.2432233
29 19     -0.1222779    -0.05194773
29 20    -0.03101638    -0.07680169
29 21      0.0813977    -0.03304159
29 22      0.2352233    -0.06565474
29 23     -0.1256835     0.04458604
29 24    -0.03520099      0.1857208
29 25     0.01061649     0.05497818
29 26     0.07075703    0.005814675
29 27      -0.134211    -0.05426072
29 28      0.1867434   -0.007670099
29 29    -0.01380345    0.004816114
30  0      0.1072144              0
30  1     0.08483101     -0.1186367
30  2     0.03225733     -0.1024448
30  3     0.04162542     -0.1460036
30  4       0.026811    -0.09073724
30  5      0.2068204     0.05788697
30  6     -0.1681538    -0.07304207
30  7    -0.03397039      0.0413932
30  8    -0.02344393      0.0160796
30  9   0.0001142054     -0.1633958
30 10    -0.02069912    -0.01364023
30 11    -0.05345775      -0.137175
30 12     0.04351815      0.1410079
30 13    -0.09167723      0.1073141
30 14      0.1274523    -0.04842832
30 15     0.09299944    -0.06941167
30 16       0.173249    -0.01869936
30 17     0.02585934     -0.1825572
30 18     -0.1316231    -0.08398014
30 19     0.02270735   -0.001375476
30 20     -0.1395369      0.1663036
30 21     -0.1377282    -0.04754071
30 22      0.2363141      0.2067129
30 23    -0.04915033    -0.06609944
30 24      -0.147285     0.06980722
30 25     0.07018705     0.04861294
30 26     -0.1085568    -0.08034108
30 27      0.1976936     0.01618149
30 28   -0.008523828     0.02838615
30 29     -0.1411629     0.04496937
30 30   0.0004543299     0.02367107
31  0     0.04226401              0
31  1     0.02637159     -0.1786772
31  2    -0.01441731     0.00252873
31  3      0.1522419     0.04732954
31  4     0.01345495    -0.01318148
31  5     -0.2277313    -0.04816123
31  6      0.1719545       0.141328
31  7     0.05901634     0.05038514
31  8    0.006372342    -0.04606782
31  9    -0.07838544      0.1516116
31 10     0.05832433     0.06025905
31 11     -0.0966394      0.0681387
31 12   -0.004233179      0.1786717
31 13    0.008640237     0.05710743
31 14     0.05112896    -0.03544649
31 15      0.1003842     -0.0164887
31 16    -0.01674646     0.08657434
31 17    -0.06969696    -0.05418057
31 18     0.03175116     0.04945019
31 19    -0.05628146    -0.05927324
31 20    -0.05037997     -0.1168576
31 21     0.03583287     0.06194292
31 22     0.08568624     0.02836546
31 23      -0.143176    -0.02982905
31 24      0.1411654    -0.05973707
31 25     0.05727505     -0.1892883
31 26      0.1183492    -0.01747829
31 27     -0.1469324     0.06913834
31 28    0.005087475     -0.1814073
31 29      0.1365445    -0.04613248
31 30     0.04251844     0.02062397
31 31     0.06805823    -0.07214936
32  0    0.004271412              0
32  1    -0.03203061   -0.000691437
32  2     0.04502689     0.08403682
32  3    -0.06339159      0.1630575
32  4     -0.0330601     0.08921867
32  5     0.05169392     0.06261826
32  6     0.01917389     0.01869239
32  7      0.1085442      -0.216517
32  8     -0.0396685   -0.006879649
32  9    -0.03721929     0.02057858
32 10    -0.07295404    0.009541215
32 11     0.03049512    -0.03073138
32 12    0.008650514    -0.09144565
32 13      0.1208207      0.1903105
32 14     0.03226192     0.02992115
32 15   -0.002828463   -0.009184066
32 16    -0.04836313    -0.01060075
32 17     0.01297519     0.06991755
32 18     0.01952602    -0.03403335
32 19     0.03758647     -0.1290069
32 20     0.03119908    -0.01447768
32 21     -0.0722192     0.07530035
32 22     -0.1857548     0.02588116
32 23       0.111879     0.08396544
32 24     -0.1234355      0.1097178
32 25    -0.06950608      0.1087773
32 26     -0.1074419     0.05423044
32 27     0.04995183      0.1092253
32 28     0.01597402    0.001763092
32 29   -0.009957512      0.1470842
32 30    -0.02950758    -0.01492132
32 31    -0.08429587     -0.0237147
32 32    0.008135393      0.1048702
33  0      0.1178955              0
33  1      0.0503729      0.2375139
33  2    -0.02453603      0.1135653
33  3     -0.1133436      0.1351731
33  4    -0.04632211    -0.01580169
33  5     -0.1058497     -0.1087304
33  6    0.003469771    0.007266118
33  7     -0.1312654     0.02446717
33  8      -0.108992      0.1149036
33  9    -0.04519284      0.0181857
33 10     0.06287131    -0.08040196
33 11     -0.3201041     0.04606534
33 12     0.07555463      0.1615717
33 13     0.03641255    -0.07023642
33 14      0.1559116    0.006314841
33 15   -0.001547353     0.04297452
33 16      -0.138141     0.06335571
33 17    -0.07339259     0.01610941
33 18      0.0621454     0.03594688
33 19    -0.00585045     0.01778685
33 20    0.004261191     0.09580486
33 21     -0.0788875     0.03320776
33 22    0.004278161     0.05879769
33 23    -0.07030414     -0.1961685
33 24    -0.08027313     0.05712346
33 25      0.1445929     0.08074954
33 26      0.1687018     -0.0207813
33 27   -0.008413946     0.09647394
33 28     0.01570026    -0.08359031
33 29    0.002108197     0.05808685
33 30    -0.04031319     0.05218304
33 31    -0.03241558     0.06706916
33 32     0.06144794     0.05781678
33 33    0.005344434     0.03040052
34  0     -0.1141361              0
34  1     0.02723242    -0.02087594
34  2     0.06244175     0.01583608
34  3      0.0203614    -0.01555354
34  4     0.04255833    -0.01725269
34  5  -0.0005798421    -0.02781098
34  6     0.08372696    -0.08510207
34  7    -0.03153189      0.1894024
34  8     0.01955696     -0.1101431
34  9    -0.08691352      0.1267963
34 10     0.08018108    -0.04610844
34 11     -0.0588121       0.167674
34 12     0.08302841    -0.02343293
34 13    -0.06185497     0.03271211
34 14    -0.03836838     0.01328674
34 15     0.03598855    -0.08327145
34 16     0.08298546     -0.1099522
34 17      0.1749899      0.0529247
34 18    -0.06046543      0.1501651
34 19     -0.2196266    -0.08854566
34 20      0.1139094      0.1185318
34 21     -0.1753865    0.007825002
34 22    -0.06555513     0.02919705
34 23      0.1454825     -0.0386266
34 24     0.02003152      0.1271333
34 25    -0.03409924      0.0325061
34 26    -0.04708804     -0.1422741
34 27      0.2021305     0.05126765
34 28      -0.142956       0.203371
34 29     -0.1055258    -0.01850351
34 30    -0.07561898     -0.0921625
34 31     0.04949298     0.02662868
34 32     0.02868105   -0.009551696
34 33     -0.1274134     0.09263888
34 34    -0.03632588     0.05927132
35  0    0.007872605              0
35  1      0.1827428       0.150942
35  2     0.06542186     -0.0295117
35  3     0.04151256     -0.2043131
35  4     0.01760457     -0.1133502
35  5   -0.004702847     0.01518585
35  6     0.04864558    -0.01634722
35  7     0.03199045     -0.1627493
35  8      0.1701224     0.06807677
35  9     -0.1019397    -0.09364252
35 10    -0.01178961   -0.002617675
35 11     0.04708297    -0.05119322
35 12    -0.06766839     -0.0638985
35 13    -0.02775751     0.09811974
35 14    -0.01350893     -0.0150118
35 15      0.1300088      0.2260179
35 16     -0.1065304    -0.05662563
35 17     -0.1816576      0.1574453
35 18  -0.0006413529     0.01040618
35 19     0.03101827     -0.1712104
35 20    -0.02315511     0.03071111
35 21     0.03180426     0.07077696
35 22     -0.0118531    -0.06104128
35 23    -0.02200831    -0.09443633
35 24     -0.0332533      -0.127187
35 25    -0.08539442      0.1073477
35 26     0.03218916       0.083731
35 27    -0.05162838    0.002072278
35 28    -0.03391619     0.02565043
35 29     0.07303204       0.112048
35 30     0.06692795     0.01088929
35 31    -0.06457537     0.08788905
35 32    0.009293879      0.1314203
35 33      0.2372468    -0.04257065
35 34    -0.05686426    -0.01555002
35 35      0.1102061    -0.01086985
36  0     0.05364372              0
36  1    -0.08244335     0.04320167
36  2     0.03223072      0.1153522
36  3      0.1383855    -0.03338896
36  4       0.136606     0.09618663
36  5      0.1937596     0.03120503
36  6    0.008658548    -0.09494281
36  7     0.05450327    -0.05515599
36  8    -0.02616586    -0.07649181
36  9      0.1384449    -0.02387351
36 10    -0.04675891    -0.07309856
36 11      0.2205572    -0.08091237
36 12    -0.05328508    -0.06824678
36 13     -0.1172109    -0.09263263
36 14    -0.06210424     0.08109972
36 15     -0.1460104    -0.02859022
36 16    0.006979572      0.1650637
36 17     -0.1702022      0.1321756
36 18     0.01012911     -0.1158041
36 19    -0.01725426     0.06503643
36 20      0.0910311     0.06116544
36 21     0.09704911     0.08475284
36 22     0.02180652     0.02758756
36 23     0.05822164    -0.05078131
36 24     0.03737205    -0.06983986
36 25     0.07781854   -0.006045483
36 26    -0.01450806     -0.0508997
36 27      0.0913647      0.1075811
36 28      0.1115394    -0.05588803
36 29     0.05763617    -0.01517851
36 30     -0.1006606    -0.01949815
36 31     0.05735818     0.08789901
36 32    -0.09820399     -0.1308319
36 33     0.05341568     0.05596742
36 34     -0.0659953    0.008896014
36 35     0.01442294    -0.06592854
36 36   -0.009300809   -0.006534902
37  0     0.08769292              0
37  1    -0.05636921     -0.1179644
37  2      0.1104934     -0.1506849
37  3    -0.08385286    -0.07049241
37  4     0.01084738     0.02441378
37  5     0.07561435     0.03745414
37  6     -0.1868501    -0.02681584
37  7     0.04394282       0.103258
37  8     0.03663821    -0.06858057
37  9    -0.01195551     0.01303981
37 10     0.07769826     0.04569113
37 11     -0.1340088     0.05153909
37 12    -0.01719038    -0.02128586
37 13     0.05100575     0.03712176
37 14     0.03194495     0.07949316
37 15    -0.06046826      -0.109905
37 16     0.04226778     0.03461569
37 17     0.01854363     0.03598704
37 18      0.1641409     0.06149582
37 19      -0.138255    -0.04335036
37 20     0.07190175     0.00482741
37 21     0.06805386    -0.02423162
37 22     -0.1407129    -0.01722372
37 23     -0.0911359     0.04914074
37 24     0.05322241     0.07568014
37 25   0.0002167025     0.02530595
37 26    -0.02671023     0.02576288
37 27     0.05775142    -0.03513888
37 28     -0.1178855    -0.06269687
37 29     -0.0653094     0.06545378
37 30     0.06099248     0.05852131
37 31     0.04847082     0.09541027
37 32    -0.08768518    -0.04187916
37 33      0.1142151   -0.008076423
37 34     -0.1064233     0.03025836
37 35      0.1230728    -0.05673616
37 36     0.05727641      0.1259681
37 37    -0.02315115     0.04073031
38  0     -0.1222633              0
38  1     -0.1841166    -0.04853129
38  2     -0.1082536   -0.008016877
38  3    -0.03051718     0.03070313
38  4     0.02626638     0.07806251
38  5     0.06571922    -0.01937588
38  6    -0.06106425    -0.05069267
38  7     0.03454242     0.07562264
38  8    -0.03735222    -0.06948726
38  9    -0.06127254    -0.02097156
38 10    -0.02525974    -0.03988801
38 11    -0.03805364      -0.104292
38 12     -0.1070741      0.1281317
38 13     0.02595904    0.001685991
38 14     0.03985849     -0.1474567
38 15     -0.1319412      0.1345413
38 16      0.1259001     0.02598524
38 17     -0.1365916      0.1208085
38 18     -0.0619197    0.002725948
38 19      0.1102895     0.06275803
38 20     0.02444547    -0.02763043
38 21    -0.01089162     -0.0937884
38 22      0.1837127     -0.1170865
38 23     -0.1489606    -0.08819503
38 24     0.08561281     0.08067046
38 25    -0.01763253     -0.1237608
38 26   -0.005150288     0.09580814
38 27      0.1075837     0.05987784
38 28      0.0292011    -0.09434671
38 29    -0.09357013    -0.02722321
38 30     0.02938481     0.05467221
38 31     0.09609787    -0.03563917
38 32    -0.06650044     0.03983847
38 33    -0.02602128     0.01356524
38 34    -0.02898311     0.05107789
38 35    -0.01350835    -0.04680482
38 36     0.01801047     -0.1339449
38 37      0.1381648    -0.02662757
38 38    0.007812308     0.03627817
39  0      0.1662876              0
39  1     -0.1269981    -0.04992582
39  2    -0.08318876    -0.03902587
39  3     0.01462686    0.009662789
39  4    -0.09050828     0.05661233
39  5     -0.1549933     0.05433233
39  6    -0.01160929     0.02360478
39  7    0.009593503    -0.08183988
39  8     -0.1075443      -0.024489
39  9   -0.002908446      0.1156589
39 10     0.08280365      0.1581964
39 11    -0.05436957     0.04261407
39 12     0.03933456     0.06122961
39 13     0.00138599     0.04117044
39 14    -0.03385085    -0.06739599
39 15    -0.06837638     -0.1411671
39 16     0.04794068      0.1546024
39 17    -0.06300858    0.002879549
39 18     0.06139554     0.01728146
39 19     0.02110053     -0.1415757
39 20     0.01610585     0.05461689
39 21      0.0984771     -0.1002467
39 22     0.08217574      0.1121022
39 23      0.0318114   -0.001920194
39 24     0.06707121     -0.1628582
39 25     0.05775708     0.09842692
39 26      0.1396451     -0.1608371
39 27    -0.01336242     -0.0246993
39 28    -0.02822297     -0.0528576
39 29     -0.1278064     -0.0398498
39 30    -0.04586692    -0.05547393
39 31    0.009386056    -0.04310443
39 32     0.07619944     -0.1257715
39 33     -0.0458884    -0.07933675
39 34    -0.06634422     0.05565846
39 35     -0.1778273   -0.002006906
39 36     0.05642622   0.0005230902
39 37    0.003109526    -0.05860908
39 38     0.01774717     0.01559733
39 39      0.1206949      0.0325602
40  0     0.08267415              0
40  1    -0.02953872     0.08257697
40  2     0.09405721    -0.06291588
40  3    -0.09180333    -0.04587715
40  4     -0.1075424    -0.08993299
40  5     0.03085311    -0.05198602
40  6    -0.08131115     0.09890873
40  7     -0.1095618    -0.05852144
40  8      0.0120993     0.02185514
40  9     0.07499926    -0.03739093
40 10      0.1602316     -0.1007585
40 11      0.1173377    -0.07456872
40 12    -0.02246778     -0.1051116
40 13      0.1115244    -0.05191274
40 14     0.05779034     0.07887523
40 15    -0.02756375     0.04520934
40 16    -0.04690463        0.10215
40 17    -0.03075719     0.08808043
40 18    -0.06553467      0.1017105
40 19     -0.1162668      0.2017983
40 20      0.1123769   -0.004133085
40 21     0.07217312    -0.02077214
40 22     0.08633509   -0.008509863
40 23     0.05092283    -0.01788731
40 24    -0.08147094    -0.02293445
40 25     -0.1636345     0.02085184
40 26      0.0257014      0.1011228
40 27     -0.1242112     -0.0246775
40 28     0.08633123    -0.02403197
40 29     0.01436543    -0.04490827
40 30    -0.02178854       0.160955
40 31     0.05975628     0.08507742
40 32     0.08149479     -0.1211947
40 33    -0.02213286    -0.08255149
40 34     -0.1632062   -0.004762796
40 35    -0.07358102     0.08673289
40 36     0.04352712      0.1027828
40 37    -0.00894876    -0.06821571
40 38    -0.01201501     -0.0817017
40 39    0.009407649     -0.1024713
40 40     0.01042024     0.08189037
