# Rayleigh 100 s group velocity model
# from Larson & Ekstrom (1999), for more information, see
# http://www.seismology.harvard.edu/projects/surfwave/LE99-Pageoph
# Spherical harmonics, columns are: l m Alm Blm
 0  0       4.141137              0
 1  0       1.175148              0
 1  1      -1.605433     0.08836239
 2  0         1.0159              0
 2  1       1.235534       2.134924
 2  2       2.140851      -1.520941
 3  0      0.6082233              0
 3  1      -1.360228      0.2436081
 3  2      -1.105134      0.3726407
 3  3        2.31145       1.295416
 4  0      0.9637524              0
 4  1      -1.617872    -0.02489503
 4  2      -1.994588      0.8497968
 4  3       2.039181     -0.1427365
 4  4    -0.09908449       2.142128
 5  0      -1.159363              0
 5  1      -2.254983     -0.4905714
 5  2      -3.059554       0.134122
 5  3      0.9208201      -1.391427
 5  4       2.784681      -3.099265
 5  5      -1.113346      -1.730518
 6  0      0.3921898              0
 6  1      0.9018966       1.096158
 6  2      -1.650095       2.035283
 6  3     -0.0627479       -1.21507
 6  4      0.3538695      0.7144779
 6  5      -2.329087     -0.5728346
 6  6     0.02121445      0.4971247
 7  0     -0.7017013              0
 7  1      0.2202671      -1.895818
 7  2    -0.09165064      0.8261656
 7  3      0.6071314      -1.098343
 7  4      -0.282412       1.462994
 7  5     -0.2992324       1.154315
 7  6      0.2510151      -2.187963
 7  7       1.077736      0.3567104
 8  0     -0.6154953              0
 8  1     0.06743696       1.017618
 8  2       -1.65058     -0.1283544
 8  3     -0.6561333     -0.3999162
 8  4     0.07626536      0.2034377
 8  5      0.3407389      0.5416982
 8  6     -0.4661442     0.08921087
 8  7      0.1760181      0.2154442
 8  8      0.6617056     -0.4470389
 9  0     -0.0151617              0
 9  1      0.3222168      0.4891834
 9  2     -0.5180197     -0.1807826
 9  3      -1.433356     -0.5237058
 9  4      0.1941016     0.08031439
 9  5      0.9566023     -0.3500884
 9  6     -0.8167205     -0.5247818
 9  7     -0.4405244      -1.115891
 9  8      -0.221545     -0.3872762
 9  9   -0.004661856      0.3234552
10  0     -0.2575862              0
10  1      0.4022511        0.29239
10  2     -0.4907858     -0.2009131
10  3    0.003819209     -0.2358924
10  4      0.1940312    -0.07127589
10  5     -0.3254092       0.239616
10  6     0.02895834      0.2204782
10  7     0.04112923     -0.2864772
10  8      0.1947882     -0.2765962
10  9     0.09821627      0.4995514
10 10     -0.6135873      0.1863339
11  0     0.07248887              0
11  1     -0.4579822      0.4414718
11  2    -0.08477736     0.08483139
11  3     -0.5723305     -0.3116461
11  4    -0.09897599      0.8782889
11  5      0.8054715       1.136417
11  6      0.5582629      0.4358547
11  7     -0.3164304     -0.1569511
11  8     -0.2912088      0.1083186
11  9      -0.215543      0.9792149
11 10      -0.201938      0.4959356
11 11      -1.044073      0.8220964
12  0     -0.1365516              0
12  1     -0.3711548      0.2382303
12  2      0.2826662     -0.6813074
12  3      -0.136819      0.2767035
12  4     -0.2065118      0.7931275
12  5       0.145159     -0.4616245
12  6      0.2810848     -0.0278943
12  7     -0.4166896      0.4468096
12  8    -0.08666607     -0.4442531
12  9      0.8976157      0.1349718
12 10      0.1827383      0.4895787
12 11      0.5860667      0.8483025
12 12     -0.2788553     -0.5912877
13  0     -0.1285674              0
13  1     -0.4448438     -0.1330519
13  2      0.1418922      0.1847531
13  3     -0.1700463      0.1826931
13  4     -0.1085541     0.05680775
13  5      0.2480072     -0.1895257
13  6      0.1043898     0.02252297
13  7    -0.07138015     -0.2729439
13  8     -0.1227037     -0.1317891
13  9      0.3652827      0.2204164
13 10      0.2302477      0.1935112
13 11     -0.2605487    -0.05812027
13 12      0.1569992     -0.4955554
13 13     -0.4349809      0.2605204
14  0     -0.2004404              0
14  1     -0.1335889       0.191627
14  2      0.2506472     0.02476928
14  3       0.292001      0.2179617
14  4     -0.1870481    -0.05707723
14  5      0.1630808     0.02194533
14  6      0.2815291     0.07769383
14  7     -0.1067793      0.1470489
14  8      0.1484825     -0.2274428
14  9      0.0716091   -0.009036138
14 10     -0.1267483    -0.04951474
14 11      0.1832543     -0.3735095
14 12      0.1189222      0.1145322
14 13     0.01115585     0.07882731
14 14      0.4895902     0.01180284
15  0    0.008093343              0
15  1     -0.0634026     -0.1192952
15  2   -0.004926055      0.2124272
15  3      0.3450834      0.1298036
15  4     -0.1180179      0.1397212
15  5    -0.03607671    -0.07176398
15  6      0.1389373     -0.0558966
15  7      0.2497899      0.2305645
15  8     0.09412748     -0.2077233
15  9     -0.1513823      0.3912353
15 10     -0.1730816     -0.2228489
15 11      0.1165411     0.04339413
15 12     -0.1860236     -0.2563332
15 13     -0.1708785     0.04424545
15 14       0.259961     -0.3045413
15 15      0.1782302     -0.1207482
16  0     0.05072689              0
16  1      0.1313959       0.135212
16  2     0.01985361     -0.1420953
16  3    -0.01024038     0.06233456
16  4     -0.1236172     0.02603267
16  5      0.1684645   -0.008172384
16  6     0.08693352      0.1496478
16  7    -0.04975566     0.06018419
16  8     -0.0442123    -0.09877007
16  9     -0.2616608     -0.1119713
16 10    -0.01232387     0.02737768
16 11     -0.0305373     0.05243045
16 12    0.005770609      0.0437612
16 13      -0.163259     0.07853448
16 14     0.04014986    -0.07571425
16 15      0.1405816     -0.1692307
16 16     0.06089449      0.2419578
17  0   -0.003872964              0
17  1     -0.0961313   0.0005014872
17  2     -0.1719571     -0.0779044
17  3      0.2977577      0.1420401
17  4      0.1995624     0.08124322
17  5     -0.1006399    0.001866517
17  6   -0.009183753      0.1158482
17  7      0.1911663     0.04180005
17  8     -0.2306727      0.1006892
17  9     -0.1884454     -0.2634705
17 10      0.1707276     -0.2420284
17 11     -0.0274044       0.143253
17 12     -0.1395626       -0.13774
17 13     -0.0327789     -0.2514944
17 14      0.2555457     0.04884163
17 15     -0.3307202     0.05541371
17 16      0.2102623    -0.05264991
17 17     0.04892473      0.3308878
18  0    -0.08486158              0
18  1       0.174543     -0.1155794
18  2     -0.1761456   3.634433e-05
18  3      -0.013901      0.0349235
18  4     -0.4594665     -0.2153119
18  5      0.1364748     -0.1983247
18  6     0.02900001      0.2069756
18  7     0.01436637    -0.07742194
18  8    -0.09985054      0.3047192
18  9     -0.1466283     -0.1511593
18 10    -0.09694785      -0.135698
18 11     -0.0748722      0.1600977
18 12    -0.03328788      0.2304238
18 13   -0.009217855    -0.01437754
18 14    0.008862658     -0.1240721
18 15    -0.02804646     -0.3450117
18 16      0.0905455    0.007164345
18 17    0.008127479     0.02906044
18 18    -0.06937886     0.04553823
19  0    -0.06393308              0
19  1      0.1650495     -0.1769942
19  2     -0.1361118    -0.05554726
19  3     -0.1150406     0.01106764
19  4       0.115673     -0.2931302
19  5     0.03800157     0.05147843
19  6    -0.01553525     0.01078684
19  7     -0.2208178    -0.03623921
19  8    -0.06669705     0.03351204
19  9      -0.136555     0.04002293
19 10      0.0427558     -0.1846261
19 11      0.1465007      0.1561595
19 12      0.1692779     -0.2247843
19 13    -0.02911971     -0.1948666
19 14     0.06721088     0.07444045
19 15     -0.1678367     0.04217115
19 16     -0.1991951      0.0403394
19 17     0.09737145      0.1463646
19 18     -0.2466606      0.0190614
19 19     -0.5758074     0.06095501
20  0    -0.02813485              0
20  1      0.1196558     0.05188138
20  2     -0.1438299     -0.1451474
20  3     -0.1599738      0.1185838
20  4      -0.271612     0.09671095
20  5      0.1495452      0.0209511
20  6     0.05478408     -0.1339943
20  7    -0.02643105    0.001063873
20  8      0.2029198    -0.03042237
20  9      0.1472147     0.04302927
20 10   -0.007345821    -0.03621789
20 11     0.08158584    -0.08739473
20 12      0.3059571      0.1033454
20 13      0.1009969      0.1244782
20 14     0.03188565     0.07445425
20 15     -0.2297853     -0.1148573
20 16    -0.05684558      0.1770054
20 17      0.1174615     -0.1690228
20 18    -0.09404703     0.02526348
20 19      -0.042981      0.3050255
20 20    -0.07529239     -0.1744571
21  0     -0.0709396              0
21  1     -0.1508974      0.1189924
21  2    -0.02352305     -0.1060401
21  3      0.1125145      0.1704599
21  4     -0.2057865       0.106057
21  5      0.1473493     -0.1499144
21  6   0.0002589065      0.2961638
21  7     0.01172379    -0.03322358
21  8      0.2702752    -0.07854989
21  9     0.01703919      0.1244819
21 10     0.03962814    -0.05061515
21 11     -0.2025918     -0.1562283
21 12     -0.1288077     -0.1100217
21 13    -0.04904879     0.04633562
21 14    -0.03025618      0.0212472
21 15    -0.03139552     -0.1324082
21 16    -0.02992533    -0.06886443
21 17     -0.0242938     0.06706444
21 18    -0.07746912     -0.1174454
21 19     -0.1122927    -0.02293962
21 20     0.07110833   0.0008099719
21 21    -0.08790232     -0.3335119
22  0       0.054262              0
22  1    -0.05082075      0.1619487
22  2     -0.2250743     0.02091066
22  3   -0.007006763      0.0554379
22  4     -0.1050176      0.0213036
22  5    -0.06450059    -0.08936813
22  6   -0.005791349       0.113671
22  7    -0.08764838     -0.1664789
22  8     0.03719783       0.104916
22  9     0.08561078     0.09367848
22 10   -0.009955703     -0.1019289
22 11     0.00141241      -0.126302
22 12    -0.05185508    -0.03104266
22 13      -0.157101    -0.01433287
22 14     -0.2011289     0.06188981
22 15     0.04739138    -0.02046714
22 16      0.1270553    0.009720087
22 17     -0.0894098     -0.1060099
22 18      0.1316245      0.0967872
22 19     -0.0557215       0.145257
22 20    -0.02156253      0.1224632
22 21     0.01582954     0.09896395
22 22     0.04543374     -0.2300061
23  0      -0.153369              0
23  1    -0.03065383      0.1068477
23  2    -0.08235297     0.04206949
23  3     0.02382594    -0.01824336
23  4      0.3307517     -0.1553914
23  5     -0.1712636    -0.01524518
23  6    -0.05577345    0.005167968
23  7    -0.05570407     0.05177593
23  8     0.02363064     -0.0758441
23  9      0.1764609    -0.04121076
23 10     -0.1132865     0.01149716
23 11     0.04542725    -0.05809613
23 12    -0.06682783     -0.1024527
23 13     0.09391645     0.02121425
23 14    -0.05684887     0.03712369
23 15     -0.1108486     0.03404246
23 16     0.01866998     0.04560652
23 17    -0.05967186     -0.0335184
23 18    0.008818692    -0.02111199
23 19      0.1078792    -0.08644384
23 20    -0.06833208    -0.03553873
23 21     -0.1028496    -0.04393942
23 22      0.2040691     -0.1069667
23 23     0.06161243     0.07522435
24  0      0.0648955              0
24  1      0.1495623     -0.0210266
24  2    -0.06061075      0.1065999
24  3     0.09428342     -0.1231963
24  4     -0.1435974     0.05202379
24  5     0.07367773      0.2599968
24  6    -0.08720618    0.009553258
24  7      0.1120396     -0.0155624
24  8    -0.02080376      0.1327192
24  9     0.07316871    -0.06202299
24 10    -0.01039128     -0.1333431
24 11     0.06624059     0.03250808
24 12     -0.1808487      0.3052454
24 13     -0.2048732    -0.09357457
24 14       0.189856        0.14562
24 15    -0.03165117     -0.1768197
24 16     -0.1453854     0.04785548
24 17     -0.1020699     0.09361482
24 18      0.1923709    -0.02515834
24 19      0.0191122      0.1363251
24 20     0.07811011      0.1658385
24 21      0.1266759    -0.09589016
24 22     -0.1198226     -0.1685439
24 23     -0.1103576    -0.04256121
24 24      0.1313842     0.09457228
25  0    -0.05018331              0
25  1      0.3619645     -0.1630102
25  2    0.001839941      0.1398482
25  3   -0.005038301    -0.01177186
25  4     -0.1491605      0.1497463
25  5     0.01055337     0.07793164
25  6     -0.2763627    -0.03368306
25  7     0.01315292    -0.03977356
25  8    -0.06134335     -0.1618683
25  9     -0.2761833      0.1255896
25 10    -0.02761594    -0.01468689
25 11       0.182538      0.1033582
25 12    -0.08821516     -0.0600753
25 13      0.1164881    -0.05219276
25 14     0.07244677      0.2535323
25 15     -0.1055284    -0.03736812
25 16      0.1366359    -0.01701253
25 17    0.007273376      0.1073485
25 18      -0.043718    -0.02470058
25 19      0.1264494     -0.2880676
25 20     0.01026653     0.04152052
25 21   -0.008061953     0.04463335
25 22     0.06622227    -0.04351395
25 23    -0.02740534     0.05020775
25 24     0.09170598     0.01242252
25 25    -0.02082566      0.1832793
26  0     0.03692251              0
26  1    -0.06276544    0.005539687
26  2    -0.08040637    -0.01308047
26  3      0.1243721     -0.1398225
26  4     -0.0268611     0.05994236
26  5       0.157716    -0.08250228
26  6     0.07510227    -0.05729481
26  7     0.01671183    -0.09824075
26  8    0.005407447     -0.1972558
26  9    -0.08493625    -0.03050633
26 10      0.1236894     -0.1239499
26 11      0.1737433      0.1343564
26 12     0.07543078    -0.07958409
26 13    -0.08716151      0.1615111
26 14    -0.03163391     0.06436269
26 15    -0.02280893     0.04334424
26 16     0.04814626     -0.1168601
26 17     -0.1575326     0.04925657
26 18    -0.04377263     -0.1848547
26 19     0.06779689     0.02247677
26 20   -0.006775986      0.1603646
26 21     0.09266098     -0.0132951
26 22    -0.05881725     -0.1200234
26 23    -0.02312448     -0.1391026
26 24       0.159195     0.06052539
26 25      0.0720623     -0.1737372
26 26     -0.1118625  -0.0004034783
27  0     0.03354307              0
27  1      0.1753387      -0.020788
27  2      0.1419515     0.04353937
27  3     0.06393746      0.1349793
27  4     0.06770908     -0.1575239
27  5      0.1480892   0.0006410053
27  6    -0.07259136      0.0472651
27  7    0.001234166     0.05015182
27  8     0.06627581      0.1130308
27  9     0.03366798    -0.07421661
27 10    -0.03822775     0.03250918
27 11     0.01998846    -0.04903077
27 12    -0.05219244     -0.0157096
27 13     0.03993433     0.08515546
27 14     0.06343072     -0.1677213
27 15     -0.0252912       0.006176
27 16     0.08588251     -0.2942578
27 17     0.03240821   -0.009469414
27 18     0.06018756     0.01926622
27 19    -0.09058864    -0.01200456
27 20     0.03529489    -0.09747059
27 21     0.09210972   0.0005536308
27 22     0.03306502     -0.1790874
27 23    -0.05387091      0.0851674
27 24     0.09208684      0.1863325
27 25     0.08668277    -0.06917393
27 26    -0.06133889    0.002100286
27 27      0.1016847    -0.04899526
28  0     -0.1049785              0
28  1     -0.1824334      0.2144652
28  2    -0.02742556     0.03938174
28  3     0.04102508     0.01855512
28  4    -0.02236475     0.05335888
28  5    -0.04845505      0.1036436
28  6    -0.02194789     0.00213064
28  7     -0.1072496     0.02415356
28  8    -0.06190729      0.1191844
28  9     -0.1146859      0.0719091
28 10      0.0130931    0.001686156
28 11     0.05652039    0.002973202
28 12     0.09150618     0.03894891
28 13     0.07724021      0.1889679
28 14      0.0312637    -0.03518851
28 15     -0.1562825    -0.01362294
28 16    0.002347894    0.009164511
28 17     0.05816137     0.08125208
28 18     -0.1446958    -0.02805522
28 19      0.0567711     0.06560216
28 20     0.03775455     0.01571838
28 21    -0.03626224    -0.03691157
28 22     0.02847788      0.1191233
28 23     0.03256003    0.002414365
28 24      -0.120309     -0.1184679
28 25    -0.02445819     0.09180286
28 26    -0.08301891     0.03319992
28 27     0.02549579     0.09105764
28 28    -0.08873194   -0.006136323
29  0     0.06055688              0
29  1     0.06076554      -0.061977
29  2    -0.06631567      0.1382105
29  3      0.1596155     0.04062353
29  4    0.007926457    -0.02981383
29  5      -0.066561     0.07702693
29  6      0.2363425     0.07528295
29  7    -0.08415801     0.04084116
29  8    -0.01382307      0.2136986
29  9     -0.1059551     0.05171999
29 10     -0.1394177      0.1050837
29 11     0.04835986     0.07288666
29 12    -0.03622477      0.1560925
29 13     -0.1335792    -0.02955175
29 14    -0.04547755    0.005581946
29 15    -0.01860206      0.1063187
29 16     -0.1116996    -0.04742129
29 17     0.05140596    -0.02784428
29 18   -0.007548699     0.00253685
29 19    -0.05346084      0.1136169
29 20    -0.06281273    -0.05160801
29 21     -0.1146371     0.03708301
29 22    -0.02003377     0.06617939
29 23    -0.06978412    -0.05986071
29 24    -0.03637122      0.1696936
29 25    -0.03303251      -0.073046
29 26    -0.03017947    -0.06428503
29 27    0.002274891      0.0658473
29 28    -0.01007901     0.09181718
29 29     0.00760984     0.00138508
30  0      0.1289287              0
30  1     0.07569505     0.04152457
30  2    0.006465084     0.01770008
30  3     0.03188918     -0.1160644
30  4     0.04511359      0.1231466
30  5     0.02513899    -0.03051214
30  6     0.02861895     0.01996175
30  7     0.05422676      0.1644061
30  8     -0.1563551    -0.06212146
30  9    -0.01108352     0.05598176
30 10    -0.06955334      0.0824963
30 11     0.03050963     0.05219278
30 12    -0.04897702     0.05145822
30 13     0.01161158      -0.118285
30 14    -0.01683103     0.01058451
30 15     -0.1394442     0.02253295
30 16      0.2616087    -0.02107678
30 17     0.03100859     -0.1920645
30 18    0.008556856    0.003706015
30 19    -0.04352286      0.1355697
30 20   0.0009872977     -0.1114489
30 21     0.02953521    0.009739624
30 22     0.06350307    -0.03633462
30 23      0.1516995     0.02604248
30 24     -0.0152492     0.09223112
30 25     0.04368773     0.01970993
30 26      0.1293854     0.08788373
30 27      -0.136052    -0.03861336
30 28   0.0006595432     0.07036353
30 29    0.006610798    0.009797339
30 30   -0.007521977      -0.107392
31  0    -0.02903955              0
31  1    -0.05380866    -0.09750971
31  2    -0.04731836     0.06560554
31  3    -0.01250235    -0.08717032
31  4     0.04921505     -0.1160213
31  5     0.03037886     0.01208148
31  6   -0.005292976    -0.01614298
31  7       0.113631    -0.03523388
31  8     -0.0509303    -0.09263159
31  9     0.06379465    -0.06579848
31 10     0.02667734      -0.158771
31 11   -0.005010357    -0.04712681
31 12     0.06792624      0.0281791
31 13      0.1827022      0.1039867
31 14    -0.02225565     -0.2101642
31 15     0.03943513    -0.02724844
31 16    -0.05025514     0.04399022
31 17   -0.003133816    -0.09842407
31 18       0.126726      0.1216126
31 19    -0.01763343    0.007283702
31 20     0.02360151       0.100718
31 21     -0.1837705     0.04693754
31 22    -0.04449589      0.1659067
31 23    -0.01932932    -0.04260381
31 24    -0.09337059     0.06818192
31 25   -0.003861102    -0.03273568
31 26     -0.1463248    -0.01264946
31 27    -0.06751326     0.07553554
31 28  -0.0005616196    -0.03588173
31 29     0.02257112    -0.04881431
31 30    -0.08001799      0.1315615
31 31    -0.08902022    -0.02567383
32  0     -0.1695858              0
32  1     0.05709464     0.05163207
32  2    -0.02458103     0.02763395
32  3    -0.05288433      0.1272163
32  4    -0.02326194     0.01951647
32  5      0.0581506    -0.04964705
32  6     -0.1166732       0.133626
32  7      0.2876823     -0.0270045
32  8    0.009900168    0.004781893
32  9     0.02477508    -0.08369347
32 10    -0.07462543    -0.01197229
32 11   -0.007234958     0.06746435
32 12     0.06255911   -0.004439308
32 13    -0.06772913     0.01469411
32 14   -0.007167704     0.05970861
32 15     0.04708927    -0.06812449
32 16    -0.05325863     -0.0392947
32 17     0.01522279     0.07052583
32 18    -0.02202712      0.0517291
32 19     0.03899255     0.06715588
32 20    -0.02972701      -0.101876
32 21     -0.2266157    -0.09073924
32 22      -0.111594    -0.08918852
32 23   -0.009102885    -0.04738058
32 24     0.06128427   -0.004432798
32 25    -0.04801274      0.1121764
32 26     0.06742251      0.1026498
32 27     0.06434156    -0.01677462
32 28      -0.011759     0.09968496
32 29    -0.01583829     0.04571752
32 30     0.03865656    -0.05427969
32 31    0.006074577     0.09470313
32 32    -0.04321854      0.1143873
33  0     0.08317048              0
33  1     0.09178292    0.004850389
33  2   -0.007590195     0.02903135
33  3    -0.04008693     0.03441021
33  4    -0.05463498    -0.09161542
33  5     -0.1132132     0.01442637
33  6     -0.0845438    0.003883111
33  7     -0.0938862     0.03923378
33  8    -0.02134073    -0.02898972
33  9   -0.008457727      0.1589496
33 10    -0.02673471    -0.06326526
33 11    -0.09035942   -0.009761107
33 12     -0.0727343      0.0826534
33 13    -0.08192636    0.003113635
33 14      0.1253751     0.01628752
33 15     -0.1635542     0.03804531
33 16    -0.04992067   -0.001821233
33 17     0.07522865    -0.07683544
33 18      0.0843645    0.003983022
33 19     -0.0235183     0.01698519
33 20     0.02930132    -0.08281465
33 21      -0.134956     0.05306575
33 22    -0.04961889     0.04668977
33 23    -0.03259242    -0.03609368
33 24     -0.0310973    -0.04011867
33 25    0.004096205      0.1092766
33 26   -0.005611585     0.05955831
33 27     0.05126753     0.08420449
33 28    -0.08702598    -0.03443878
33 29     0.09460607     0.08263934
33 30     0.01366569     0.09117748
33 31     -0.1463982     0.03736816
33 32    -0.01527834     0.03714298
33 33     0.04515544     0.07236543
34  0     0.05491965              0
34  1    -0.03655566     -0.1346065
34  2    -0.05232132     -0.1047877
34  3     0.06238242      0.0267913
34  4    0.008379766    -0.09078707
34  5   -0.001405593    -0.02891069
34  6     0.04499757     0.03604506
34  7     0.08930568     0.02337153
34  8    -0.09315144     0.00224996
34  9   -0.003480386     0.09971263
34 10   -0.002999329    -0.02218088
34 11     0.01295372    -0.01113145
34 12     0.02620328     -0.0586198
34 13      0.1499247    -0.03303708
34 14     0.09527225     0.02349533
34 15      0.0111587    -0.07200267
34 16    -0.02012547    -0.08879481
34 17    0.001096974     0.07612772
34 18     0.09980678     0.06906081
34 19     0.05186313      -0.117743
34 20     -0.1339202     0.08369447
34 21    0.007570856      0.1261346
34 22    -0.04907437     0.02593382
34 23    0.008148702     0.03219452
34 24    -0.03205282     0.02394987
34 25    -0.03140434     -0.1230682
34 26      0.1204998    -0.01546168
34 27     0.01673237     0.02305738
34 28    -0.06084371     0.04874886
34 29    -0.03740091  -0.0006813732
34 30   -0.007553738    0.009854466
34 31    -0.06281456     0.02997575
34 32     0.03220341    -0.06550413
34 33     0.01426483    -0.03893816
34 34    -0.04585113    -0.05280498
35  0   -0.004527826              0
35  1    0.005223108     0.01139081
35  2     0.06279013   -0.004715919
35  3    -0.01450874     0.07542207
35  4      0.0610887      0.1179638
35  5     0.06068454     -0.0412852
35  6    -0.09740001      0.1364873
35  7      0.1798522    -0.01053465
35  8     -0.1138774     0.04537841
35  9    -0.03648973     0.04556774
35 10    -0.09741143     0.08058172
35 11      0.0151771     0.01781232
35 12    -0.03511303     -0.1460226
35 13    -0.05698908    -0.09442393
35 14      0.1820746     0.02007481
35 15     0.05490349     0.03190799
35 16   -0.008166349    0.006122467
35 17    -0.05884193    -0.07683689
35 18     0.06374785      0.1764845
35 19    -0.02672847     0.01430006
35 20    -0.05477251     0.04377595
35 21    -0.03948697     0.08524943
35 22     -0.1120159    -0.02307332
35 23     0.01021323    -0.05815408
35 24      0.1130152    -0.03443348
35 25    -0.02898407   3.372951e-05
35 26      0.1017738    -0.03539293
35 27      0.1056445   -0.006060545
35 28    -0.09523512    -0.01952208
35 29     0.01772749      0.0253024
35 30   -0.004068384    -0.03811259
35 31     0.04032546    -0.08553676
35 32     0.05298072      0.0583551
35 33    0.007509707    -0.05543786
35 34    0.008075935    -0.08185051
35 35      0.0057151     0.07749006
36  0     0.08267978              0
36  1      0.0703029       0.079541
36  2      0.1237025      0.0867345
36  3    -0.04518213    -0.05453742
36  4    0.004872624     -0.1520928
36  5    0.003420136     0.04045298
36  6     0.02412434     -0.1608077
36  7     -0.0518653    -0.01567906
36  8     0.05483975     -0.1775912
36  9     0.09990074     -0.0288433
36 10    -0.03045351    -0.04077502
36 11    -0.02669322    -0.07014403
36 12     0.06123798    -0.03359531
36 13    -0.09630252    -0.01226768
36 14    -0.09889133    -0.02560518
36 15    0.002217373     0.07598622
36 16     0.06418283     0.05749562
36 17      -0.103991     0.05686014
36 18    -0.07126824    -0.05769394
36 19    -0.06524147    -0.04748365
36 20     0.06748756     0.08661459
36 21     0.04664594     0.02354474
36 22      0.0254915    -0.01194398
36 23    -0.03061947     0.03359611
36 24    -0.03523287    -0.07810367
36 25     0.02698327     0.01128841
36 26     0.02620952     0.03851008
36 27    -0.08318351     0.05109766
36 28    -0.06318655     0.01598179
36 29    -0.04666532    -0.01678831
36 30    -0.07725045     -0.1625985
36 31    -0.00203866    -0.02180797
36 32    -0.02981502     -0.0113895
36 33    -0.06928144   0.0009777924
36 34    -0.09145699     0.03678149
36 35    -0.02059792     0.00234791
36 36     0.07536609     0.05221996
37  0    -0.01462533              0
37  1     0.04409077   -0.005116205
37  2     -0.1049856     -0.0467737
37  3    -0.00636151    -0.09012354
37  4    0.005284739    -0.01843227
37  5    0.003965539     0.02058747
37  6    -0.08803908    -0.01780502
37  7      0.1071315     0.07965151
37  8    0.008638078     -0.1026803
37  9      0.1274116     0.06605803
37 10     0.01716861   -0.003003613
37 11     -0.1192578    -0.06283493
37 12    -0.06845204      0.0416925
37 13    -0.03862328     0.02255384
37 14     0.05024852    -0.04494515
37 15    -0.02358684    -0.09893523
37 16    -0.06516859   -0.009562052
37 17    -0.02544755    0.007681877
37 18     0.04464021     -0.1064293
37 19    -0.01998548   -0.001522057
37 20       0.127568    -0.06837243
37 21     -0.0102079    -0.06020683
37 22    -0.02414867    -0.05833484
37 23     0.06332976     0.04797924
37 24     -0.0302896    -0.02416914
37 25     0.05090674    -0.04352424
37 26    -0.02406674    -0.02114033
37 27    -0.02930844    -0.03748323
37 28    -0.06310339    -0.08952978
37 29    -0.01653128    -0.03564342
37 30     0.04383411    -0.08074529
37 31    0.009801353    0.005363069
37 32    0.005819887    -0.06511299
37 33    -0.04680229    0.007014036
37 34    -0.01066668     0.03809991
37 35     0.08015745    -0.08383466
37 36    -0.06285464     0.03926417
37 37     0.03437881    0.003869159
38  0   -0.003438608              0
38  1     -0.1017358      0.1224432
38  2      0.0503702     0.03679441
38  3     0.06281695     0.01248103
38  4     0.06216345    -0.05841971
38  5    -0.04300884      0.0541202
38  6      -0.141465     0.01038312
38  7      0.1018863     0.07472005
38  8    -0.07045603    -0.01206362
38  9     0.02592439     -0.0834482
38 10   -0.009081734      0.0363747
38 11    -0.02436397    -0.02457683
38 12     -0.0122535    -0.05990089
38 13    -0.04473859      0.1357208
38 14     -0.1128314   -0.008985037
38 15     0.04298398    -0.01063187
38 16     0.03885816    -0.01695034
38 17      0.1429547      0.1744702
38 18     0.09112924    -0.05528809
38 19     0.07846066     0.09051278
38 20     0.05627853  -0.0003135213
38 21     0.05129015    0.003408233
38 22      0.1210597    -0.04786669
38 23     -0.1118415    -0.06668987
38 24     0.05596624     0.08770286
38 25      0.0963342    -0.02000417
38 26    -0.01808295     0.01882751
38 27      0.1001295    -0.01308487
38 28    -0.09005362    -0.02868824
38 29      0.0646724   -0.008692658
38 30     0.04146472    -0.01308954
38 31     0.06691061    -0.05897286
38 32     0.01002418    -0.02128575
38 33     0.06517966     0.02745877
38 34     0.01995151    -0.03738254
38 35    -0.03571651   -0.006717508
38 36    -0.01488737     0.01420251
38 37     0.05085091      0.1203175
38 38      -0.163878     0.01807088
39  0     0.04010798              0
39  1     0.02995716     -0.0596332
39  2      0.1012354    -0.06273052
39  3    -0.08251605    0.002184635
39  4    -0.02120377   -0.003261583
39  5     0.06689234    -0.01162477
39  6    -0.07758767     0.01846549
39  7    0.004073438       0.100874
39  8     0.04763965    -0.05236072
39  9     -0.1075882      0.0147573
39 10     0.05114288     -0.0731464
39 11    -0.03970335    -0.01876868
39 12  -0.0007616688    -0.05926581
39 13    -0.01582544     0.01576289
39 14    -0.02287235     0.04853339
39 15     0.01611207    -0.04066189
39 16    -0.02877061    -0.07332104
39 17    0.005541143     -0.0889091
39 18    -0.07179719     0.05050369
39 19    -0.06713436    -0.03787847
39 20     0.01468819      0.0562217
39 21   -0.003477388     0.02622222
39 22    -0.02225097   -0.001833405
39 23    -0.04355035     0.02793056
39 24     0.07703191     0.07354786
39 25     -0.0640576    0.002553099
39 26     0.05572668   -0.007488243
39 27     0.03347442    -0.04224265
39 28    -0.04710437    -0.06052928
39 29    0.002347542     -0.0333285
39 30     0.06181349    -0.03255698
39 31       -0.04333   -0.008465437
39 32     0.07376377    -0.08879827
39 33     -0.0294768     0.01741792
39 34    -0.02749577      0.1308023
39 35    -0.04417503    0.009577457
39 36    -0.04489737     0.05581232
39 37     0.01171939   -0.005307557
39 38    -0.01295868    0.006466072
39 39     0.07831001    0.003486819
40  0     0.06512663              0
40  1      0.0205625      0.1016818
40  2   -0.002250717    -0.02896143
40  3   -0.002523302     0.04435495
40  4    -0.08849827    -0.05549027
40  5     -0.0464035    -0.05895651
40  6    -0.09890541     0.01271265
40  7     0.08191683    -0.02178902
40  8     0.07725783     0.02922084
40  9    -0.02209612    -0.04796524
40 10     -0.0111763     0.04838144
40 11     0.01417063     0.02229497
40 12     -0.0438217    -0.01897131
40 13    -0.07137384    0.004539637
40 14    0.005308219   5.506574e-05
40 15     0.08449876    -0.06509574
40 16    -0.02153561    -0.01206235
40 17   -0.002120482     -0.0205006
40 18    -0.08872315     0.04832075
40 19    -0.06463455   -0.005241892
40 20   -0.006116583     0.03282661
40 21    -0.08963957     0.05683755
40 22    -0.04089809     0.02280836
40 23    -0.03741844   -0.006154169
40 24     0.04576446      -0.119852
40 25    0.005837267         0.1546
40 26    -0.02435387    0.009488221
40 27    -0.09236141      0.0629245
40 28     0.04935092     0.06815939
40 29      -0.057574    -0.05291874
40 30  -0.0002058605     0.08189528
40 31     0.07427151      0.0491892
40 32    -0.07811594   -0.006571751
40 33     0.05929937   -0.007418451
40 34    -0.02805836     0.02411795
40 35    -0.09808668     0.08192981
40 36     0.06386495      0.0460804
40 37    -0.02659134    0.006360888
40 38    -0.04144163     -0.1723437
40 39    0.001227808     0.06409086
40 40      0.0137002     0.01232676
