# Rayleigh 125 s group velocity model
# from Larson & Ekstrom (1999), for more information, see
# http://www.seismology.harvard.edu/projects/surfwave/LE99-Pageoph
# Spherical harmonics, columns are: l m Alm Blm
 0  0        3.07914              0
 1  0       1.167384              0
 1  1      -1.632727    -0.07551639
 2  0       1.091144              0
 2  1       0.739886       1.301391
 2  2       1.425869      -1.319015
 3  0      0.6607357              0
 3  1      -1.004912     0.06049828
 3  2      -1.115926      0.3231523
 3  3       1.629622       0.675427
 4  0      0.7270395              0
 4  1       -1.09886       0.172513
 4  2      -1.755956      0.9642144
 4  3       1.788028     -0.1998224
 4  4    -0.09522171       1.672231
 5  0      -1.071989              0
 5  1      -2.210242     -0.3868929
 5  2      -2.590013      0.1883233
 5  3      0.6701417      -1.239523
 5  4       2.412858      -2.420443
 5  5      -1.050514      -1.169959
 6  0      0.1566692              0
 6  1      0.7170749       1.033287
 6  2      -1.431465       1.640002
 6  3      0.1266494      -1.084345
 6  4       0.229763      0.6022208
 6  5      -1.920749     -0.7949983
 6  6      0.2833808      0.4641272
 7  0     -0.6240358              0
 7  1      0.2043094      -1.712033
 7  2    -0.06936061      0.5784796
 7  3      0.3676395      -1.012475
 7  4      -0.209876       1.009055
 7  5      -0.171013       1.132598
 7  6     0.09146743      -1.662205
 7  7      0.9554983      0.2791972
 8  0     -0.5106727              0
 8  1      0.1983451      0.6559862
 8  2      -1.308145      0.1048466
 8  3     -0.4615728     -0.3563011
 8  4     0.09505464      0.3935438
 8  5      0.2684091      0.3914572
 8  6     -0.5186042    -0.01932488
 8  7     -0.1229454     0.03907971
 8  8      0.6801728     -0.3779239
 9  0    -0.07536417              0
 9  1      0.2075665      0.4356778
 9  2     -0.6013235     -0.2949758
 9  3      -1.063081     -0.5169538
 9  4     0.03891438     0.00486871
 9  5      0.8208661     -0.2897191
 9  6     -0.9268431     -0.1827064
 9  7    -0.05136053     -0.8039878
 9  8     -0.1590581    -0.06158641
 9  9      0.2468055      0.3422463
10  0     -0.1933167              0
10  1      0.1547888     0.04095296
10  2     -0.4551617    -0.04168481
10  3    -0.03245924     -0.3151629
10  4      0.2284636     0.07155119
10  5     -0.2494285      0.5239566
10  6   -0.008476942      0.2538988
10  7     0.04288821      -0.154778
10  8      0.1939617     -0.1734757
10  9     0.05123754      0.3279465
10 10     -0.5003377    -0.04366845
11  0     0.04177905              0
11  1     -0.3882166      0.4276583
11  2     -0.2541534      0.1832267
11  3     -0.6142703     -0.1912493
11  4    -0.09133362       0.704115
11  5      0.6106001      0.9251894
11  6      0.4072314      0.3101549
11  7     -0.1114332     -0.2076637
11  8      -0.150162     -0.1172624
11  9    -0.09027926      0.7959818
11 10     -0.2348461      0.1784098
11 11     -0.7509139      0.8425547
12  0    -0.07579957              0
12  1     -0.4135826      0.3616074
12  2      0.4078912     -0.7535586
12  3     -0.2015441     0.02671215
12  4     -0.1001229      0.7943867
12  5      0.1638374     -0.6013371
12  6      0.2490753     -0.1588852
12  7     -0.2456129      0.3292602
12  8    -0.08790457     -0.1348458
12  9      0.5966975      0.1978853
12 10      0.2734405      0.2191708
12 11      0.5686523      0.8806192
12 12     -0.2124108     -0.4429242
13  0     -0.1084901              0
13  1     -0.3576923     -0.1688305
13  2     0.06197227      0.1786472
13  3     -0.1489403       0.261027
13  4    -0.01108847      0.1039892
13  5      0.1750726     -0.1100703
13  6      0.1134442     0.09266451
13  7      -0.159202     -0.1095067
13  8    -0.08025545    -0.02744455
13  9      0.2868287     0.08366153
13 10       0.148977      0.2244294
13 11     -0.2314308    -0.05684926
13 12      0.1364422      -0.422311
13 13     -0.3526261      0.2283441
14  0     -0.2190655              0
14  1     -0.2031581      0.1743332
14  2      0.2208277     -0.1225468
14  3      0.1854106     0.09635787
14  4     -0.1373249     -0.1067682
14  5      0.1357451   0.0007186313
14  6     0.09723823    -0.04625317
14  7     -0.1096945     0.09905061
14  8      0.1381504      -0.145483
14  9     0.00501491     0.03319584
14 10     0.05927055     0.03670049
14 11      0.1588681     -0.3485794
14 12      0.1459526    -0.04732162
14 13     0.03760751     0.09727556
14 14      0.4592645      -0.063028
15  0  -0.0008983027              0
15  1    0.001651217     -0.1448428
15  2     0.04693611      0.1955954
15  3      0.2989376      0.1115902
15  4     -0.2289224     0.03234338
15  5    0.007981876    -0.01649824
15  6     0.06292135      0.0315832
15  7      0.1520489      0.2120494
15  8      0.0987305    -0.07905324
15  9     -0.1888455       0.230992
15 10     -0.1917029     -0.2036381
15 11    -0.01277389     0.08376319
15 12     -0.1707127     -0.2282461
15 13    -0.07433649     0.06729246
15 14      0.1795012     -0.1213967
15 15     0.05914425     -0.1300732
16  0     0.01525293              0
16  1      0.1556863      0.1003943
16  2     0.03056687    -0.01267341
16  3     0.03133755      0.1546314
16  4     -0.1323997    -0.01433458
16  5     0.04224282     0.03057358
16  6     0.03891916      0.1429178
16  7    -0.09871017   -0.004808271
16  8     -0.1312956    -0.09162137
16  9     -0.1998827    -0.05479809
16 10      0.1181325    -0.03066204
16 11   0.0004013179    0.006382551
16 12      0.0660838    -0.02583351
16 13     -0.2088847     0.04590835
16 14     0.01483244     -0.0275993
16 15     0.07746883     -0.0920625
16 16      0.1534772      0.2455112
17  0    -0.01157375              0
17  1    -0.07107446     0.01438208
17  2     -0.1832823    -0.09706335
17  3      0.2492989      0.1535962
17  4      0.1344313     0.06768795
17  5     -0.1326693    -0.06655025
17  6     0.01994072      0.0727989
17  7      0.1326452     0.05133811
17  8    -0.05820506     0.04268042
17  9     -0.1490597     -0.2375172
17 10     0.09387728     -0.1630434
17 11    -0.02542383      0.1674068
17 12     -0.1317064     -0.1912411
17 13     -0.0613887     -0.1916922
17 14      0.2736951     0.09703185
17 15     -0.3204131     0.03946092
17 16   -0.008949043    -0.03946137
17 17     0.02725089       0.344318
18  0    -0.04366237              0
18  1      0.1025216    -0.04894817
18  2    -0.01178757   -0.006815932
18  3    -0.01048832     0.01460642
18  4     -0.2886411     -0.2382033
18  5       0.155431      -0.046967
18  6     0.02703847      0.1673926
18  7    -0.01622157     -0.1373155
18  8    -0.08661762      0.2554963
18  9     -0.1572827    -0.06395768
18 10    -0.05434002     -0.1192465
18 11    -0.09828707      0.1259274
18 12      0.0568576      0.1719756
18 13   -0.004401265     0.02355004
18 14    0.001099961     -0.1757506
18 15     0.02303326     -0.3451121
18 16     0.02162337     0.02734136
18 17   -0.004491101     0.08422579
18 18    -0.03121613     0.03268421
19  0     -0.1258844              0
19  1      0.1495202     -0.1107768
19  2     -0.1490934     -0.1733659
19  3     -0.1430628    -0.04476644
19  4     0.01252118     -0.1771662
19  5     0.07794588     0.08192722
19  6     -0.1059632     0.05093102
19  7     -0.1139232    -0.07835656
19  8     -0.0345515    0.001189659
19  9     -0.1310541    -0.01249015
19 10      0.1004061     -0.1281125
19 11      0.1923091      0.1373179
19 12      0.1107797     -0.2421308
19 13     -0.0380887     -0.1980267
19 14     0.08847834     0.09140278
19 15     -0.2094912     0.03494457
19 16      -0.114671     0.06774513
19 17      0.1161554      0.1520244
19 18    -0.07820934     -0.1133366
19 19     -0.3863699      0.1628004
20  0    -0.04154681              0
20  1     0.03522998   -0.004825211
20  2    -0.08663736     -0.1193197
20  3    0.003198917      0.1448951
20  4     -0.0762128   -0.002237113
20  5      0.1094121    -0.09970443
20  6      0.1216621    -0.06339195
20  7    -0.02914929     -0.0176752
20  8      0.1509341    -0.03203384
20  9      0.0986056     0.06264168
20 10    -0.05587012    -0.03916745
20 11     0.01780807     -0.0387775
20 12       0.192271     0.01538343
20 13      0.1067553     0.09029035
20 14    -0.09406314     0.04380611
20 15    -0.06263055    -0.06004979
20 16    0.001282157       0.172831
20 17     0.07542522     -0.1012046
20 18     -0.1351012     0.02484339
20 19     0.02294157      0.1356895
20 20    -0.08802786    -0.06173652
21  0    -0.04886652              0
21  1     -0.1039888     0.05132801
21  2    -0.08133814    -0.02021973
21  3    -0.07919885      0.1897969
21  4      -0.203296     0.08977568
21  5      0.1164063    -0.07158263
21  6    -0.03602307      0.2100497
21  7   -0.007063893        0.05338
21  8      0.0815106     0.04406008
21  9      0.1047431     0.09954682
21 10      0.1443671      -0.161706
21 11     -0.2200336     -0.0165532
21 12    -0.03821527     0.08171534
21 13     0.04490708    0.009316191
21 14    -0.02337624     -0.0290076
21 15   -0.006657862      -0.100947
21 16    -0.01138724   -0.002164025
21 17    0.006211178     0.09370115
21 18    -0.03986156    -0.07198164
21 19     0.03352151    -0.01317388
21 20      0.1188523     0.04545005
21 21    -0.09487555     -0.2862118
22  0    -0.02285314              0
22  1     0.02041893     0.07651986
22  2     -0.2046185    0.004501184
22  3     0.02356577    0.004891609
22  4     -0.0154383    -0.09713057
22  5     0.02364151    -0.04620904
22  6     0.01162106      0.1107474
22  7     -0.0809088     -0.1089587
22  8     0.08202016      0.1096338
22  9    -0.04319556    -0.01221722
22 10    -0.02419342    -0.03775393
22 11     0.01815992    -0.08941267
22 12     0.04560144     -0.1503402
22 13     -0.1847548    -0.09196948
22 14    -0.09482693      0.1136372
22 15     0.02583695    -0.07621752
22 16      0.1148026    -0.01953473
22 17     -0.1298692       -0.12794
22 18     0.01739392     0.08687561
22 19    -0.05924957      0.1744883
22 20    -0.03596031       0.162919
22 21      0.0720107      0.1308345
22 22     0.08174434     -0.1507833
23  0    -0.03660693              0
23  1   -0.004257032      0.1248376
23  2    -0.08364353      0.1280287
23  3    -0.05909607    -0.06258451
23  4      0.2156959    -0.01746443
23  5     -0.1655325     0.04716139
23  6    -0.06522341     0.09454604
23  7     0.06361166     0.05795383
23  8     0.05449965    -0.05225308
23  9      0.1342554    -0.03600895
23 10     -0.1905239    -0.08700823
23 11      0.1268576    -0.05785146
23 12     -0.0547195     0.03862318
23 13     0.03021001     0.09180314
23 14    -0.08503145    -0.08299717
23 15     -0.1841157     0.09206773
23 16      0.1078451    -0.01103723
23 17    -0.05245619     0.02771386
23 18    0.001152341    -0.01684174
23 19      0.1118293    -0.09438252
23 20    -0.01849539     -0.0523347
23 21    -0.02498201    -0.04589682
23 22      0.1347857     -0.1426627
23 23     0.01183906     0.05283409
24  0     0.07555009              0
24  1     0.04645959   -0.008313229
24  2   -0.002700648     0.06241621
24  3      0.1222548    -0.01544222
24  4    -0.04833409     0.05324138
24  5    -0.07835018   -0.005009144
24  6      0.0130595    -0.03480172
24  7     0.02821779    -0.05629669
24  8    -0.04986377     0.05634284
24  9     0.05938545    -0.09916312
24 10    -0.01525269   -0.003332969
24 11   -0.007687933     0.07706278
24 12    -0.05282344     0.06650446
24 13    -0.07861415     0.04084505
24 14      0.1577351      0.1194855
24 15    -0.02020953     -0.1412212
24 16     -0.1750601     0.09331986
24 17     0.01823579       0.110949
24 18     0.09314849    0.009043982
24 19     0.02616127       0.128714
24 20     0.05131647      0.1067671
24 21      0.0228039    -0.08492634
24 22    -0.03832503    -0.05756626
24 23      -0.109113    -0.05352767
24 24     0.08885543     0.03516247
25  0    -0.07548092              0
25  1      0.1005287    -0.01953697
25  2     0.04913799     0.00567445
25  3     -0.0417661    -0.07849731
25  4    -0.08269443     0.05432528
25  5      0.1443624      0.1125107
25  6     -0.2552444     0.01419327
25  7     0.07784284   -0.001601015
25  8    -0.07176723   -0.009877075
25  9     -0.1394485      0.1031749
25 10   -0.007499969    -0.04424342
25 11      0.1726554     0.06538527
25 12    -0.05468528    -0.04365517
25 13     0.04829616      0.1028655
25 14      0.1190498      0.1819884
25 15     -0.1034423     -0.0218248
25 16      0.1700931     -0.1266103
25 17     -0.0704603     0.05071519
25 18    -0.06499349    -0.02551135
25 19      0.1210316     -0.1666498
25 20   -0.004637268     0.03971417
25 21      0.0732609    -0.01993541
25 22    0.004287238    -0.01757014
25 23    -0.06355518      0.1342208
25 24      0.0505714     0.02106066
25 25     0.03701456      0.1515708
26  0     0.02663076              0
26  1     0.01403582     -0.0828141
26  2       -0.20517     0.00652157
26  3     0.02565853     0.01673218
26  4    0.009389439     0.07472147
26  5    -0.03228565    -0.05544153
26  6     0.03726041     0.01639194
26  7    0.009441399    -0.02069097
26  8     0.03730878     -0.1105064
26  9     -0.1526195     -0.0543693
26 10      0.0490546    -0.04517988
26 11      0.1133862     0.09439161
26 12     0.02331568    -0.04507015
26 13     0.05034599      0.1332366
26 14   -0.003330944    -0.06311593
26 15     -0.1045748     0.02622474
26 16     0.07142304    -0.03145282
26 17     -0.1897924     0.09538881
26 18    -0.03145274     -0.1959706
26 19     0.01896854     0.05252552
26 20    -0.05092075    0.006701161
26 21     0.07459167    0.004240235
26 22   0.0002244363    -0.07997369
26 23     0.01122532     -0.1263423
26 24     0.05014639    -0.05857035
26 25     0.04516529     -0.1857968
26 26    -0.02077718     0.02238241
27  0    -0.01432165              0
27  1      0.1027911   -0.002265448
27  2      0.1008948     0.06597021
27  3     0.02211169      0.0313795
27  4     0.06699583     -0.2135213
27  5      0.1929458     0.02916619
27  6   -0.008266598     0.08682122
27  7    -0.01720783    0.004300371
27  8     0.02351879     0.08608554
27  9     0.09947152   -0.005709745
27 10    -0.01202306    -0.04135935
27 11   -0.007397918     0.07256085
27 12      0.0377337     0.04950006
27 13    0.007696817     0.04888188
27 14     0.03982569     -0.1499486
27 15     0.05456876     0.07788408
27 16    -0.01427202     -0.2525191
27 17     0.02042606   -0.001208854
27 18     0.05146603     0.09148189
27 19    -0.06634089     0.02693744
27 20    -0.03886124    -0.08091703
27 21      0.1329148     0.02058248
27 22     0.06333642     -0.1932553
27 23    -0.01297486     0.07405338
27 24     0.07943411      0.1152019
27 25     0.09498817   -0.003081487
27 26    -0.06675065     -0.0195095
27 27     0.09943717    -0.06112984
28  0    -0.03951594              0
28  1     -0.0936754      0.1897214
28  2    -0.03014434     0.02427699
28  3    -0.01260814     0.03647111
28  4    -0.03238636   -0.002394107
28  5    -0.07977013     0.08521979
28  6   -0.009870429     0.03183355
28  7    -0.09573786     0.07074317
28  8    -0.03393002     0.03139225
28  9    -0.08522976   -0.004050085
28 10     0.03187259     0.02076549
28 11      0.0419558    -0.02790042
28 12      0.0528271    -0.04250018
28 13     0.01713242     0.09295109
28 14       0.047091     -0.0506723
28 15     -0.1699732    0.008682282
28 16     0.02300918     0.08707878
28 17    -0.00441263     0.03641837
28 18    -0.06892768    -0.01895672
28 19     0.07947063   -0.007560953
28 20      0.0157632    -0.07630197
28 21    -0.02769122     0.02910148
28 22    -0.02459748    -0.03911288
28 23     0.05594364     0.08479823
28 24    -0.08251741    -0.08149787
28 25     0.06133576      0.1403058
28 26    -0.04691619   -0.003786518
28 27     0.03967062     0.02840947
28 28     -0.0820388     0.06808301
29  0     0.04851964              0
29  1    -0.01159374     -0.0757485
29  2    -0.04034446     0.09665192
29  3      0.1744658     0.07748176
29  4     0.02211025     0.04032881
29  5     0.05672131     0.04135409
29  6      0.1824822       0.105131
29  7    -0.05572048    -0.04579496
29  8    -0.08422709      0.1326732
29  9   -0.007895266    -0.01089963
29 10     -0.1433199      0.1040001
29 11  -0.0001601669     0.01964229
29 12     -0.1902806      0.1576293
29 13       -0.11705     0.06504645
29 14    -0.01006344    -0.02886418
29 15     0.07463602       0.106451
29 16     -0.0389348      -0.034282
29 17     0.03323767     0.07678428
29 18    -0.06745382   -0.009252834
29 19     -0.1178831       0.125437
29 20     -0.1860235     0.02274378
29 21    -0.06468955      0.0598796
29 22    -0.02250111      0.1227275
29 23   -0.008160872    -0.05805462
29 24    -0.03604355     0.09183072
29 25    -0.07225566     -0.1084233
29 26    -0.04022587    -0.05474529
29 27    -0.06625821      0.1007762
29 28    -0.04010201    -0.02277767
29 29     0.03054259   -0.001745907
30  0      0.0435521              0
30  1    -0.02326006     0.09937373
30  2    -0.07372275     0.06854953
30  3     0.01459818    -0.06890037
30  4    -0.03035735     0.05253345
30  5     0.01852795    -0.00714454
30  6     0.03320961     0.06388452
30  7     0.02416994      0.2050897
30  8    -0.04993004     0.03251915
30  9     -0.0162958     0.01230968
30 10    -0.05001007    -0.03347253
30 11      0.0100078     0.03082334
30 12      0.0503149    -0.02564761
30 13      0.0968646   -0.009823252
30 14    -0.08704887     0.03678898
30 15    -0.05280691    -0.05519542
30 16      0.0478349    -0.03299271
30 17     0.04842495     -0.1739077
30 18    -0.08890352     -0.0695152
30 19     -0.0669819     0.06878959
30 20   -0.006909125    -0.07628741
30 21    0.002084887    -0.05680878
30 22     -0.0206294     0.04120517
30 23     0.09953769     0.01501101
30 24    -0.02085944     0.07152393
30 25      0.1012668     0.02039807
30 26     0.07533067      0.1680342
30 27    -0.07573605    -0.04559451
30 28     -0.0636518     0.05812988
30 29     0.02354786    0.006208045
30 30    -0.08570623    -0.09953009
31  0     0.01202004              0
31  1    -0.03529261    -0.05339481
31  2    -0.09528637      0.1555516
31  3    -0.09118842    -0.03728192
31  4      0.1087362     -0.1740779
31  5    -0.09456387    -0.04615239
31  6    -0.01775101    -0.04294253
31  7      0.1239733    -0.05762872
31  8    -0.06079673     -0.0279473
31  9      0.0360846     -0.1038314
31 10     0.07766787    -0.05397213
31 11     0.03934345    -0.05773261
31 12     0.08159363     0.05035599
31 13      0.1027218     0.06542253
31 14    0.005120161     -0.1862477
31 15    0.002270672     -0.1010685
31 16    0.002315813     0.09293038
31 17      0.0446238    -0.02601505
31 18     0.07838209     0.07062954
31 19     0.05469364      0.1003554
31 20    -0.01251131   -0.001264614
31 21     -0.1085534     0.01345661
31 22      -0.026545      0.1773653
31 23     0.04707862     -0.1238048
31 24    -0.01399707     0.06603132
31 25     0.02300875    -0.06055823
31 26     -0.1049457    -0.09936628
31 27    -0.04844121  -0.0004214841
31 28    -0.01070158    -0.03329252
31 29     0.05319743    -0.02057254
31 30    -0.04850385     0.05231651
31 31    -0.01196975    -0.03248953
32  0     -0.1106061              0
32  1     0.08630799   -0.008935456
32  2   -0.003471474    -0.02045769
32  3     0.05497396     0.03450042
32  4    -0.05546913    -0.03968653
32  5      0.1113908    0.001390059
32  6    -0.06382701    -0.00123905
32  7      0.1740764     0.03613745
32  8     0.03722005     0.08972459
32  9     0.07073723     0.03041171
32 10     0.02907351    -0.02863124
32 11    -0.09629282    -0.03154822
32 12     0.03782225     0.03744712
32 13    -0.05907471    0.002911888
32 14     0.01255818     0.01419315
32 15      0.1018696    -0.06936768
32 16     -0.0568285     0.01385914
32 17     0.02003347     0.08315159
32 18    -0.06495778      0.1010108
32 19     0.06678914    -0.03168694
32 20    -0.08718675    -0.04170562
32 21    -0.08703823    -0.08480164
32 22     -0.1519832    -0.01163303
32 23    -0.09616298      -0.090803
32 24     0.08389018    -0.06552372
32 25    -0.01571156      0.1035207
32 26      0.1083225    0.005245775
32 27     0.04753187     0.01457563
32 28   -0.004578969   -0.009886366
32 29    -0.09668602     0.02985741
32 30     0.01830458     0.01458145
32 31    -0.01452246    0.004917445
32 32    -0.08187674       0.145595
33  0     0.03649084              0
33  1      0.1070371     0.03806802
33  2    0.003632835    -0.03225074
33  3   0.0002611543     0.08607578
33  4    -0.05932036    -0.06609168
33  5     -0.0596136     0.01506674
33  6    -0.09426621    -0.02330835
33  7   0.0002936476    -0.06859215
33  8     0.01513458   -0.008233313
33  9    -0.04256551     0.04653449
33 10     -0.0783454    -0.06347247
33 11    -0.03848116     0.04699154
33 12    -0.04296716     0.05847835
33 13    -0.03171567   -0.002886581
33 14      0.1146886    -0.07896654
33 15     -0.1271483     0.05425972
33 16    0.003640242   -0.001642821
33 17     0.06207281    -0.08422325
33 18     0.06022663      0.0206344
33 19    -0.01805557     -0.0633112
33 20     0.03945305        -0.1393
33 21    -0.06235876   -0.002488376
33 22    -0.05380775      0.1012394
33 23    -0.03570365    -0.01162662
33 24    -0.06662476     0.02860583
33 25    -0.00614918     0.08571186
33 26   -0.007275139     0.09734707
33 27    0.004016992      0.1370697
33 28    -0.02037885     0.02739244
33 29     0.05118211     0.06076269
33 30      0.0148204     0.07057937
33 31    -0.08749312    -0.02293854
33 32     0.04230838     0.03001186
33 33     0.01329982    -0.03317789
34  0     0.05882353              0
34  1   -0.006016894     -0.0733673
34  2    -0.06047889     -0.0415181
34  3      0.1171898    -0.01714787
34  4     0.02242107    -0.05541775
34  5     0.01840216    -0.04583673
34  6     0.06131077     0.06004453
34  7     0.08209591    -0.07607126
34  8    -0.03736582    -0.08517934
34  9     0.07017253      0.1740944
34 10    -0.06119926     0.04973232
34 11     0.06488626      0.0179012
34 12     0.02004439    -0.09752737
34 13     0.06083764    -0.02143251
34 14      0.1115716       0.051401
34 15    -0.01837412    -0.06972523
34 16     0.09150613    -0.04107657
34 17     0.06646627      0.1133199
34 18     0.08859874      0.1226295
34 19    -0.04171214     -0.0837637
34 20     -0.1923016     0.08598737
34 21     0.03113992    -0.01987834
34 22    -0.02939589     0.05756691
34 23     0.00647393     0.03308253
34 24    -0.05094883     0.04568942
34 25     0.02013697     -0.1438849
34 26      0.1236353     0.04243452
34 27    -0.07392737     0.04243737
34 28    -0.03404323    -0.01984501
34 29    -0.03647135    -0.03669209
34 30    -0.07898288     -0.0549299
34 31    0.009082982    -0.02283231
34 32     0.02724206    -0.07319497
34 33     0.07095769    -0.07480921
34 34    -0.06767498    -0.02148243
35  0     -0.0531101              0
35  1    -0.01546943   -0.007376915
35  2      0.0354603    0.002913971
35  3     0.02297497    0.003846693
35  4     0.07887354      0.1122801
35  5    -0.02021758    -0.04459458
35  6       -0.06681     0.09682012
35  7      0.1504646   -0.007124181
35  8     -0.1564986     0.06238827
35  9   -0.001049506    -0.02027973
35 10    -0.08012865     0.09157918
35 11     0.01195177     0.01485294
35 12   -0.002446622    -0.09192416
35 13    0.009668191    -0.05327098
35 14      0.1438984     0.07424241
35 15     0.02445178     0.03697266
35 16    -0.01826167     -0.0346011
35 17     -0.1146391    -0.08217863
35 18     0.06195264      0.1473457
35 19    -0.06845864    0.001458651
35 20     0.03241117     -0.0642296
35 21    0.001913046     0.05037484
35 22    -0.01200118    0.007814457
35 23     0.01214907    -0.03324343
35 24     0.06156217     0.01868101
35 25     -0.1064449   -0.004099333
35 26      0.1355935     0.02192254
35 27     0.03794403    -0.03016358
35 28    -0.06254108    -0.06371431
35 29    -0.02559373     0.01625872
35 30    0.003284673     0.03026637
35 31   0.0005972048    -0.08668873
35 32     0.08097862  -0.0002570511
35 33     0.04444205     -0.0228959
35 34     -0.1118408   -0.006945669
35 35     0.02712183      0.0462895
36  0     0.09377082              0
36  1     0.01130526   -0.009306888
36  2     0.06563482    0.004069136
36  3    0.004633785    -0.03362861
36  4     0.03056629    -0.09682837
36  5      0.1052711      0.0658576
36  6      0.0373769     -0.0667116
36  7    -0.05481496    -0.02465377
36  8     0.03060691     -0.0876243
36  9     0.04251853     -0.1224905
36 10    -0.02172986     0.01740282
36 11    -0.07106294    -0.01956212
36 12     0.05871364   0.0007095448
36 13     -0.0304203    -0.05381517
36 14    -0.03186272    -0.04944957
36 15    -0.06472507      0.1281532
36 16     0.07274985    -0.04906199
36 17    -0.04852827     0.05571992
36 18    -0.01410859    -0.02087248
36 19    -0.03688839    -0.04109324
36 20     0.01151432     0.09364466
36 21     0.02544407     0.03378917
36 22     0.01227547    -0.04841143
36 23     0.06393164    -0.06964371
36 24    -0.01843384    -0.00657356
36 25     0.02029733     -0.0800408
36 26    -0.04574362    -0.03400423
36 27     0.03412398    -0.04535742
36 28    0.003040333     0.04871543
36 29    -0.07607874    -0.06800403
36 30    -0.02690508    -0.09357592
36 31    -0.03627326     -0.0427225
36 32    -0.04722771    -0.03515004
36 33    -0.03323263    -0.04600657
36 34     0.06557434    -0.03903486
36 35    -0.03558862     0.01833627
36 36     0.04318609    -0.06820656
37  0   -0.002374186              0
37  1     0.05564665     0.05040402
37  2    -0.04136193    -0.05267688
37  3     0.01068278     -0.1019989
37  4     0.01691996     0.02521163
37  5    -0.02319652    0.001055461
37  6     -0.0357919    0.004829957
37  7     0.06612845     0.05659342
37  8    -0.07118975    -0.04738496
37  9     0.09633067     0.03158449
37 10     0.07284275     0.04869712
37 11    -0.04379395     -0.0766752
37 12    -0.04661069    -0.03601007
37 13    -0.05148145     0.03642132
37 14     0.02938368   -0.006946797
37 15     -0.0204599    -0.05657357
37 16   -0.007443051     0.02254886
37 17    -0.03641203     0.04613056
37 18     0.02280641    -0.06800546
37 19    -0.01841671     0.01628632
37 20      0.1378564   -0.006436517
37 21    -0.01392668     -0.1162264
37 22     0.02120645    -0.05956417
37 23     0.03177426     0.07834474
37 24    -0.03595851    -0.02134855
37 25    0.004397058    -0.02533262
37 26    -0.06869755      0.0487144
37 27    -0.06022091   -0.004067439
37 28     0.01966264    -0.06992406
37 29     -0.0444045    -0.01344028
37 30     0.03463705    0.006474344
37 31    0.008590166   0.0005685394
37 32     0.01760931    -0.02185885
37 33    -0.06017888     0.02717761
37 34      0.0648718     0.08590394
37 35     0.01873709    -0.03252806
37 36     0.04065877     0.02963334
37 37    -0.01758369    -0.02786249
38  0     0.01531388              0
38  1   -0.008163969     0.03835784
38  2   -0.003889017   -0.005707535
38  3      0.1087156    -0.01069855
38  4    -0.02014661    -0.02340892
38  5     -0.0274864     0.02496983
38  6    -0.06530797     0.02852707
38  7     0.02409165   0.0006275713
38  8   -0.009402701    -0.03228287
38  9    0.003441576    -0.05350181
38 10    0.001503725     0.00652497
38 11    -0.02640842    -0.04076068
38 12    0.004335872    -0.04122689
38 13    -0.05393213     0.04951017
38 14     -0.0588244    -0.04447416
38 15     0.03399462    -0.03836172
38 16    0.003349385     0.03328896
38 17      0.1411203      0.1113506
38 18     0.08630526    -0.06012474
38 19     0.09217563     0.03909937
38 20     0.06481348     0.02805275
38 21    -0.05376792     0.01203422
38 22     0.04266372    -0.08702233
38 23    -0.09028343    -0.05476328
38 24    0.009740653     0.06465745
38 25     0.03496189    -0.03559389
38 26    0.001345251     0.06370352
38 27     0.04456754    0.009510877
38 28    -0.05171773    0.002999453
38 29     -0.0214387    0.008307305
38 30    -0.05243843     -0.0367172
38 31     0.07531392    -0.06753557
38 32     0.01997709    -0.01131612
38 33      0.0167549     -0.0588167
38 34    -0.03387235    0.005455395
38 35    -0.02254781   -0.001561759
38 36    -0.03044786     0.06542189
38 37     0.03886458     0.07103257
38 38     -0.1329681    -0.03838953
39  0     0.04086678              0
39  1    -0.02000391    -0.03902318
39  2      0.1177923    -0.03963133
39  3    -0.03239896    0.003996902
39  4      0.0128158     0.01059216
39  5   -0.003449197    -0.03609307
39  6    -0.07063797     0.03542805
39  7     0.07021394     0.03398405
39  8      0.1066556   -0.007946538
39  9    -0.06987945    -0.02201024
39 10    -0.08279158    -0.05314318
39 11    -0.07543894   -0.003950725
39 12    0.002686484    -0.06767685
39 13    -0.08442485     0.01739821
39 14    -0.02320583     0.05604093
39 15    0.004451165     0.05235413
39 16    -0.08480067    -0.00841238
39 17    0.009120421    -0.03721914
39 18    -0.07743935     0.08852685
39 19    -0.04854283      0.0124063
39 20    -0.05686159     0.01266019
39 21     0.06276451      0.1075847
39 22    -0.03608622     0.04067515
39 23     0.01594617     0.01377913
39 24     0.06181021       0.102743
39 25    -0.06222189   -0.003503934
39 26    0.001005296    -0.02794143
39 27       0.130998    -0.04284269
39 28    -0.08961919    -0.03940593
39 29     0.04643824     -0.0929461
39 30     0.05138589    -0.04138194
39 31     0.01337489     0.03664574
39 32     0.02123703    -0.07778987
39 33     0.09146228     0.02889034
39 34    -0.09389915     0.05090573
39 35   -0.007352883   -0.009400548
39 36     0.02869712      0.1167043
39 37    -0.04423537    -0.05625306
39 38     -0.0198445     0.00580788
39 39     0.06503007   -0.008989856
40  0     0.04313406              0
40  1     0.01178624    0.009909448
40  2     -0.0436005     0.01740867
40  3    -0.03783632     0.06323758
40  4     0.05125513    -0.06911626
40  5    -0.07464644    -0.07988967
40  6    -0.04398967    -0.08889957
40  7     0.03171381   -0.009042365
40  8     0.05505092    -0.05564622
40  9    -0.07246938    -0.03782533
40 10    -0.00361272    -0.01822753
40 11     0.08595415    -0.03051285
40 12    -0.09458955    -0.08079547
40 13    -0.04979403     -0.0382964
40 14     0.02847156   -0.002725832
40 15    0.006966867    -0.07364938
40 16    -0.01533347    -0.03809827
40 17     0.02466314     -0.0441948
40 18    -0.04145525     0.08600749
40 19    -0.06319519   -0.009305957
40 20     0.02800275    -0.01895446
40 21    -0.03316408    0.003327278
40 22     0.06259607    -0.03886865
40 23    -0.05647272   -0.005177628
40 24     0.08740643    0.006384022
40 25    0.002121458     0.02756576
40 26     -0.0170793     0.03170676
40 27     -0.0683542    -0.02683862
40 28    -0.09695184     0.08708781
40 29    -0.02070653     -0.0564157
40 30    0.004777476     0.05400968
40 31     0.04354484     0.02912784
40 32     -0.0598451     -0.0556778
40 33      0.0376296    -0.01601178
40 34     0.01095787     0.04752856
40 35    -0.08516672     0.06057969
40 36     0.03566908    -0.01400323
40 37    -0.02464207    -0.03100816
40 38    -0.02710937    -0.09923695
40 39    -0.05645859      0.1178372
40 40     -0.0312774    -0.01334644
