# Rayleigh 150 s group velocity model
# from Larson & Ekstrom (1999), for more information, see
# http://www.seismology.harvard.edu/projects/surfwave/LE99-Pageoph
# Spherical harmonics, columns are: l m Alm Blm
 0  0        2.21938              0
 1  0      0.9113345              0
 1  1      -1.544729      -0.176302
 2  0       1.063128              0
 2  1       0.558459      0.9182465
 2  2       1.130852      -1.228707
 3  0      0.5337414              0
 3  1     -0.8886579    -0.05441687
 3  2     -0.8204479      0.1528312
 3  3       1.126465      0.4054008
 4  0      0.4944809              0
 4  1     -0.6542509      0.2113001
 4  2      -1.369282      0.8329003
 4  3       1.452941      -0.203567
 4  4     -0.1719504       1.283364
 5  0     -0.9303558              0
 5  1      -1.819964     -0.3097194
 5  2      -2.012747       0.289471
 5  3      0.6148627     -0.9443703
 5  4       1.864558       -1.82786
 5  5     -0.9780772     -0.8820022
 6  0     0.08606607              0
 6  1      0.6585434      0.8681577
 6  2      -1.146076       1.101267
 6  3      0.1259041       -1.05493
 6  4     0.02336366      0.5734395
 6  5      -1.626253     -0.7679042
 6  6      0.3794507      0.4746262
 7  0     -0.5314012              0
 7  1     0.08771148      -1.340065
 7  2     -0.1865177      0.5010554
 7  3      0.1828712     -0.6864443
 7  4    -0.08024044      0.7234352
 7  5     -0.1495021      0.9688384
 7  6      0.1387622      -1.291871
 7  7      0.7260861     0.05964752
 8  0     -0.3705848              0
 8  1      0.1789749      0.4973727
 8  2      -1.057758     0.06672966
 8  3     -0.3191801      -0.339007
 8  4      0.1086548      0.3320154
 8  5      0.2392326      0.2433156
 8  6     -0.5217264     0.05791691
 8  7     -0.2674485     0.09359889
 8  8      0.7259339     -0.2807359
 9  0    -0.08776256              0
 9  1      0.2907318      0.2220305
 9  2     -0.5495764     -0.1726836
 9  3     -0.7240935     -0.4705602
 9  4    0.008569842    -0.02859799
 9  5      0.6163747     -0.1184817
 9  6     -0.7000064    -0.02174874
 9  7     0.01738011     -0.6824802
 9  8      -0.138056    -0.02442802
 9  9      0.3204953      0.2591897
10  0    -0.09772407              0
10  1      0.1137632     0.01819614
10  2     -0.5081692    0.009772032
10  3     -0.1251962     -0.3138176
10  4      0.1837961     0.03013102
10  5     -0.1300891      0.4010872
10  6    -0.04233851      0.1555344
10  7      0.0804626     -0.1225242
10  8      0.0880072     -0.1653719
10  9      0.1189081      0.2449833
10 10     -0.4185097   0.0008925968
11  0    -0.02633136              0
11  1     -0.3162557       0.364075
11  2     -0.1035389      0.2078456
11  3     -0.5930408     -0.1715497
11  4    -0.05013318      0.5220985
11  5       0.442751      0.7007432
11  6      0.2883542      0.2486683
11  7     -0.1950073     -0.1067765
11  8     -0.1183147     -0.0910154
11  9     0.08551625      0.5870582
11 10     -0.2099337      0.1617142
11 11     -0.5479181      0.7018232
12  0    -0.03758959              0
12  1     -0.3746115      0.3899135
12  2      0.2787149     -0.7179474
12  3     -0.2164765   -0.008887139
12  4    -0.07580829      0.7308708
12  5      0.1352367       -0.50359
12  6      0.1797946    -0.07210125
12  7     -0.1223704      0.2981717
12  8    -0.02733421    -0.04768576
12  9      0.5426912        0.23656
12 10       0.200965      0.1128318
12 11      0.4572347      0.7387766
12 12     -0.2627047     -0.2481513
13  0    -0.09771661              0
13  1     -0.3064674     -0.1688291
13  2     0.02389628     0.09535405
13  3     -0.1402362      0.1740473
13  4     0.02516826     0.04407379
13  5      0.1443856     -0.1236145
13  6     0.05235361     0.03185951
13  7     -0.1400069    -0.07579969
13  8     0.01842309    -0.05992473
13  9       0.231541     0.03511848
13 10      0.0959304       0.191339
13 11     -0.2291265    -0.01369683
13 12      0.1718727     -0.4068127
13 13     -0.2544041     0.06620744
14  0     -0.1481115              0
14  1     -0.1643483      0.1085165
14  2      0.1325531    -0.08498222
14  3      0.1070254      0.0686284
14  4     -0.1180649    -0.01275706
14  5       0.041884     0.02087729
14  6     0.04072544    0.009846264
14  7    -0.07999451      0.1065262
14  8     0.01276403     -0.1202801
14  9    -0.01284559     0.02876001
14 10     0.01932603    0.003182023
14 11     0.04321636     -0.2806445
14 12     0.08677074     -0.1285323
14 13    -0.03289687      0.1851577
14 14       0.418584      -0.117218
15  0      0.0270989              0
15  1    -0.06252625      -0.104068
15  2     0.05739613       0.181305
15  3      0.1949906     0.06862426
15  4     -0.1596599     0.08602273
15  5     0.05386436     -0.1072598
15  6     0.09404392    0.008094905
15  7     0.07975329      0.1515295
15  8     0.06842531     -0.0885852
15  9      -0.134523      0.2298169
15 10    -0.08439024     -0.1159952
15 11     0.04921032      0.1157709
15 12     -0.1234064     -0.1652973
15 13     0.01726297      0.1186662
15 14      0.1172814     -0.1724523
15 15     0.01251465    -0.09380484
16  0   -0.003069352              0
16  1      0.1137404     0.09515623
16  2      0.0395655    -0.04265981
16  3     0.07109923      0.1703394
16  4      -0.113095   -0.005807875
16  5   -0.003923897    -0.09447382
16  6     0.03640957     0.07180864
16  7    -0.07377212    0.003362721
16  8     -0.1575965      -0.047019
16  9     -0.1222443    -0.09031598
16 10      0.0657481    -0.04843351
16 11     0.05254934    -0.05842159
16 12        0.04876     -0.1171192
16 13     -0.1240274     0.03461828
16 14   -0.006520072    -0.06510419
16 15     0.07922073    -0.05578147
16 16      0.2491876      0.1256182
17  0     0.02458083              0
17  1    -0.08695066   -0.004944643
17  2     -0.1476674     -0.1217727
17  3      0.1646976     0.09872152
17  4     0.07804039     0.03655535
17  5     -0.1369698    -0.01033967
17  6     0.03152112     0.08298139
17  7     0.05571704     0.01750494
17  8      -0.071581     0.02302741
17  9     -0.0972737     -0.1665053
17 10      0.0287346    -0.06265604
17 11   -0.006767445     0.09366007
17 12    -0.08237544    -0.08454515
17 13    -0.03840606    -0.08973421
17 14      0.1114966    -0.00119316
17 15     -0.2409673     0.02823251
17 16     -0.1371324    -0.02676041
17 17      0.1035927      0.2920452
18  0    -0.04728474              0
18  1     0.05720761     0.07651532
18  2   0.0005939649    -0.01887242
18  3    -0.01914166     0.01087244
18  4     -0.2350889     -0.2671534
18  5       0.133029  -3.126659e-05
18  6       0.061562      0.1464774
18  7    -0.08661874    -0.07246335
18  8    -0.06631106      0.1526086
18  9     -0.1012312    -0.08395201
18 10    -0.05150537     -0.1221941
18 11    -0.03739709     0.08954836
18 12    -0.01164445      0.0628731
18 13     0.07054971     0.07496782
18 14     0.01653077    -0.06436788
18 15     0.01076065     -0.1914543
18 16     0.05205777     0.07181501
18 17     -0.0214846     0.07305358
18 18    -0.09531009     0.07953243
19  0    -0.06367607              0
19  1      0.0358808     -0.1476668
19  2    -0.09735025     -0.1176224
19  3     -0.1299967    0.009917885
19  4    -0.02898282     -0.1001882
19  5      0.1111648     0.04749903
19  6    -0.02241165    0.003728717
19  7    -0.08138366    -0.06014137
19  8    -0.03968394    0.002022142
19  9     -0.1366558    -0.05051799
19 10     0.03091389    -0.02692301
19 11      0.1644591      0.1219489
19 12      0.1273099     -0.1338291
19 13     0.01405375     -0.1989765
19 14     0.02686386     0.09248756
19 15      -0.159426     0.04305657
19 16    -0.07851423    -0.03704734
19 17     0.05474872     0.05237423
19 18      0.0350296     -0.1432818
19 19     -0.2548362      0.1957855
20  0    -0.03989957              0
20  1     0.02813856     0.02746902
20  2      -0.094141    -0.06923492
20  3     0.09493462      0.1378204
20  4   -0.007708009     0.02777569
20  5     0.06899507    -0.08180739
20  6      0.1080265    -0.02835064
20  7     -0.1055066     0.03589016
20  8     0.06789035    -0.05298317
20  9     0.04738405     0.07622956
20 10   -0.007165743    -0.01560574
20 11    -0.02524192    -0.04158714
20 12       0.107318     0.04137806
20 13      0.1334438     0.09175864
20 14    -0.05605597   -0.008350397
20 15    0.009567301   -0.005289583
20 16    -0.04848924      0.1453832
20 17     0.05262134     -0.1228823
20 18    -0.05694203    0.001109407
20 19    -0.05980968     0.06506924
20 20     -0.1160856    -0.01394949
21  0    -0.02829439              0
21  1     -0.1324122    0.001477287
21  2    -0.08492412    -0.02677362
21  3    -0.06335512       0.121303
21  4     -0.1714959     0.08746258
21  5     0.08251442    -0.09279398
21  6    -0.01784649      0.1333225
21  7     0.02352357    -0.02834465
21  8      0.1036991     0.06015502
21  9     0.05827744    0.002423585
21 10       0.122056     -0.1377281
21 11     -0.1245149     0.01189213
21 12   -0.007556604     0.04079225
21 13     0.02041496    -0.02224961
21 14    -0.08020027    0.007997077
21 15     0.01413755     -0.0480221
21 16    -0.01527562      0.0268301
21 17    -0.02931166      0.0523117
21 18    -0.09196157    -0.04270824
21 19     0.05349017     0.07334594
21 20      0.1681944     0.01353498
21 21     -0.1330353     -0.2361318
22  0    -0.04373591              0
22  1     0.02934632      0.0571414
22  2     -0.1486451    -0.06343865
22  3     0.03381667     0.02679109
22  4     0.01342056     -0.1049198
22  5    -0.01839517    -0.02598816
22  6     0.01730311     0.06060253
22  7    -0.06694283    -0.09634586
22  8     0.02922895      0.1052496
22  9    -0.01222302    0.003965055
22 10    -0.03674991    -0.02721639
22 11   -0.002707873     -0.0598125
22 12    0.005409249    -0.06159079
22 13      -0.133004    -0.04629317
22 14    -0.06825201     0.07599782
22 15     0.04702907    -0.01293352
22 16      0.1267215    -0.04718203
22 17    -0.07559849    -0.08274476
22 18     0.06512109     0.02412714
22 19    0.007831511     0.09241068
22 20    -0.04735951      0.1429442
22 21        0.12908     0.06624672
22 22     0.04337997     -0.1569996
23  0     0.01854802              0
23  1    -0.04352478     0.03842383
23  2    -0.09994864      0.1250314
23  3    -0.04483763    -0.07035227
23  4     0.09517339   -0.008315344
23  5     -0.1004099     0.06160253
23  6     -0.0361838     0.05664059
23  7    -0.02515557      0.1289905
23  8     0.09956492    -0.04172185
23  9     0.08969666    0.001803521
23 10      -0.112912    -0.05358607
23 11     0.08313803     -0.0124471
23 12    -0.09513108     0.01415317
23 13    0.006308008      0.0517877
23 14    -0.03025171    -0.06151948
23 15     -0.1654683    0.005716716
23 16      0.1071295    -0.00566036
23 17    -0.01429927     0.05502896
23 18     0.02729218     0.04189658
23 19     0.03016699    -0.09760762
23 20    -0.01590203    -0.05731052
23 21    -0.05243811     0.04544767
23 22     0.03720178    -0.09274634
23 23     0.03566727     0.03514761
24  0     0.01682871              0
24  1     0.02851739    0.007198396
24  2   -0.001736141    0.005497817
24  3     0.04167749   -0.008895015
24  4    0.003910345     0.04295733
24  5    -0.02516212    -0.05716572
24  6    0.009428233    -0.07401705
24  7      0.0287611    -0.06613781
24  8     -0.0709878     0.06864943
24  9     0.07498367     -0.1291282
24 10    -0.03164333    -0.01256797
24 11     0.03260819     0.01231983
24 12    -0.01372462     0.05105566
24 13    -0.05914834    -0.01268349
24 14     0.07492094     0.05164474
24 15     0.01293828     -0.1028914
24 16     -0.1708086     0.09798031
24 17    -0.06312716     0.09415937
24 18     0.01661256      0.0219652
24 19    -0.01584549      0.1412063
24 20     0.03363938      0.1129738
24 21     0.03785726     -0.1088534
24 22    -0.04742292   -0.001619617
24 23    -0.05016439    -0.04002681
24 24      0.1078143      0.0731086
25  0    -0.05312395              0
25  1     0.05286374    -0.05335695
25  2    0.009221267      0.1048469
25  3   -0.008368565    -0.02449835
25  4    -0.05467489     0.05758011
25  5      0.1013632     0.09951439
25  6     -0.1650498      0.0402696
25  7     0.07500169    -0.03195185
25  8    -0.01378667    0.005607148
25  9     -0.1442487     0.07719934
25 10     0.08462562    -0.01169156
25 11     0.08096436     0.03347056
25 12    -0.08105627    -0.04915344
25 13     0.02091075     0.07170364
25 14     0.05881885      0.1142656
25 15    -0.09119177    0.009732849
25 16      0.1164819    -0.06410109
25 17    -0.02762527    0.008069681
25 18    -0.02950451    -0.02446435
25 19     0.05132416     -0.1285503
25 20     0.01030353     0.03141265
25 21    -0.02651456    -0.05770633
25 22     0.03733538   -0.003411405
25 23    -0.04772395      0.0978224
25 24     0.06005849      0.0142475
25 25   0.0005829441      0.1282412
26  0   -0.005856128              0
26  1     0.02812542    -0.08994739
26  2     -0.1378554    -0.02926254
26  3     0.01236781     0.06035338
26  4      0.0159424     0.04419721
26  5    -0.04299048    -0.01070918
26  6    -0.00758219    -0.02813907
26  7    0.005748027    -0.01546579
26  8     0.06417772    -0.05517692
26  9     -0.1237599    -0.04409448
26 10    0.006016233    -0.01505085
26 11      0.1367166      0.1025335
26 12    0.009192228     0.00113848
26 13     -0.0149346     0.06659304
26 14     -0.0141173    -0.06043136
26 15   -0.005821322    -0.03030551
26 16     0.03442801    -0.01151452
26 17     -0.1403743     0.09560742
26 18     0.01464956     -0.1161481
26 19     0.03232726     0.01246389
26 20   -0.008877834    -0.03773945
26 21     0.06092006    0.009553894
26 22   -0.004672594    -0.04243636
26 23    -0.05513679     -0.1170354
26 24     0.01956292    -0.01955328
26 25    -0.01623465     -0.1185805
26 26     0.02022786     0.04079804
27  0    0.009845611              0
27  1    0.006092789    -0.03632243
27  2     0.06776216     0.05165593
27  3     0.06280533    -0.03966394
27  4     0.06130124      -0.187702
27  5      0.1592278    -0.04105895
27  6    0.006315664       0.121421
27  7    -0.04086293     0.02693994
27  8     0.05591839     0.01290782
27  9     0.08187218   -0.004085733
27 10    0.002957992    0.007908931
27 11    -0.03107908    -0.01909156
27 12    0.005768063    -0.02226305
27 13     0.03465404     0.05759869
27 14    -0.02683822     -0.1164195
27 15     0.03067517     0.02870432
27 16   -0.005266853      -0.145472
27 17     0.04069958    -0.07642319
27 18    -0.01234631     0.05954279
27 19    0.004192574    -0.07335012
27 20    -0.03401724    -0.03392477
27 21     0.09486873     0.02016175
27 22     0.03606541      -0.145173
27 23    -0.07386558     0.04028194
27 24      0.0593217     0.02625997
27 25     0.06414042     0.01544917
27 26    -0.08529782   -0.009293291
27 27     0.08044431    -0.02246789
28  0    -0.02262421              0
28  1    -0.04350826      0.1279841
28  2    -0.02145071     0.04871708
28  3    0.004532389    0.003408083
28  4    -0.01742322    -0.02740042
28  5    -0.07764991     0.06037071
28  6    0.003809428    -0.00345788
28  7    -0.09303197    -0.02565687
28  8    -0.02916374     0.02719222
28  9    -0.07971326    0.004387734
28 10     0.04431847    -0.01304768
28 11     0.02476648    -0.03823718
28 12     0.08674464      0.0149206
28 13    0.005271405      0.1000422
28 14     0.08176032    -0.04228924
28 15    -0.07780936   -0.008032816
28 16   -0.004843854     0.05436163
28 17   -0.004707355   -0.004692815
28 18   -0.007986537     -0.0744559
28 19     0.02288119     0.08234654
28 20   -0.003329626     0.03241928
28 21    -0.00342574    -0.02302558
28 22     0.06744431    -0.01449231
28 23     0.03773298     0.07858761
28 24    -0.04298407    -0.06648992
28 25     0.06554075     0.06607915
28 26    -0.03514137     0.05325947
28 27      0.0534607   -0.004815033
28 28     -0.0567039     0.04264599
29  0     0.03017758              0
29  1     -0.0046255    -0.05557575
29  2    -0.05046783      0.0375891
29  3     0.08176243     0.03314416
29  4      0.0453789    0.006508048
29  5     0.04789045      0.0458541
29  6      0.1743313     0.06994987
29  7    -0.04451339     0.01454852
29  8    -0.03377634     0.07654094
29  9   -0.009461171    -0.02586927
29 10    -0.08122921      0.0972742
29 11    -0.01045327     0.05397021
29 12    -0.09168055       0.111301
29 13    -0.06278962     0.03564932
29 14    -0.03334245    -0.04065417
29 15     0.04437363     0.09746414
29 16    -0.03859951    -0.08675383
29 17     0.05197183      0.1080909
29 18    -0.04316133    0.008211274
29 19    -0.06189779      0.1087293
29 20     -0.1471473    -0.03731422
29 21    -0.02301831     0.05450155
29 22     0.02343489     0.08583749
29 23    -0.04716821    -0.01929292
29 24    -0.01428017      0.1021023
29 25    -0.02499645     -0.1208294
29 26    -0.05600172    -0.02901048
29 27    -0.01420264     0.09264927
29 28    -0.04170092   -0.002074522
29 29    0.005425016    -0.04119169
30  0     0.02058533              0
30  1    0.002176857     0.02986965
30  2    -0.02879858     0.05676588
30  3   -0.009348202    -0.03404142
30  4    -0.06366321     0.08523537
30  5     0.07552642     0.02364801
30  6  -0.0009107274     0.07643251
30  7    0.006229618      0.1052681
30  8    -0.01593537     0.04213947
30  9    -0.05717941   -0.006902875
30 10    -0.09115795     -0.0842469
30 11  -0.0008212002     0.03085051
30 12     0.06299286    -0.05513863
30 13     0.03502543     0.01859793
30 14     -0.1027678     0.02166844
30 15    -0.01034732    -0.02124091
30 16    0.006463125    -0.01809689
30 17     0.05633485     -0.1120672
30 18    -0.04816383    -0.05631932
30 19    -0.02433786     0.06041656
30 20    0.006647911     -0.0534171
30 21   -0.002802005    -0.09148087
30 22    -0.02055329     0.07156335
30 23     0.07579949     0.05513562
30 24    0.009533462     0.03184027
30 25     0.01594907     0.07056825
30 26     0.04675435     0.06241492
30 27    -0.05814892    -0.08044345
30 28     -0.1007261     0.05156279
30 29    0.009436468    -0.04254077
30 30    -0.07055999      0.0216188
31  0   -0.003410465              0
31  1    0.005379115    -0.04194162
31  2    -0.04451806      0.0526669
31  3    -0.09472447     0.01715996
31  4     0.06656638     -0.1635616
31  5    -0.09997121    -0.04406016
31  6    -0.02006327      -0.092415
31  7      0.1146662    -0.05905934
31  8    -0.01793959    -0.04375857
31  9     0.03177537    -0.07544455
31 10   -0.003716368    0.001638937
31 11     0.04000616    -0.06169851
31 12     0.08048116    -0.02359948
31 13     0.09913016     0.04241745
31 14     0.01322732    -0.06778656
31 15   -0.001566515     -0.1088094
31 16   -0.001896434     0.07822658
31 17     0.03392205   -0.003557102
31 18     0.04983359     0.01901164
31 19    0.009326096     0.06282726
31 20     0.02501547   -0.005296841
31 21     -0.1188047     0.02831061
31 22    -0.05194738      0.1381833
31 23   -0.004277625    -0.08943923
31 24    -0.03803077     0.04491019
31 25    0.007454637  -0.0008916434
31 26     -0.1340186    -0.08069497
31 27     0.01819615   -0.002429127
31 28    -0.01501352     -0.0209382
31 29     0.04246363      0.0169436
31 30     0.02551619     0.01506068
31 31    -0.03049032    -0.03282249
32  0    -0.07646151              0
32  1    0.005500531    -0.04777001
32  2     0.03362396     0.02123428
32  3     0.07327881    0.006535682
32  4    -0.06040202     -0.0119601
32  5      0.0678359    -0.03266772
32  6    -0.04432813     0.01957386
32  7      0.1135926    -0.02817576
32  8     -0.0185996     0.01696166
32  9     0.01908841     0.05425999
32 10     0.06169241   -0.004964061
32 11    -0.01332229    -0.02828633
32 12    -0.02511169     0.04547069
32 13    -0.07359196     0.07913739
32 14     0.05768376     0.01088808
32 15      0.1021156    -0.03315078
32 16    -0.02240058       0.064494
32 17    -0.01267424     0.04770968
32 18    -0.01765159     0.04929604
32 19     0.06328836    -0.01700174
32 20      -0.101272    -0.03503664
32 21     -0.1157592    0.006112046
32 22    -0.09014107     0.03409036
32 23     -0.1083964    -0.07932724
32 24     0.08760619    -0.05600151
32 25     -0.0507983     0.09784178
32 26     0.02842946    -0.04507378
32 27     0.03339708    0.006815315
32 28    -0.03526655   -0.006346891
32 29    -0.09267712     0.04730161
32 30       0.025323      0.1208988
32 31    0.006836978    0.008910532
32 32    -0.01791599     0.08056193
33  0     0.03484967              0
33  1     0.07212263     0.04687575
33  2     0.01966297    0.003506826
33  3   -0.004400399     0.02488285
33  4    -0.01557273    -0.03571894
33  5    -0.02602417    -0.01771139
33  6    -0.07911033    -0.03795954
33  7    0.003842001    -0.06637836
33  8     0.00700819     0.03976568
33  9    -0.01703839     0.06781093
33 10    -0.07065211    0.006116027
33 11    -0.01012571     0.02624384
33 12    -0.06698326    -0.02786609
33 13    -0.05167074    -0.01582454
33 14     0.05072779    -0.08606242
33 15    -0.08027576     0.02661495
33 16   -0.006671856     0.03381911
33 17      0.0917972    -0.07297914
33 18     0.03614634     0.01706974
33 19      -0.048613    -0.01199069
33 20     0.06658969    -0.09119567
33 21    -0.04955591     0.04517591
33 22    -0.00142411     0.05305053
33 23    -0.05066893    -0.03804245
33 24      0.0115727  -0.0006697593
33 25    -0.07429329     0.05193894
33 26     0.01350619     0.06897988
33 27     0.01521835      0.1064391
33 28    0.002484998    -0.01595337
33 29     0.05143978     0.05726301
33 30     0.01985333   -0.007602542
33 31     -0.1074432    -0.00535463
33 32     0.03678908     0.01036464
33 33    -0.02673686    -0.04474163
34  0     0.03666808              0
34  1    -0.03965499    -0.04448114
34  2   -0.004022678    -0.01128436
34  3     0.05097652     0.06760877
34  4      0.0356506     -0.0310249
34  5    -0.01746573     -0.0471134
34  6      0.1087137     0.04467639
34  7      0.0851609    -0.04402149
34  8    0.000276181    -0.04318754
34  9     0.05304104      0.1001345
34 10    -0.05675978     0.04784147
34 11     0.01732093     0.01200433
34 12    0.004381062    -0.08986112
34 13     0.06706435   -0.007911843
34 14     0.06172885     0.05355676
34 15   -0.002712432     -0.0443746
34 16     0.06736748    -0.04566088
34 17     0.02232978     0.05777452
34 18     0.06964054     0.03306953
34 19     0.03254928    -0.07334404
34 20     -0.1539603     0.07139944
34 21     0.02641046    -0.01748457
34 22    -0.03560835    0.006895021
34 23    -0.02352212   -0.008753656
34 24   -0.004011249     0.01711695
34 25     0.03353656    -0.06663771
34 26     0.06140355     0.02124047
34 27    -0.08933441   -0.004066148
34 28    -0.03680367     0.01729656
34 29    -0.03656807    -0.05025743
34 30    -0.06006693    -0.02756075
34 31     0.02488239    -0.03942082
34 32    -0.02185387    -0.03020112
34 33     0.07561609    -0.04308529
34 34    -0.06249657   0.0007862704
35  0    -0.01598155              0
35  1    -0.01474858    -0.02151958
35  2    0.006303323     -0.0313171
35  3    0.006965185    0.001979602
35  4     0.04961114     0.07729159
35  5   -0.008876069   -0.001490017
35  6      -0.071185     0.08095089
35  7     0.08270471     0.02619372
35  8     -0.1011856     0.02444236
35  9     0.05443181   -0.004422472
35 10    -0.08708187     0.05120585
35 11    -0.01327672    -0.03266471
35 12     0.04144015   0.0003563688
35 13     0.01326065    -0.02316858
35 14     0.04167849     0.04543677
35 15     0.04765115   -0.002736559
35 16     -0.0105126    -0.02072576
35 17    -0.08504818     0.03283968
35 18  -0.0003538047      0.1067157
35 19    -0.04406323    -0.06449939
35 20     0.04432856     0.01941157
35 21    -0.03844891     0.02396166
35 22      0.0216647     0.01711481
35 23  -0.0006953147     -0.0497053
35 24     0.01262815   -0.005602927
35 25     -0.1306511     0.01968487
35 26     0.04688499      0.0195464
35 27     0.03193305    -0.02080119
35 28     -0.0141071     -0.0561447
35 29     -0.0301337    0.006079884
35 30    0.003169329   -0.008731885
35 31    -0.04693664    -0.03250424
35 32     0.04724692    -0.06076356
35 33  -0.0007962963    -0.02353228
35 34    -0.06568083    -0.01586781
35 35     0.02220881     0.02116776
36  0     0.07505119              0
36  1    0.002386386   -0.001133573
36  2      0.0069191     0.02667582
36  3    -0.03183908    -0.05402972
36  4     0.02110564    -0.07806703
36  5     0.06970825    0.004915088
36  6     0.02409488    -0.06824935
36  7      -0.030867    -0.05706516
36  8    -0.04649825    -0.03262744
36  9     0.01626597    -0.09531067
36 10   -0.007381687   -0.004260133
36 11    -0.05460171     0.01553921
36 12       0.101308    -0.02333509
36 13    -0.01423238    -0.02599245
36 14     0.01667685    -0.02563222
36 15    -0.01824573     0.08832516
36 16     0.06465881   0.0006253017
36 17    -0.04410995     0.01434587
36 18     0.01418095   -0.009427272
36 19    -0.02300132    -0.01318395
36 20     -0.0370413     0.01746124
36 21    -0.02668066     0.06269816
36 22     0.01437301    -0.07158253
36 23     0.04145083    -0.07159546
36 24     0.01317305    -0.02098567
36 25    0.005427973    -0.05596345
36 26     0.01583289    -0.04301022
36 27     0.06874969    -0.01415762
36 28     0.03371606     0.06051903
36 29    -0.08099519    -0.06105239
36 30      0.0542691    -0.08059386
36 31    0.009333408    0.006094357
36 32    -0.04003913   -0.005242602
36 33      0.0163254   -0.003993284
36 34    0.003352717    -0.04474832
36 35     0.02387893     0.04572523
36 36     0.01453582    -0.05911937
37  0    -0.01705143              0
37  1     0.01750705     0.06713214
37  2     0.01445971    -0.05962201
37  3    0.006131336    -0.02011996
37  4    0.007041734    -0.01648267
37  5    -0.03647983     0.04811173
37  6    -0.03044551     0.01580276
37  7     0.02507338     0.07631075
37  8     -0.0402358    -0.05539489
37  9      0.0902819    0.001547085
37 10     0.07302784     0.05720674
37 11   -0.001073218    -0.02249559
37 12    -0.02467228      0.0260739
37 13     -0.0671773     0.02698343
37 14     -0.0040599    -0.02388625
37 15    -0.04292461    -0.02392447
37 16  -9.019795e-05     0.04402567
37 17    0.008203345     0.05803319
37 18     0.01622693    -0.04701028
37 19    -0.05848115   -0.005233245
37 20     0.07146282   -0.002962204
37 21     0.03393634     -0.1217508
37 22      0.0305342     -0.0441202
37 23     0.03468913     0.06381357
37 24    -0.07120603    -0.03199138
37 25      0.0395111    -0.04116165
37 26   -0.006677359     0.03746843
37 27    -0.07114203     -0.0421529
37 28      0.0191731    -0.01839447
37 29    -0.03140889    -0.04200941
37 30   -0.002307852     0.06218625
37 31    -0.02358698    0.001416177
37 32    -0.02547149     -0.0358457
37 33    -0.04485089     0.03573728
37 34     0.04895652     0.06254436
37 35     0.05870738  -0.0003968556
37 36    0.006954305    -0.01319933
37 37   -0.007375622    -0.01013672
38  0    0.004912565              0
38  1   -0.001522036     0.04121599
38  2      0.0235337    0.009443288
38  3     0.08365883    0.001681635
38  4     0.04428023    -0.01082915
38  5   -0.003644597     0.02426047
38  6    -0.02378764    0.005569397
38  7     0.01264635    -0.02867036
38  8    0.004436793    -0.01365541
38  9    -0.01957199    -0.03226326
38 10    -0.01894866    0.001814703
38 11    -0.01669727     0.03167923
38 12    0.005541403    -0.06654179
38 13    -0.09315404     0.00271212
38 14    -0.07219031    -0.00588423
38 15     0.03218271    -0.01610357
38 16   -0.005263113     0.03667499
38 17     0.08554915     0.04322096
38 18     0.03186322    -0.05027416
38 19     0.06715105     0.02946289
38 20     0.04016893   -0.005049451
38 21    -0.03792522    0.001342925
38 22     0.02593464    -0.01701215
38 23     -0.1078589    -0.06812529
38 24   -0.009730839      0.0349778
38 25     0.02634619    -0.02431823
38 26    -0.01820045     0.02941666
38 27     0.04892851      0.0213966
38 28    -0.01737049    0.008687904
38 29   -0.004048971     0.03699928
38 30    -0.02811565    -0.02420672
38 31      0.0705084    -0.01375458
38 32   -0.006605461   0.0009799465
38 33    -0.02493965    -0.06137346
38 34    -0.02613772    -0.01133709
38 35    -0.01072156   -0.006301623
38 36    -0.02195422     0.04644445
38 37     0.04362815     0.05261879
38 38    -0.07412347    -0.04557021
39  0    -0.01064108              0
39  1    -0.02825634    -0.07498026
39  2     0.08138563    -0.02128087
39  3    -0.03706563     0.00954842
39  4    -0.03756628   0.0007047731
39  5   -0.002171747   -0.009573093
39  6    -0.04971528    -0.02497982
39  7      0.0583383     0.03874588
39  8     0.04250343     0.02257679
39  9    -0.07852978     0.02839909
39 10    -0.06453546    -0.08650354
39 11    -0.08317007    -0.01687708
39 12     -0.0267243    -0.06971814
39 13    -0.05889818    -0.01009364
39 14     0.03269466   0.0008674353
39 15    -0.01651625     0.02067063
39 16    -0.03683462    -0.01968888
39 17    -0.01504945    -0.02646466
39 18    -0.06413984     0.06609757
39 19    -0.02713629     0.01326585
39 20    -0.02706905     0.01526765
39 21     0.07304151      0.0651162
39 22    -0.02956452     0.03115633
39 23    -0.01964487      0.0352348
39 24      0.1159349     0.04979897
39 25    -0.02923825   -0.001298788
39 26   -0.005909442    -0.02759414
39 27      0.1087938    -0.03896682
39 28    -0.03783999   -0.006750786
39 29     0.05180477    -0.04792847
39 30    0.007127756    -0.03220072
39 31   -0.003978976   -0.005385076
39 32     0.03679579    -0.02710749
39 33     0.02914569   -0.002094959
39 34    -0.06365573     0.06877998
39 35    0.002749824    -0.04412865
39 36   -0.001462009     0.05207037
39 37    -0.09064807    -0.04088259
39 38   -0.004592584   -0.007299031
39 39     0.01022458     0.01267787
40  0     0.06241558              0
40  1      0.0504756     0.02936589
40  2    -0.01209487   -0.003860924
40  3  -0.0001386977     0.05076374
40  4     0.04900619    -0.05326799
40  5    -0.07328779    -0.06770716
40  6    -0.04656159    -0.06842317
40  7      0.0368888    -0.01698985
40  8     0.04208872    -0.02304081
40  9   -0.006851415   -0.006914434
40 10     0.01570074    -0.01126981
40 11     0.04425002    -0.04031825
40 12    -0.03720505    -0.02602372
40 13    -0.06814171     0.01095402
40 14    -0.02348543     0.02273122
40 15     0.01581951    -0.03732131
40 16     0.01449706    -0.07812476
40 17     0.03388851    -0.02300854
40 18     0.02564685     0.06005681
40 19    -0.02803037     0.01066006
40 20     0.03938855     0.00148239
40 21    -0.03135095     0.02123694
40 22     0.05305406   -0.007338683
40 23   -0.008916958    -0.01341006
40 24     0.09059954   -0.007763866
40 25    0.001266853     0.01229356
40 26     0.01072817     0.04803295
40 27    -0.07839359    0.002471511
40 28     -0.1093252     0.06046825
40 29     0.02126435     0.01661037
40 30    -0.03980367      0.0171304
40 31     0.02477822     0.04630393
40 32    -0.06014985    -0.01899683
40 33     0.01660369   -0.004934999
40 34     0.05059016     0.03214977
40 35    -0.08966551     0.03016734
40 36     0.01669811    0.004754149
40 37     0.02137605     0.01063001
40 38    -0.01444828    -0.09637994
40 39    -0.01257788      0.0655288
40 40    -0.02792719   -0.005577444
