# Rayleigh 175 s group velocity model
# from Larson & Ekstrom (1999), for more information, see
# http://www.seismology.harvard.edu/projects/surfwave/LE99-Pageoph
# Spherical harmonics, columns are: l m Alm Blm
 0  0       1.567943              0
 1  0      0.7060001              0
 1  1      -1.441361     -0.2239794
 2  0      0.9172115              0
 2  1      0.5191457      0.6545765
 2  2       1.006975      -1.174486
 3  0      0.4613106              0
 3  1     -0.7870792     -0.1470266
 3  2     -0.5606139     0.02362583
 3  3      0.7203049      0.2943121
 4  0      0.3288136              0
 4  1     -0.4195191      0.1931019
 4  2      -1.058001      0.7544589
 4  3       1.173042     -0.2021634
 4  4     -0.1293117      0.9248719
 5  0     -0.7974171              0
 5  1      -1.501864     -0.2371127
 5  2      -1.552342      0.3189545
 5  3      0.6288201     -0.7835893
 5  4       1.339587      -1.401709
 5  5     -0.8694125     -0.5702235
 6  0   -0.007414408              0
 6  1      0.5959505      0.7008693
 6  2     -0.9154246      0.8092833
 6  3      0.1119421     -0.9224243
 6  4     -0.1004661      0.5561862
 6  5      -1.264035     -0.7033813
 6  6      0.3360344      0.3533493
 7  0     -0.4665045              0
 7  1     0.02007341      -1.059818
 7  2      -0.286136      0.4298475
 7  3     0.01393303     -0.5266725
 7  4     0.05008612      0.5145801
 7  5     -0.1225529      0.8397008
 7  6      0.1446242      -1.005885
 7  7      0.5650191    -0.03002582
 8  0     -0.2879488              0
 8  1      0.1623831      0.3652846
 8  2     -0.7984682      0.1104678
 8  3     -0.1927508     -0.2640997
 8  4      0.0279923       0.299231
 8  5      0.2299578      0.1451916
 8  6      -0.538343     0.08089925
 8  7      -0.298811       0.103244
 8  8      0.6912182     -0.1172169
 9  0     -0.1214345              0
 9  1      0.2683922     0.06118761
 9  2     -0.4056154     -0.1634508
 9  3     -0.4511901     -0.4642077
 9  4    0.003939162    -0.05470226
 9  5      0.4691992    -0.02175667
 9  6     -0.5714403    -0.02308771
 9  7     0.03748947     -0.4754691
 9  8     -0.1089592     0.01696489
 9  9      0.3185359       0.125539
10  0    -0.05655401              0
10  1     0.01800114     0.05324374
10  2     -0.4321344     0.06545038
10  3     -0.1563269     -0.2949722
10  4      0.1398084      0.0244036
10  5     -0.1347332      0.3048526
10  6   -0.005861517      0.1742322
10  7     0.06055592     -0.1677173
10  8     0.08901424     -0.1827758
10  9     0.07379894       0.208735
10 10     -0.2726457     0.01144918
11  0   -0.006317031              0
11  1     -0.1946823      0.2259855
11  2     -0.1457955      0.2006456
11  3     -0.4962895     -0.1560291
11  4    -0.03359915      0.3985229
11  5      0.2850863      0.5772431
11  6      0.2654586      0.1908164
11  7     -0.1505058    -0.07272625
11  8    -0.09955996    -0.04490308
11  9      0.1878974      0.4402295
11 10     -0.2823369     0.09740679
11 11     -0.3766645      0.6310418
12  0    -0.03462464              0
12  1     -0.2614554      0.3506981
12  2      0.2580639     -0.5894893
12  3     -0.2287529    -0.08235359
12  4     0.02106467      0.6485648
12  5      0.1258473     -0.4741504
12  6     0.08872382    -0.06757871
12  7     -0.1023189      0.2429297
12  8    -0.03794729   -0.009033558
12  9        0.46316      0.2517787
12 10      0.2132725     0.03010561
12 11      0.3898245      0.6287466
12 12      -0.206204     -0.2224482
13  0    -0.08685982              0
13  1     -0.2645265     -0.1357757
13  2     0.04990108     0.09010817
13  3     -0.1130751      0.1104157
13  4  -0.0009045179     0.01893637
13  5     0.08350094     -0.0498841
13  6    0.006263117     0.01530616
13  7    -0.07770792    -0.01983193
13  8    0.002819885    -0.07754561
13  9      0.2066262     0.03774871
13 10     0.06658252      0.2122964
13 11     -0.2037026    0.004956671
13 12      0.1084931     -0.3659329
13 13     -0.1468187      0.1169719
14  0     -0.1309347              0
14  1     -0.1493094     0.09801986
14  2     0.09183052    -0.09438523
14  3     0.08636227     0.04473766
14  4    -0.08698145   -0.006426172
14  5     0.02485724    -0.01867454
14  6      0.0405797     0.02205398
14  7    -0.04629404      0.1154094
14  8     0.05883042     -0.1041566
14  9    -0.01184283     0.05052024
14 10    0.006863868    0.008934676
14 11     0.03278131     -0.2654456
14 12      0.1273964    -0.06959682
14 13    -0.03405415      0.1006296
14 14      0.3192501     -0.1432924
15  0     0.02686022              0
15  1    -0.09676989    -0.09489737
15  2     0.05473909      0.1306081
15  3      0.2074707     0.02992396
15  4     -0.1204251     0.09561636
15  5     0.05712461     -0.0842851
15  6      0.1080176    -0.05433544
15  7     0.01939686      0.1349136
15  8      0.0337922    -0.08435084
15  9     -0.1029001      0.1492004
15 10    -0.03241539    -0.07885447
15 11     0.02888237     0.04545829
15 12     -0.1717568     -0.1266449
15 13    -0.01251208     0.08751229
15 14     0.09367169      -0.144172
15 15    -0.03145741    -0.08822476
16  0      -0.021456              0
16  1      0.1060562     0.07525842
16  2      0.0434798    -0.03516793
16  3     0.09807098      0.1443342
16  4    -0.02246911    0.004433857
16  5    -0.05122378   -0.003937049
16  6     0.01911204     0.07560726
16  7    -0.07107259     0.01129103
16  8     -0.1587538    -0.06670006
16  9    -0.06779117    -0.06753021
16 10     0.03192743    -0.06911562
16 11     0.04923407    -0.05126885
16 12     0.07533087     -0.1190228
16 13     -0.1272271     0.01444388
16 14     0.01558856     0.01016062
16 15     0.07065994    -0.03940591
16 16      0.1989048     0.09783674
17  0     0.03612547              0
17  1    -0.02558528   -0.003370093
17  2     -0.1237182    -0.09778456
17  3      0.1388616      0.1114967
17  4     0.03930093     0.02037981
17  5     -0.0884091    -0.03423877
17  6    0.003769551     0.04927463
17  7      0.0862841     0.03974328
17  8   -0.008339575     0.04797053
17  9    -0.08773772     -0.1149237
17 10     0.02389193   -0.005751864
17 11    -0.02513777       0.093918
17 12    -0.04905424    -0.05721332
17 13    0.005877984    -0.08644088
17 14     0.08559034    -0.04087666
17 15     -0.1770467    0.005513989
17 16     -0.1162332   -0.009879518
17 17     0.08924448      0.1513605
18  0    -0.04482807              0
18  1     0.03806241     0.05287483
18  2      0.0207842    -0.01759897
18  3     0.01012673     0.03543846
18  4     -0.1718357     -0.1570947
18  5     0.07878944     0.03970001
18  6    0.003090702     0.09455772
18  7    -0.06516167    -0.03756345
18  8    -0.07335329      0.1126013
18  9    -0.07835565     -0.1203553
18 10    -0.03615189     -0.1179962
18 11    -0.03198242     0.06297123
18 12    -0.01871601     0.03597125
18 13     0.04509523      0.1300808
18 14     0.01122052   -0.003878701
18 15    0.005235512     -0.1239806
18 16    -0.05870497     0.04834422
18 17    -0.01542299     0.09948885
18 18    -0.08659904     0.09986044
19  0    -0.05046035              0
19  1     0.03623031     -0.1046585
19  2    -0.06561652    -0.06205101
19  3     -0.1342307     0.01059176
19  4   -0.004945436    -0.06905129
19  5     0.09404659     0.01702838
19  6    -0.04344011     0.05366635
19  7    -0.06148459    -0.04880492
19  8    -0.04830069     -0.0441433
19  9     -0.1426949   -0.004235327
19 10     0.05316163   -0.006525606
19 11      0.1039581      0.1066104
19 12     0.07936504    -0.07743291
19 13    -0.02131063     -0.2030117
19 14    0.009533221     0.08379422
19 15    -0.09646036     0.02774265
19 16    -0.03976981    -0.01642063
19 17     0.02651235     0.06615661
19 18     0.04987135    -0.09968877
19 19     -0.1685295      0.1544331
20  0     -0.0138472              0
20  1     0.02596149    -0.01420783
20  2    -0.06485202    -0.08141673
20  3      0.0658128      0.1002308
20  4     0.01331754     0.04787401
20  5     0.05901159    -0.04474417
20  6     0.07865903    -0.01209631
20  7    -0.07018577     0.04306138
20  8     0.02099513    -0.03476265
20  9     0.05642155     0.05627689
20 10    -0.02408803     0.01947697
20 11    -0.01813318    -0.01875338
20 12     0.06988074    0.001501226
20 13      0.1003393     0.08033123
20 14    -0.04926511    -0.05489812
20 15    -0.01783933     0.02930365
20 16     -0.0588184      0.0981447
20 17     0.07984982     -0.1160577
20 18    -0.07401573    -0.05077236
20 19     -0.1194635     0.02138992
20 20     -0.0802668    -0.02291533
21  0     -0.0249678              0
21  1     -0.1096938    0.001829694
21  2    -0.05015462    -0.07365821
21  3    -0.03382444     0.08036182
21  4     -0.1151568     0.06398376
21  5    0.007449244    -0.07669221
21  6     0.02564175      0.1202123
21  7    0.002329353    -0.03807819
21  8     0.02644896      0.0216783
21  9      0.1063879     0.02688869
21 10     0.09380037      -0.150855
21 11    -0.06563087     0.05208757
21 12     0.02950777      0.1025798
21 13     0.02811625    -0.02951417
21 14    -0.06023722    -0.01298517
21 15       0.045642    -0.07486331
21 16    -0.01201805   -0.001521581
21 17    -0.09452199     0.01615661
21 18    -0.05394023   -0.007413638
21 19     0.02333659     0.06568524
21 20      0.1247221    -0.01397555
21 21     -0.1300211     -0.1791745
22  0     -0.0255638              0
22  1     0.02128466     0.06232482
22  2    -0.08970149    0.002634311
22  3     0.03137836    0.007588867
22  4    -0.05320136    -0.09903943
22  5     0.02441831   0.0005407083
22  6   -0.007882899      0.0453396
22  7   -0.002947277    -0.09041855
22  8    -0.01304221     0.06899036
22  9    -0.08540262   -0.003612631
22 10   -0.007434884     0.01921033
22 11   -0.009879346    -0.03496397
22 12    -0.05747287    -0.04029791
22 13     -0.1331768    -0.04442994
22 14    -0.07107344     0.05877229
22 15     0.02156609     -0.0646294
22 16      0.1118182   -0.009509923
22 17    -0.03163597     -0.0913154
22 18     0.05609776      0.0568867
22 19     0.01041487     0.04397461
22 20     0.02897057      0.0677585
22 21     0.09105428     0.03135699
22 22     0.02193919     -0.1143333
23  0     0.01491136              0
23  1     -0.0324855     0.05276658
23  2     -0.1126657     0.02188411
23  3    0.009669744    -0.09511115
23  4      0.1376692     0.03023146
23  5     -0.1067076     0.04330517
23  6     -0.1238974     0.02595264
23  7   -0.008541635     0.09230177
23  8     0.06964424     0.01382052
23  9     0.07761864    0.002740777
23 10      -0.127547    -0.05660807
23 11     0.01373452      0.0206893
23 12    -0.09911059    0.006068818
23 13   -0.003383863    0.007736835
23 14    -0.06588703    -0.02651944
23 15     -0.1030675     0.03503221
23 16     0.05243789      -0.058491
23 17     0.01291764     0.07338473
23 18     0.04995309     0.01936799
23 19     0.04541992      -0.139873
23 20    -0.01137499    -0.04293738
23 21     0.01799863     0.03249339
23 22      0.0422243      -0.144269
23 23     0.03383066     0.01636619
24  0     0.02456303              0
24  1     0.04450845    -0.01019743
24  2      0.0142559    0.003065166
24  3     0.00808375     0.02831928
24  4   -0.002145729     0.02571222
24  5    0.004150039     -0.0733033
24  6    0.005595079    -0.02095426
24  7   -0.005776062    -0.03422177
24  8    -0.04608547   -0.002971101
24  9     0.02333649     -0.0906233
24 10    -0.02998849   -0.009859668
24 11   -0.007060341    -0.03480167
24 12    -0.03192263     0.02329593
24 13   -0.005647202    0.004845986
24 14     0.06355419     0.03585362
24 15     0.00338922    -0.09618331
24 16     -0.1358962     0.06697966
24 17    -0.03079056     0.04814324
24 18    -0.02035623     0.02627863
24 19    -0.01674103       0.113596
24 20    0.001916393     0.07053739
24 21     0.03642475    -0.02975788
24 22    -0.06862031     0.02324108
24 23    -0.01067929    -0.01010881
24 24      0.1044252      0.0702301
25  0    -0.04331826              0
25  1      0.0523026    -0.02378089
25  2     0.03623976     0.05224293
25  3    -0.02812686    -0.05430274
25  4    -0.07714964    -0.00648755
25  5     0.08081165     0.03900371
25  6     -0.0787737    0.009064322
25  7     0.07464802    -0.03345468
25  8     -0.0382254     0.02290547
25  9    -0.04145222     0.04866164
25 10     0.09543913     0.02979611
25 11     0.06994213  -0.0001635573
25 12    -0.05557457    0.009582496
25 13    -0.02388133     0.05869655
25 14     0.05301146      0.0681151
25 15    -0.04983536   -0.007744793
25 16      0.1088845    -0.09785408
25 17     0.02018857     0.01670939
25 18    0.001327838    0.007914007
25 19     0.04845291    -0.08418008
25 20     0.07768321      0.0438164
25 21    0.003486356    -0.05555826
25 22    -0.01762146     0.02601594
25 23    -0.06790584      0.1006371
25 24     0.05141802     0.02574781
25 25     0.01185988      0.1386273
26  0   -0.002855016              0
26  1     0.00203139    -0.05693775
26  2     -0.1153882    -0.02859872
26  3      0.0587866     0.04244325
26  4     0.03292551     0.02200554
26  5    -0.05739762    -0.02937819
26  6    -0.01022995   -0.003075547
26  7     0.03188112     0.01358553
26  8     0.05454688     -0.0531157
26  9     -0.1070821    -0.06306577
26 10    0.004380452    -0.06379412
26 11      0.1038015      0.1105856
26 12     0.03662222   -0.008253596
26 13    -0.01395014    0.003320161
26 14    -0.01240159    -0.04812175
26 15    -0.03847713    -0.02617649
26 16    0.004054705    -0.02116641
26 17     -0.1268319     0.03880851
26 18    -0.04303791    -0.06424563
26 19     0.05042062    0.003728603
26 20    -0.03597312    -0.06799664
26 21     0.03096379      0.0465527
26 22     -0.0170492    -0.06248314
26 23    -0.06053391     -0.1142098
26 24    -0.02385317    0.002598713
26 25    -0.01928541    -0.05357195
26 26   0.0008450052     0.08039319
27  0     0.02072299              0
27  1   -0.005864247     -0.0546734
27  2     0.05369788     0.05271456
27  3     0.07908286   -0.002827079
27  4     0.03975761     -0.1424939
27  5     0.09356786    -0.01055515
27  6     0.01632093      0.1497387
27  7    -0.02454646      0.0272349
27  8     0.01984932      0.0116288
27  9     0.06742193    -0.02646812
27 10   -0.003755588    0.008527271
27 11    -0.04235843    -0.01297057
27 12    -0.02460419    -0.03441487
27 13     0.04159723     0.01058003
27 14    -0.04648557    -0.06052286
27 15     0.01413429    0.005640174
27 16    0.009756986     -0.0583487
27 17     0.07597374    -0.03710366
27 18    -0.01761211     0.09064746
27 19     0.02484897     -0.1031653
27 20    -0.03050511    -0.03322164
27 21     0.06274922   -0.006029656
27 22     0.01530234    -0.09428386
27 23    -0.02998112     0.02411306
27 24     0.05597739   -0.006503436
27 25     0.03900817      0.0293984
27 26    -0.06701484     0.01921619
27 27     0.04508573    -0.02195989
28  0   -0.007356723              0
28  1    -0.05180605      0.1477594
28  2    -0.01038888     0.04658079
28  3      -0.040611    -0.02397273
28  4    -0.05649032    -0.01529408
28  5    -0.08326464     0.07018146
28  6     0.03360886    0.002288616
28  7    -0.05405496    -0.05595347
28  8     -0.0252822    0.002970096
28  9    -0.03319352   8.289536e-05
28 10     0.01322299     -0.0162576
28 11     0.02762929    -0.02825745
28 12      0.1271485     0.01744512
28 13    -0.03785152     0.07075826
28 14     0.07181302     0.01244429
28 15     -0.0677698    -0.01593231
28 16     0.02304945     0.05150604
28 17    -0.03314692    -0.04964942
28 18     0.03295314    -0.05579434
28 19     0.03523499     0.01599864
28 20    -0.01320191     0.01576046
28 21    -0.04058346    -0.03863695
28 22     0.01421526    0.007461022
28 23     0.04486721     0.09716374
28 24     0.01521399    -0.03915876
28 25      0.0342627    -0.01119745
28 26    -0.01315795      0.0297302
28 27     0.02597956    -0.02912595
28 28    -0.05666714     0.05428346
29  0     0.01614312              0
29  1    -0.01122784    -0.07087033
29  2    -0.02938471   -0.004929129
29  3     0.07874928     0.04455968
29  4     0.06288973     0.03492378
29  5     0.05985291    -0.02040774
29  6      0.1138915     0.01154419
29  7    -0.04635721    0.006132723
29  8    -0.04266025     0.03640864
29  9    -0.04343884    -0.04262066
29 10    -0.05506228     0.06487025
29 11     0.03601383     0.01930542
29 12    -0.06054755     0.07600105
29 13     0.00980755     0.02604699
29 14   -0.006646656    -0.03957817
29 15    -0.01844163      0.1209051
29 16    -0.00998924    -0.05647372
29 17     0.05495576     0.07903276
29 18    -0.03203957     0.02253855
29 19    -0.04622832     0.05010204
29 20     -0.1376206  -0.0002548082
29 21    -0.02139679     0.06064781
29 22    0.003652487     0.04220502
29 23    -0.00106324    -0.03494272
29 24    -0.03497089     0.09257355
29 25    -0.02432613    -0.08550727
29 26    -0.01618992    0.003558246
29 27    -0.01067961     0.02395152
29 28    -0.05746785     0.04116554
29 29     0.01815944    -0.07525389
30  0    0.004043133              0
30  1   0.0002448065     0.07349542
30  2    -0.02182963     0.01524796
30  3   -0.009667738    -0.02380034
30  4    -0.04803248     0.06643935
30  5     0.04639888      0.0345484
30  6    -0.01126368     0.06906839
30  7     0.01817381      0.0875989
30  8     -0.0252958     0.05264707
30  9    -0.05954464    -0.03653432
30 10    -0.06225283    -0.05496038
30 11   -0.004615209     0.06374371
30 12     0.04382379    -0.03557898
30 13    0.007764463     0.02239767
30 14    -0.06138184    -0.01113042
30 15    -0.03171316    -0.07001689
30 16    -0.02212746    -0.02987224
30 17     0.00301518    -0.09903334
30 18    -0.03499437    -0.05031552
30 19    -0.05755947     0.02967408
30 20   -0.007453177    -0.04129461
30 21    0.001169426    -0.09838067
30 22     -0.0529705     0.04541287
30 23     0.05294589     0.05997603
30 24    -0.01140495     0.01482448
30 25    -0.01075859     0.04949716
30 26     0.01782041     0.05202863
30 27    -0.03682463    -0.07326796
30 28    -0.05202125     0.04385064
30 29     0.04797525    -0.04458682
30 30    -0.05952679     0.01090997
31  0    -0.01645141              0
31  1     0.02300112    -0.06103703
31  2   -0.005015073    0.009788121
31  3    -0.07608177     0.02038253
31  4     0.04264262     -0.1197148
31  5     -0.0643261     0.00398538
31  6    -0.01080783    -0.05470269
31  7     0.07396939    -0.05951282
31  8    -0.00275431    -0.01622742
31  9     0.04682716     -0.0686308
31 10     0.01907148     0.05012379
31 11    0.003644315    -0.04006186
31 12     0.05183301    -0.02853703
31 13     0.08982016     0.01901248
31 14      0.0268396    -0.05074051
31 15   -0.002299398    -0.07947629
31 16     0.04398325     0.02356749
31 17     0.03380916    0.004979654
31 18     0.01397895     0.03083798
31 19    0.006809229      0.0284262
31 20    -0.00219292  -0.0005077416
31 21    -0.09018639     0.02410944
31 22    -0.06988122     0.07733174
31 23    -0.03430802    -0.07868642
31 24     0.03032174     0.04515836
31 25     0.01291982    -0.00834171
31 26     -0.0934452    -0.07501987
31 27     0.01610785     -0.0146311
31 28   -0.004185958   -0.009479875
31 29     0.05691962    -0.00167766
31 30     0.01700731    -0.01746267
31 31    0.007282095    -0.05227995
32  0    -0.03488854              0
32  1   -0.007175358    -0.01547954
32  2     0.03012906     0.02741174
32  3    0.009592189     0.01738337
32  4    -0.07695641     0.02354077
32  5     0.03557597    -0.04103551
32  6    -0.01800043     0.00729567
32  7     0.09346064   -0.008318658
32  8     0.02831557    0.007556108
32  9    -0.00261671     0.04195475
32 10     0.03147911     0.01473416
32 11    -0.03921402    -0.01563854
32 12   -0.008197258    0.007395111
32 13       -0.04206      0.0377882
32 14     0.02295711     0.03734072
32 15     0.05062505   -0.008566619
32 16   -0.001805707     0.05718286
32 17    -0.01024544    0.006565332
32 18    -0.01416977     0.02439203
32 19     0.01728999    -0.02300709
32 20    -0.03836267    -0.03455222
32 21    -0.05304486    -0.01074367
32 22    -0.07444312     0.05087835
32 23    -0.07319511    -0.05983773
32 24     0.06359348    -0.05199676
32 25    -0.01836004     0.07238796
32 26     0.02489509    -0.05388556
32 27     0.03206552    -0.01386513
32 28    -0.01728285    -0.02029261
32 29     -0.0790121     0.07759693
32 30     0.05526032      0.1096186
32 31     0.02019892    -0.01602519
32 32    0.005327031     0.07039917
33  0     0.02085892              0
33  1     0.03387927     0.03214275
33  2    0.008681804   -0.007355312
33  3     0.01025318      0.0317723
33  4    -0.02594509    -0.04812526
33  5    -0.02415126   -0.005887893
33  6    -0.03771995    -0.01567003
33  7    -0.01291342    -0.09301645
33  8    -0.02463358     0.02524101
33  9   0.0005344981     0.02012132
33 10      -0.047437    -0.04608358
33 11   -0.007076617   -0.004782835
33 12    -0.04555319     0.02110653
33 13    -0.04152368    -0.01734155
33 14     0.03110626    -0.07321341
33 15    -0.07405381     0.04777744
33 16     -0.0204679     0.05436236
33 17       0.104514    -0.02784706
33 18     0.04465738    -0.02232044
33 19     -0.0296679      0.0127749
33 20     0.03802003    -0.05590708
33 21    -0.02531804    0.008964107
33 22   -0.004206005     0.04214217
33 23   -0.001916723    -0.04643578
33 24   -0.005250927   -0.005977578
33 25    -0.04730145     0.04652504
33 26    -0.01260227     0.04484711
33 27    -0.02209801       0.105065
33 28    0.007832844   -0.002391319
33 29      0.0448463     0.01921812
33 30    -0.02233752    -0.03516836
33 31    -0.09078382     0.03313339
33 32    0.006680012    0.002902223
33 33    -0.02603352    -0.04868132
34  0     0.01334263              0
34  1    -0.00917629     0.02847493
34  2    -0.01070485    -0.04543871
34  3     0.02109801      0.0167628
34  4     0.02836876   -0.004624573
34  5    -0.01957862    -0.01678773
34  6     0.08535148     0.02186416
34  7      0.0651101    -0.01487728
34  8   -0.008450298    -0.06369151
34  9     0.03950328      0.1213338
34 10    -0.01544653     0.06035145
34 11     0.01630234   -0.004230756
34 12  -0.0009674268    -0.08188434
34 13     0.03511956    0.006970952
34 14     0.06713716     0.02006536
34 15     0.01225745    -0.02148914
34 16     0.03573465    -0.03119503
34 17     0.02318361     0.02723129
34 18     0.05719424     0.03115204
34 19     0.01746309    -0.03463818
34 20     -0.1176985      0.0481582
34 21     0.02241436   -0.007106021
34 22    -0.03777325     0.02111019
34 23    -0.01180181   -0.008275444
34 24     -0.0202593    0.003141253
34 25     0.01495488    -0.07244116
34 26     0.06360493      0.0426697
34 27    -0.09499463      0.0119984
34 28    -0.02689351    -0.02844975
34 29   -0.001395465    -0.01586039
34 30    -0.03424579    -0.04286123
34 31    0.003199197    -0.02015876
34 32    -0.00911208    0.009440938
34 33     0.05865119    -0.01279689
34 34    -0.03763108     0.02500046
35  0     0.01347966              0
35  1     -0.0251529    -0.01028404
35  2     0.03215316    -0.02295816
35  3      0.0227392     0.01751934
35  4     0.05467882     0.07141229
35  5    -0.01994114    -0.00535334
35  6    -0.04828383     0.08172859
35  7     0.02523494    0.006133063
35  8    -0.05854239  -0.0008194309
35  9     0.04060771   -0.006051786
35 10    -0.06026438     0.04060486
35 11     0.00799544    -0.03123636
35 12     0.05711449     0.01746255
35 13    -0.01768211     0.01716222
35 14    0.003623796     0.08844732
35 15     0.02875097   -0.002918717
35 16    0.009771428    -0.02322525
35 17    -0.02888438     0.02332286
35 18    -0.01498408     0.04411637
35 19    0.000182164    -0.03713608
35 20     0.03029897   -0.009076221
35 21    -0.03682995     0.01863266
35 22     0.03322521    -0.02645816
35 23    -0.01765343    -0.06438418
35 24      0.0299778      0.0121128
35 25     -0.1076805   -0.005858667
35 26     0.04091201    0.001688749
35 27     0.01439526   -0.007839308
35 28    -0.04262418    -0.03805205
35 29    0.006301722   -0.001957183
35 30       0.015453   -0.001116997
35 31    -0.04379859    0.001965186
35 32      0.0463488    -0.04000049
35 33    0.007724489    -0.04933339
35 34    -0.04503305    0.008572523
35 35     0.01100496    0.002839322
36  0     0.03337198              0
36  1     0.02403627   -0.002552973
36  2   -0.008855481    -0.02512752
36  3    -0.03081032    -0.04421835
36  4    0.009030331     -0.0612154
36  5       0.059925    -0.01376041
36  6    0.004150851    -0.04964231
36  7    -0.01654353    -0.03246725
36  8    -0.03568221    -0.02446415
36  9     0.02294176    -0.07473291
36 10    0.003134456   -0.005919409
36 11   -0.008326583     0.01455219
36 12     0.06853097    -0.04639815
36 13  -0.0006176544    -0.01303917
36 14     0.02832253    -0.04837256
36 15    -0.04090149     0.06652771
36 16     0.04533884     0.01503678
36 17  -9.534779e-05     -0.0111262
36 18     0.01922628    0.007469178
36 19    -0.02159312    -0.03247292
36 20   -0.005268228     0.01085657
36 21    -0.02649545     0.02433288
36 22     0.01590538    -0.07348011
36 23     0.03578032    -0.05895991
36 24    -0.00683212    -0.03086412
36 25     0.01228329    -0.01161185
36 26     0.01660725    -0.07507362
36 27     0.07425389    0.007782971
36 28    0.001150884     0.03899452
36 29    -0.07494725    -0.07006708
36 30     0.03091621    -0.05769604
36 31   -0.007187024    0.004437524
36 32    -0.04091162   -0.003438333
36 33  -0.0003569189    -0.01023912
36 34    -0.01368037    -0.03099083
36 35    0.006149916     0.02208125
36 36   -0.003887485    -0.05134997
37  0    -0.03076625              0
37  1    -0.03223869     0.04546302
37  2     0.05020108    -0.04733355
37  3     0.01015328    -0.02351687
37  4     0.01238255    0.002075067
37  5    -0.03471085     0.01972987
37  6   0.0007562902     0.03601698
37  7    0.009364053     0.04051622
37  8    -0.03292327    -0.01657842
37  9      0.1118001    -0.03563121
37 10      0.1039375     0.04594542
37 11    -0.01761879   -0.009028372
37 12    -0.03640094     0.02421728
37 13    -0.04996521    0.009179142
37 14     0.02454083    -0.03953842
37 15    -0.02845124   -0.009135734
37 16   -0.004979545     0.03614069
37 17   -0.006316976     0.04346942
37 18    -0.03350618    -0.03524276
37 19    -0.03210132    -0.03420218
37 20     0.05714267     0.02698416
37 21     0.04073905    -0.08263299
37 22     0.02011543    -0.02454465
37 23     0.02200057     0.04742171
37 24    -0.09639286    -0.04178861
37 25     0.06532779     0.01362825
37 26    -0.04829552     0.01251463
37 27    -0.02250499    -0.02709018
37 28      0.0448678    -0.01480695
37 29   -0.006937054     -0.0170692
37 30     0.01156789     0.06244489
37 31    -0.04757902     0.01581353
37 32     -0.0379638    -0.04031166
37 33   -0.002354716     0.03960643
37 34     0.03307717     0.05640176
37 35     0.02341616   0.0006454742
37 36    -0.03935739     0.02904331
37 37   -0.006884643  -0.0009034929
38  0     0.01499679              0
38  1   -0.006602177     0.03834131
38  2     0.01148066   0.0008530184
38  3     0.07738877   -0.004505443
38  4     0.03389133    -0.06912991
38  5    0.001816269     0.03651548
38  6    0.004798324   -0.009536734
38  7   0.0009200042     0.00992355
38  8     0.02394753     0.01108997
38  9   -0.004588169    -0.02903388
38 10    -0.01399616    0.003621849
38 11   0.0009237179      0.0209425
38 12    0.006878654    -0.01889197
38 13     -0.0679238    -0.01829627
38 14    -0.04701614   -0.007132909
38 15     0.06798753    0.007678299
38 16    0.007921103     0.01410868
38 17    0.009248905     0.04611424
38 18     0.03216247    -0.03055316
38 19     0.05212153    0.003848326
38 20     0.01197405    0.001933963
38 21    -0.02210492    -0.02732106
38 22    0.009175851    -0.02750343
38 23     -0.0641323    -0.04840393
38 24  -0.0002448738     0.04783217
38 25     0.02176469    -0.00301437
38 26   -0.004225643      0.0210382
38 27     0.02357844     0.04710137
38 28     0.00522641     0.02732696
38 29    0.004621383     0.01941989
38 30    -0.05896483    -0.04563226
38 31      0.0275755    -0.04407204
38 32    0.001424318   -0.004762636
38 33    -0.02048773    -0.04952484
38 34    -0.04454482   -0.002701271
38 35     -0.0117669    -0.03191819
38 36    -0.01270726     0.06315669
38 37     0.02205869     0.02831415
38 38    -0.06815739    -0.02438584
39  0    -0.02608423              0
39  1    -0.01000779     -0.0880717
39  2     0.04197806    -0.03735907
39  3    -0.03764407    0.005522045
39  4    -0.02814286   -0.008777311
39  5    0.004279756    0.007152987
39  6    -0.03978611     0.01903668
39  7     0.06083664     0.01281084
39  8    0.007606181     0.03386716
39  9    -0.08189251      0.0358139
39 10    -0.04456126    -0.04332415
39 11    -0.06741396    -0.02047093
39 12    -0.01180563   -0.007880717
39 13    -0.02338983    -0.01550915
39 14     0.01367954   -0.005853668
39 15   -0.004292821     0.03152473
39 16    -0.05129689     0.02575399
39 17    -0.01403323    -0.01580594
39 18    -0.02994275     0.05704845
39 19    -0.02731138     0.01971703
39 20    -0.02054489     0.06430738
39 21     0.07371758    0.009828351
39 22     -0.0475972     0.01003343
39 23     0.01339062     0.04987609
39 24     0.06893092     0.02258299
39 25   -0.009569267     0.01117392
39 26     0.02725532   -0.005181122
39 27     0.03706481    -0.06242066
39 28     0.01360498   -0.001223435
39 29     0.03689419    -0.03780718
39 30    -0.01226574    -0.05457741
39 31     0.01374383    0.009527207
39 32     0.03925582    -0.02055398
39 33    0.008063566     0.01196376
39 34    -0.01365413     0.06906251
39 35    -0.02338383    -0.03290527
39 36   -0.001303895     0.01223452
39 37    -0.05622809    -0.01133393
39 38     0.03456846     0.02082891
39 39     -0.0183758     0.01816928
40  0     0.04254998              0
40  1     0.02786507     0.04313461
40  2   -0.001235284   -0.002067754
40  3      0.0173652    0.002069912
40  4     0.03828776    -0.02642346
40  5    -0.03533971    -0.03118358
40  6    -0.03902971    -0.03329809
40  7   -0.002577199   -0.005598472
40  8     0.04351858    -0.02113434
40  9     0.01146764    -0.03416255
40 10    0.006867048     0.01462005
40 11      0.0522133   -0.004465618
40 12    -0.01396866   -0.009044358
40 13    -0.04116573     0.01167514
40 14    -0.02303171      0.0131544
40 15   -0.002938638     -0.0334812
40 16     0.02638392    -0.08651379
40 17     -0.0129614    -0.02619299
40 18     0.02459618     0.04291317
40 19      -0.047135  -0.0009552012
40 20     0.03194237    -0.00156608
40 21   -0.006790883     0.01690808
40 22     0.07496237    -0.01716431
40 23   -0.005253194     0.02346588
40 24     0.06104012    -0.01529251
40 25    -0.01068848     0.02325545
40 26     0.01347372    0.009853622
40 27    -0.09467258   -0.003166904
40 28    -0.06242238     0.06089944
40 29     0.01511192   -0.001567459
40 30    -0.01506995    -0.00405101
40 31    0.005682613   0.0006736671
40 32    -0.06568632   -0.006137783
40 33     0.01186586   -0.007230789
40 34      0.0740617   -0.004222117
40 35    -0.06029877   -0.005506179
40 36     0.02976966    0.003997902
40 37     0.02162539   -0.000646563
40 38   -0.003016365    -0.07128894
40 39    -0.03255189     0.03334276
40 40    -0.01144792   0.0001232861
