# Rayleigh 35 s group velocity model
# from Larson & Ekstrom (1999), for more information, see
# http://www.seismology.harvard.edu/projects/surfwave/LE99-Pageoph
# Spherical harmonics, columns are: l m Alm Blm
 0  0      0.8296654              0
 1  0      -8.211547              0
 1  1       7.260703       7.098231
 2  0      -3.959309              0
 2  1       4.199984       7.182493
 2  2       9.250288        3.48067
 3  0       1.506387              0
 3  1      -1.426652       4.130322
 3  2       6.424884      -7.273808
 3  3       1.244406       8.204519
 4  0      -2.157755              0
 4  1      -3.416391      -2.466781
 4  2         5.6932      -3.382957
 4  3        3.19281      -1.279009
 4  4      0.1441232      -5.775431
 5  0       4.765428              0
 5  1      -1.088836      -1.211315
 5  2      0.7043858      0.8157525
 5  3      0.7729138      0.4449756
 5  4      -7.036554      0.7645831
 5  5      0.4297276       2.783258
 6  0      -2.080629              0
 6  1      -1.416931      -2.808878
 6  2     -0.3194586       1.973027
 6  3     -0.2656842        3.08874
 6  4      -2.878926       2.580549
 6  5       -1.13161      -3.126247
 6  6      -1.862627      -1.670912
 7  0       1.342346              0
 7  1       0.547926       2.309371
 7  2      -1.852113     -0.5906482
 7  3     -0.0475598       0.144479
 7  4       1.770757     -0.5298994
 7  5      -0.714008      0.3684998
 7  6       2.134577       1.149271
 7  7     -0.7599748      -2.686469
 8  0     -0.4924994              0
 8  1     -0.2617657     -0.1050166
 8  2      -1.394243      0.2251295
 8  3    -0.03906061      0.2058806
 8  4       1.132646      -1.833217
 8  5      -1.042672      0.5355347
 8  6      -1.009642       -1.69531
 8  7       4.143571       1.497122
 8  8       1.588408       2.337573
 9  0       1.993763              0
 9  1       1.106893       2.304561
 9  2       1.030357     -0.8838094
 9  3     -0.4336149      0.1125024
 9  4     -0.4007443      -0.556732
 9  5     -0.3321885      0.9472079
 9  6       1.282505      -1.958144
 9  7      0.6295531      -2.282209
 9  8      -1.513224      -1.492428
 9  9      -1.430745      0.6442336
10  0       1.161089              0
10  1      0.3085158      -1.907968
10  2       2.064641      0.4916471
10  3     -0.2675333     -0.9162457
10  4       1.445388     -0.2863329
10  5      0.3438423      0.4153833
10  6      0.3758397      0.1378602
10  7      0.3971885      0.2110812
10  8      -2.083587      0.9181852
10  9      0.7972751      0.0014506
10 10     -0.7140388       0.530506
11  0       1.135706              0
11  1       1.546801      -1.124867
11  2      0.1030429     -0.4444001
11  3     -0.2522838     -0.5232657
11  4     -0.3504615      0.4865255
11  5       1.063056      0.4910781
11  6     -0.6797832     0.08073103
11  7     -0.5431712     -0.1856357
11  8     -0.6636546       -1.40478
11  9      -1.880774       1.416388
11 10        0.20286     0.09074838
11 11      0.3020021       -1.07047
12  0      0.0602299              0
12  1     -0.7191455     -0.8452724
12  2    -0.05979563        0.48885
12  3     -0.6738529      -1.015715
12  4       1.190223     -0.5156822
12  5     -0.1343848     -0.4474629
12  6      -1.147033      0.2711805
12  7       -0.60026       -1.02375
12  8      0.6597843       -0.25543
12  9      0.9672534      0.8236087
12 10      0.2069001      0.8382704
12 11     0.09711452      -0.425761
12 12      0.5708101       1.437475
13  0     -0.2613706              0
13  1      0.9477491      0.4408738
13  2      0.3838613      0.7274083
13  3     -0.5233245      0.3008868
13  4     -0.4655336      -0.418076
13  5      0.2977545     -0.3626485
13  6      0.1627844      0.5871025
13  7    -0.07345548     -0.7913366
13  8      0.6804197      0.1075807
13  9     -0.1677467      0.9412911
13 10      0.3762576       1.111257
13 11      -0.106647     -0.4643989
13 12     -0.2324074      0.1390568
13 13     -0.9876144     -0.2228978
14  0      0.4783357              0
14  1     -0.4297278      0.5160592
14  2       0.675222      0.6818272
14  3      0.1094914     -0.3463717
14  4      0.7646196      0.2773452
14  5     -0.2185316      0.8332996
14  6      0.4571527     -0.5894367
14  7       0.342984      0.1886543
14  8      0.2385582     -0.1167435
14  9      0.4873329      0.1698664
14 10      0.1829551      0.3410776
14 11    -0.07902333     -0.8958757
14 12     -0.4093862      0.8539933
14 13      0.1344432    -0.08407931
14 14      0.2454626      0.5054894
15  0    -0.07801338              0
15  1      0.1754801      0.0517042
15  2     0.09315678     0.01674932
15  3      0.2837783      0.5426661
15  4    0.001088442      0.5479975
15  5     -0.1372811     0.06644093
15  6     -0.3517617      0.3820764
15  7      0.2112085      0.4095101
15  8   0.0002126307     -0.3674062
15  9      0.8974234     0.07239407
15 10     -0.3140529     -0.1574328
15 11     -0.6881357     -0.1465711
15 12      0.4686095      -0.458511
15 13    -0.01013029      -1.035897
15 14     -0.3266388      0.3176656
15 15      0.3691773     -0.1252958
16  0      0.8386098              0
16  1     -0.6849615    -0.06872284
16  2     0.02286515     0.08121302
16  3      -1.447891      -0.886134
16  4     0.09845414      0.2709061
16  5      0.2704193     -0.1010126
16  6      0.7597094     -0.3560607
16  7     -0.1906542      0.2488718
16  8    -0.05015613     -0.2394904
16  9     -0.5118101     -0.2533485
16 10     -0.4608086       0.344252
16 11       0.165398      0.6196089
16 12      0.4362335     -0.3274112
16 13     -0.1980159      0.2537157
16 14       0.362537      0.5786343
16 15      0.3376794      -0.293057
16 16     -0.2542474    -0.03248399
17  0      0.1859695              0
17  1     -0.1134453     -0.8185451
17  2      0.2234054      0.2557501
17  3     0.04392964   -0.005493646
17  4     0.04931035      0.2589753
17  5     -0.8404139     -0.4780246
17  6      0.4612708     -0.4702446
17  7      0.3266564     0.01434353
17  8     -0.1379768      0.1823036
17  9      -0.286092     -0.2431694
17 10      0.4945522     -0.2857397
17 11     -0.2753304        1.09932
17 12     -0.1754428     -0.6341444
17 13      0.6857291     -0.5533396
17 14     -0.2617134     -0.7432968
17 15      0.3240713      0.9651867
17 16       1.282832     -0.3874031
17 17     -0.4336029     -0.4227707
18  0    -0.02809701              0
18  1       0.422555     -0.9060673
18  2      -0.444594     -0.9835271
18  3     0.06454032     -0.1886561
18  4      0.5964751      0.3066751
18  5     -0.4705687      0.2724004
18  6      0.2658672     -0.2171141
18  7     -0.4864498     0.02175225
18  8     -0.3619901      0.2151725
18  9     -0.3040412      0.5829582
18 10     0.05170387    -0.03279903
18 11     -0.3748185     0.02643731
18 12     -0.1782147      0.2328705
18 13      0.2973623     -0.1645427
18 14     -0.6196697      0.5319787
18 15    -0.02207755       -0.13707
18 16     -0.6795018     -0.3580335
18 17      0.1044875      0.3301076
18 18    -0.04997874     -0.4204358
19  0      0.2196642              0
19  1    -0.03811264      0.3837405
19  2     0.05091891      0.1588355
19  3      -0.602084       0.320131
19  4     -0.3639745     -0.2823341
19  5      0.6077424     0.04772062
19  6     -0.2243784     -0.2603975
19  7    -0.05752054      0.4782949
19  8     0.01412468      0.2967721
19  9     0.09350828       0.307768
19 10      0.0734854    -0.09872826
19 11      0.2282091      0.1076498
19 12    -0.08859318     0.02741238
19 13      0.3277521      0.3546805
19 14     -0.1795629      0.1493578
19 15      0.1237594      0.1814975
19 16    -0.05107731    0.005155888
19 17     -0.2160161     -0.3229088
19 18     -0.3905193    -0.09042049
19 19     -0.1763797      0.1776327
20  0      0.2179209              0
20  1     0.08839413      -0.499827
20  2     0.06203745      0.4151981
20  3     -0.1698596      0.4968959
20  4     -0.4097964    -0.08365163
20  5    -0.06009816    -0.05212247
20  6     -0.3467643      0.0584407
20  7     -0.2902856      0.5663243
20  8     0.03787594     -0.1234736
20  9      0.4047891     0.01089396
20 10     -0.2359832      0.5390675
20 11   -0.005748997      0.1590858
20 12     0.04040273      0.5150909
20 13      0.4209545     -0.5516483
20 14      0.4501347     -0.1336617
20 15      0.4403385     -0.3788013
20 16    -0.05620283   -0.001253352
20 17    -0.06751165      0.5317889
20 18    -0.06568535     -0.2588653
20 19     -0.5306034     -0.1621076
20 20     -0.3322903      0.4413765
21  0      0.2823667              0
21  1      0.3508126    -0.03466126
21  2      0.3888483       0.397838
21  3      0.1626485     0.02341054
21  4     -0.3633177      0.3870285
21  5     -0.3486076      0.3832838
21  6      0.4976372    -0.07410192
21  7      0.2356323     -0.3316731
21  8      0.3778818      0.4329741
21  9     -0.1191643     0.09272866
21 10      0.1263194     0.07168309
21 11       0.720185     -0.2299123
21 12     -0.2041885     0.07400023
21 13    -0.02326217     -0.1179992
21 14     -0.2412114     -0.1058301
21 15      0.4982482    -0.06737587
21 16     -0.4518313    -0.08496048
21 17     -0.5581519       0.030546
21 18      0.0963348     -0.1376729
21 19     -0.7542447      0.2189733
21 20     -0.1565274     -0.0622058
21 21      -0.598266     -0.1677189
22  0    0.009012477              0
22  1      0.1238851     -0.1311018
22  2       0.237304      0.1408985
22  3     0.08998996      -0.049351
22  4      0.2742082      0.4689689
22  5     -0.6378785     -0.8889298
22  6     0.02600122     -0.2422124
22  7      0.1299158     0.05828325
22  8      0.2199161       -0.35438
22  9      0.3419218      0.2873809
22 10      0.1073939     -0.0538547
22 11    -0.03924989     -0.2190122
22 12     -0.4767904    -0.06375477
22 13     -0.5134223      0.5461758
22 14     -0.2915728   0.0008757317
22 15     -0.2462066    -0.07567114
22 16     0.08641075     -0.1289447
22 17      0.2149522      0.2709036
22 18     0.02864774      0.4929545
22 19    -0.03487622     -0.2683793
22 20   -0.009519808     -0.1695164
22 21      0.1671617     -0.1011863
22 22      0.2227191     -0.2642989
23  0    -0.08270477              0
23  1     0.02689482     -0.1720325
23  2     0.04435343     0.04830643
23  3     0.01003733     -0.4212119
23  4      0.4191784       0.116199
23  5      0.1883091     -0.1345128
23  6      0.2785744     -0.1863777
23  7     -0.4868461     -0.4868501
23  8     -0.4824613     -0.1345509
23  9      0.3205006      -0.042978
23 10    -0.02704031     -0.1161937
23 11     -0.0678937     0.04205225
23 12      -0.263125     -0.7298183
23 13     0.04843869      0.1006018
23 14    -0.03939477     -0.1512554
23 15     -0.1222867    0.001904721
23 16      0.3408807    -0.06152628
23 17    -0.01079305      0.5086446
23 18      0.3239523     -0.2252801
23 19    -0.04110155      -0.123093
23 20     0.02456046       0.350652
23 21    -0.09997721     0.04072583
23 22      0.4723367      0.1221983
23 23      0.2305479      0.3673505
24  0      0.4127662              0
24  1     -0.1133504      0.2483484
24  2    -0.02836883      0.5306481
24  3       0.224936     -0.2265673
24  4     -0.3691634     -0.2356983
24  5     -0.2381867     -0.1542363
24  6      0.1060543     -0.2254253
24  7     -0.1273501     0.01584789
24  8     -0.4219964      -0.281328
24  9     -0.3752155    -0.07505032
24 10     -0.1719905      0.1301686
24 11     -0.1312246     -0.1291983
24 12     -0.1068389      0.5495499
24 13     0.04674761      0.2479831
24 14     0.03820246    -0.07758789
24 15     0.07900283      -0.259098
24 16     -0.1817843      0.4252573
24 17     0.03075794      0.2500789
24 18     0.07431221     -0.3491538
24 19     0.05105709     0.02729209
24 20     -0.1816779      0.1057852
24 21     0.06013698      0.0765411
24 22     -0.4970892     -0.3918403
24 23      -0.149511      0.3239385
24 24     -0.2175681     -0.3532836
25  0     -0.0344646              0
25  1    -0.09057217     -0.4167462
25  2     -0.4400469   -0.001424746
25  3     -0.3035258      0.4514956
25  4   -0.004693448      0.2200204
25  5      0.1921228    -0.02459928
25  6     -0.4017404    -0.03641997
25  7     0.07465648     -0.3178313
25  8      0.3915701       -0.14552
25  9     -0.4409495      0.5600799
25 10     -0.1259656    -0.07083042
25 11    -0.04950891      0.1766838
25 12     -0.1046625    0.007035538
25 13    -0.01088033     -0.3719826
25 14    -0.01247064      0.3334871
25 15     0.08727539     -0.2972778
25 16      0.2864233      -0.177728
25 17      0.2800722    -0.05279494
25 18     -0.2162626      0.2668614
25 19    -0.04559613     -0.0783397
25 20     0.08020341      0.3955142
25 21     0.02560332      0.1116075
25 22      0.1860783      0.2014265
25 23      0.1158657     0.08572564
25 24    -0.09842277     0.01938244
25 25      -0.127538     -0.5568382
26  0      -0.142052              0
26  1    -0.09421002       0.250537
26  2       0.221199     -0.3701073
26  3     -0.2002675      0.3285334
26  4     0.05716074    -0.04015644
26  5    -0.08721536       -0.13602
26  6      0.1994346     0.05203147
26  7     -0.3408106     -0.1335582
26  8     -0.1257807     -0.1183299
26  9     -0.0300722      0.2973973
26 10      0.3752905    -0.09494142
26 11     -0.4869651      0.1600718
26 12      0.3764959      0.2408828
26 13     -0.2020002     -0.1721414
26 14     -0.1509154     -0.3125139
26 15     -0.5789265      0.1190303
26 16      0.2388104   -0.009652672
26 17     -0.1895326     -0.2187263
26 18      0.1732789      0.2108184
26 19     -0.2248905     -0.4486477
26 20     -0.3649731      0.3368917
26 21      0.2992333     -0.2229657
26 22      -0.493389     -0.5703692
26 23      0.4697759    0.003111875
26 24     -0.4196103     -0.5583062
26 25      0.2574284     -0.1835507
26 26      0.3070786     0.03478411
27  0    0.008742869              0
27  1      -0.201834      0.2658129
27  2     -0.2625652     0.04058357
27  3     -0.1614686      0.1214988
27  4     0.00492928      0.2138468
27  5     0.02808519      0.4176468
27  6      0.4162805      0.3258289
27  7     -0.1968914      0.3497647
27  8      0.2688301     -0.2086779
27  9     -0.1971045      0.2846942
27 10     0.09129357      0.4165035
27 11      0.1838488      0.2222829
27 12     -0.1872414      0.3363001
27 13      0.1013607     -0.5560721
27 14      -0.205633      0.2050896
27 15     -0.1376692      0.2651519
27 16     -0.3135118    0.005960748
27 17     -0.2723643        0.36032
27 18     -0.2603742       0.191998
27 19      -0.307555      0.1818982
27 20     0.04830771     -0.3380027
27 21   -0.007488307     -0.3550006
27 22     0.05203682      0.1048221
27 23    -0.06372683     -0.2356027
27 24      0.1629392     -0.2145006
27 25    -0.04219858      0.2074426
27 26      0.4990627      0.3078311
27 27      0.0963951     0.08677371
28  0     0.03458371              0
28  1    -0.05113668      0.2451586
28  2      0.1261498      0.1499794
28  3     0.07285868       0.214638
28  4     -0.2018702      0.2967069
28  5      0.1999895    -0.01696045
28  6      0.0247962       0.176573
28  7      0.0695088      0.2299318
28  8     -0.2594164     -0.2433405
28  9    -0.06719913    -0.09702962
28 10     -0.3804457       0.251027
28 11     -0.1345978      0.3559215
28 12    -0.05180065     -0.1300669
28 13     0.09578788    -0.01087535
28 14     -0.3402279     -0.1443668
28 15     0.03522472     -0.5021111
28 16     -0.3097495      0.2376541
28 17      0.3841213       0.411983
28 18      0.1725965     -0.1460958
28 19       0.140025     0.02412474
28 20     -0.3840018     -0.2416089
28 21      0.1758591      0.3295419
28 22      0.1283422   -0.007739481
28 23      0.2254535     0.08133825
28 24      0.5775719      0.2071188
28 25     -0.2721018     -0.1378484
28 26     -0.1090696      0.3055146
28 27      0.2812117      0.3282567
28 28     -0.3047615     -0.2368549
29  0    -0.01492934              0
29  1      0.3337157     -0.1804721
29  2    -0.05399159    -0.07633018
29  3    -0.07352755    -0.08628708
29  4     -0.1636035    -0.04681446
29  5     -0.3389656     -0.0870968
29  6       0.503011     -0.3294231
29  7      0.1284364     -0.3621776
29  8    -0.05033531      0.2589991
29  9     -0.2052288      0.0783693
29 10     -0.4631872      0.3004923
29 11     -0.2888836     -0.4227594
29 12     -0.2043328     0.08122217
29 13     0.05470024     -0.2409843
29 14      0.1094761    0.003249073
29 15      0.4505137     -0.5193626
29 16      -0.469016      0.1725533
29 17     0.09225348     -0.2465495
29 18     -0.1897839      0.1020402
29 19      0.2509099      0.3416082
29 20     -0.2495034    -0.04480036
29 21      0.3894865     0.02761812
29 22      -0.038332    -0.02060834
29 23     0.02387016      0.1292692
29 24      0.1552453     -0.3522895
29 25     -0.3540902    -0.07523063
29 26     -0.0130409      0.2014513
29 27    -0.08715853   -0.006799766
29 28     -0.1608581      -0.135865
29 29    -0.07828978    -0.06288542
30  0     -0.1422329              0
30  1     0.02287944     0.01019083
30  2      0.2215806      -0.167955
30  3     -0.3002452    0.004952492
30  4     -0.1317042      0.1156496
30  5    0.009068479      0.2879761
30  6     -0.1411576      0.3593809
30  7     -0.2527317     -0.3810404
30  8    -0.02680568    -0.08876524
30  9      0.3355633    -0.01300681
30 10      0.2328939      0.2489648
30 11     -0.1079382    -0.09729911
30 12      0.2260693   -0.009868489
30 13     -0.3878094    -0.02638856
30 14      0.1138815      0.4564133
30 15     -0.1158492     -0.4259477
30 16      0.1336363     -0.3001923
30 17     -0.2835689      0.1900642
30 18       -0.14126     -0.1497068
30 19      -0.132432     -0.2951686
30 20     -0.3152072     -0.1113838
30 21     0.01345865      -0.256398
30 22     -0.0862755      0.1381669
30 23      0.2790706    0.004096603
30 24     -0.2106542     -0.1678363
30 25    -0.07988818   0.0001436332
30 26      0.2858921     -0.1431831
30 27      0.1376463     -0.3636604
30 28      0.2219149     -0.3348908
30 29    -0.08096348     0.07612295
30 30     -0.1460393      0.2164641
31  0     0.04645316              0
31  1     -0.1417646      0.1000421
31  2     0.04291312    -0.05967757
31  3    -0.04680032    -0.01995831
31  4     -0.1447708    -0.02301097
31  5      0.1401983      0.3004116
31  6     -0.2533682       0.332991
31  7     -0.1032672       0.135233
31  8     -0.2294606      0.1324602
31  9       0.246713    0.002214202
31 10     0.07437915      0.1773984
31 11      -0.256474      0.3459243
31 12     0.01079118      0.1001587
31 13      0.2102946     0.05606311
31 14     -0.0235013    -0.07301987
31 15     -0.1625162     0.02611104
31 16   -0.006483603     -0.2105517
31 17     -0.2757749      0.2959929
31 18      0.2902151    -0.07181515
31 19     0.09603504      0.3702295
31 20     -0.2103406    -0.08136434
31 21      0.0431683     0.09613934
31 22     -0.2330203      -0.318503
31 23      0.1277095     0.02623382
31 24      0.4145259   -0.003958178
31 25     -0.4482985   -0.005182291
31 26     -0.2366382     -0.1588632
31 27      0.4345832      0.1063192
31 28    -0.04787556      0.0347997
31 29     -0.3722103    -0.02522738
31 30     -0.1917985    -0.05679864
31 31      0.2677073     0.07150401
32  0     -0.2317843              0
32  1     -0.1790731     -0.1132629
32  2     0.08944523     -0.2398336
32  3      0.1712589     0.03597242
32  4     -0.1907221    -0.03892746
32  5     -0.1326307   0.0007738285
32  6    -0.09450892     0.06713269
32  7    -0.07224309      0.1224339
32  8    -0.06693316      0.2436495
32  9      0.2144631     0.05092565
32 10     -0.1225977     -0.2313688
32 11     -0.2189628      0.1556661
32 12    -0.09440878     0.09558965
32 13    -0.03634139      0.1721834
32 14      0.3880251     -0.2594913
32 15     0.06564749      0.1296138
32 16    -0.09053846     -0.1256846
32 17      0.1319607      0.2810652
32 18     0.03848074      0.1239444
32 19      0.2610962    -0.04920458
32 20    -0.09228061     -0.3169457
32 21      0.1079077      0.5144885
32 22     -0.1568411      0.1248242
32 23      0.1736064     -0.1064514
32 24     -0.1218066     0.08222339
32 25     -0.3512845     -0.2512819
32 26     -0.0723468      0.4511443
32 27     -0.5963648   -0.001603072
32 28     -0.2011624     0.06325707
32 29     -0.4723319     0.02649549
32 30     -0.4330845      0.2490296
32 31      0.2178163    -0.08940342
32 32     -0.3506816     -0.3646318
33  0      -0.010306              0
33  1     -0.1136757     0.00868163
33  2     0.04136005     -0.1931551
33  3     0.01052165     -0.2919071
33  4       0.145899      0.1929701
33  5     0.03365621      0.1636408
33  6      -0.216232      0.3197355
33  7    0.003930328    -0.08585102
33  8      0.1427158      -0.216259
33  9     -0.1927198      0.1596303
33 10     -0.1985583     -0.1380842
33 11     -0.2214198      0.2608304
33 12     0.04513122     -0.3120834
33 13      -0.204016    -0.09379676
33 14     0.04325048    -0.03289311
33 15     0.05218169     -0.2476492
33 16     -0.1497603     -0.1910812
33 17    -0.06046112     -0.1990657
33 18     -0.1478255      0.4469865
33 19    -0.02816887    -0.03240858
33 20     -0.1337368     0.02901778
33 21     -0.2554869     -0.2182706
33 22     0.08045242      0.1092071
33 23      0.3724757     0.08377899
33 24     -0.1529137    0.009303868
33 25      0.2427579      -0.257083
33 26    -0.05594434     -0.2128479
33 27      0.1183287     -0.2120249
33 28    -0.03541557      0.1576203
33 29    -0.05622707     -0.1008055
33 30      0.0168351     -0.2404946
33 31      -0.160094     0.01435436
33 32    -0.07793825     0.08548259
33 33     -0.2093583    -0.05209058
34  0     -0.0423984              0
34  1     -0.1207469      0.5336652
34  2     -0.2255628    -0.06878177
34  3     0.04797807    -0.05370834
34  4      0.2175235     -0.1854276
34  5     0.03056536    -0.04414128
34  6    -0.07579923    -0.07863588
34  7      0.1801668     -0.2078915
34  8     -0.3240725     -0.2839628
34  9     0.01991805     -0.2615555
34 10      0.4740005    -0.03200164
34 11      0.2564899    -0.07877592
34 12     0.04597947      0.1149747
34 13     -0.1270778     -0.4303416
34 14      -0.268494      0.1155204
34 15      0.2552432    0.001856076
34 16    -0.03127217       0.224701
34 17      0.4169287     -0.3745046
34 18      0.1996576      0.0722788
34 19    -0.05364525      0.1133243
34 20      0.1783916      0.1983033
34 21     -0.2630936      -0.191026
34 22      0.1321073     -0.1972305
34 23   -0.006762693     -0.1666363
34 24     -0.1529426    -0.04371653
34 25      0.2352348     -0.3040845
34 26      0.1181379    -0.09463269
34 27      0.1512545     -0.1613505
34 28    -0.07186324      0.1538394
34 29      0.3415086       0.106481
34 30      0.4515995     0.01778389
34 31      -0.165899     0.01812709
34 32     0.03878501     0.07876246
34 33    -0.09313285     0.04157634
34 34    -0.01372945      0.3241521
35  0    -0.06635875              0
35  1     0.08172524     -0.1055524
35  2     -0.2254984     0.06747854
35  3     -0.1031151     -0.3429752
35  4      0.1406042     0.05659623
35  5     0.01380953      -0.101534
35  6      0.0522457       0.253103
35  7      -0.165856     -0.3822901
35  8    -0.06288154    -0.05396933
35  9     -0.1577457      -0.214036
35 10      0.1415244     -0.2119328
35 11      0.2973665    -0.05671288
35 12      0.3004859      0.0752537
35 13     -0.2029925      -0.171412
35 14      0.3559395      -0.115051
35 15   -0.004587287     -0.2097872
35 16      0.2947359      0.1722031
35 17      0.2469848    0.002298631
35 18      0.1146337      0.1004864
35 19      0.1011807     0.03417887
35 20      0.3083731     -0.1145026
35 21     0.05803314     -0.1789661
35 22     -0.1925157     -0.0907235
35 23     0.06248996    -0.01690083
35 24    -0.08078619     -0.2300066
35 25     0.09378957      0.1538149
35 26      0.1554843     -0.2067245
35 27     -0.2159353    -0.08026246
35 28      0.0136861     -0.0167169
35 29    -0.04664717     0.05598408
35 30     -0.1442157    0.003147234
35 31      0.1426406     0.08552872
35 32     -0.1215252    -0.02081748
35 33      0.1653323      0.1143765
35 34     -0.3331797     -0.3590511
35 35       0.132316       0.121545
36  0     0.03941163              0
36  1      0.1470805     -0.0698718
36  2     -0.4173866     -0.1639149
36  3     -0.1919656     -0.4084152
36  4  -0.0005484936     -0.1308422
36  5      0.1097916    -0.07495589
36  6     0.01980709     -0.2106978
36  7      -0.123596     0.02344324
36  8     0.04819176    -0.07433478
36  9     -0.2274404    -0.01658862
36 10     -0.2401814    -0.01889448
36 11     0.03817924    -0.04522822
36 12     0.06414961    -0.04668687
36 13     -0.1629861    -0.02511387
36 14     -0.2791335     0.06536119
36 15      0.1868214      0.1049771
36 16      0.2437691    -0.09452438
36 17    -0.02877222     0.09122001
36 18    -0.02239145    -0.03239067
36 19     0.02989984      0.1876014
36 20      0.1010909       0.223053
36 21     0.02939641    -0.05422488
36 22     -0.1048416     -0.3040816
36 23     0.07700273      0.3615614
36 24      0.1631615     0.09902584
36 25     0.07583716    -0.06879311
36 26     -0.2050033     -0.2821669
36 27     -0.3032997      0.1027945
36 28       0.236033     -0.1451584
36 29     -0.3056609    -0.06838584
36 30    -0.04280777      0.1988717
36 31     -0.2723117     0.03933467
36 32    0.006280443     -0.2306903
36 33       0.197481      0.1019045
36 34       0.169464     -0.1114133
36 35    0.004997582     -0.1814933
36 36     -0.1030846     0.08420329
37  0     -0.1915061              0
37  1      0.3115133   -0.006224527
37  2     0.07323387     0.05484949
37  3    -0.07458312      0.1894947
37  4     -0.2325394    -0.03444519
37  5     0.07688989      0.1354638
37  6      0.0801409     -0.1851783
37  7    -0.09052409     0.05398971
37  8     0.04615366    -0.06616043
37  9     -0.2776185      0.1562151
37 10   -0.008761046     0.09024809
37 11     0.07796516     -0.1730489
37 12      0.1099121     0.01553512
37 13      0.2268211      0.3037291
37 14     -0.1354523      0.0146172
37 15     -0.1002282     0.04940553
37 16      0.2217224     -0.1444314
37 17      0.4334546    -0.03062977
37 18     -0.1327423     -0.1518167
37 19      0.1783248     0.08734726
37 20     0.04154223     0.05350579
37 21      0.2036737      0.1668787
37 22      0.1833318      0.1788637
37 23     0.07441697     -0.1804055
37 24      0.1234268      0.2168859
37 25     0.08385403     -0.1125271
37 26    0.004610425      0.1292344
37 27     -0.2081573     -0.1018981
37 28  -0.0002310354      0.2275686
37 29     -0.0167225     -0.3285579
37 30      0.2239353   -0.006107883
37 31     0.05440566      0.1858423
37 32     0.03195857    -0.08355547
37 33      0.1030623      -0.166225
37 34      0.1140757     -0.1607408
37 35      0.1252954     0.06429377
37 36    -0.04134487     -0.0142136
37 37     -0.1051318      0.1499131
38  0    -0.06771896              0
38  1      0.1979063    -0.01078431
38  2      0.2071826     -0.1753323
38  3     -0.1717077      0.3016346
38  4     -0.2651182      0.0100679
38  5      0.1102545     0.09543423
38  6    -0.09861672      0.3651136
38  7    0.002608291       0.111016
38  8    -0.06111538     0.02775335
38  9      0.2309698     0.07601905
38 10     0.01800343     -0.2360698
38 11      0.1945942      0.1361596
38 12    -0.01135637    -0.02632638
38 13     0.05102464      0.1648005
38 14      0.2151036       0.124203
38 15      0.1775412      0.3788612
38 16      0.0175385     -0.0759574
38 17     0.09203835      -0.107153
38 18       0.252416     0.05554911
38 19     0.01066317     -0.1920366
38 20      -0.137135      0.1658383
38 21      0.1458422      0.3252985
38 22      0.4766824     0.07960328
38 23     -0.3780461      0.1579687
38 24      0.2573289  -0.0007389843
38 25     -0.2483001      0.1177183
38 26    -0.08145295      0.1736797
38 27     -0.1285488     -0.1400047
38 28      0.3053021      0.1074371
38 29    -0.06409363     -0.3868822
38 30    -0.08701878    0.001864835
38 31      0.1538416       -0.14566
38 32     -0.2711439      0.1205301
38 33     0.02042647     -0.1312175
38 34     -0.1366755    -0.08823929
38 35      0.1115231       0.294062
38 36      0.1064001    -0.09071073
38 37      0.1217342      -0.134417
38 38  -0.0009924775      0.2511655
39  0     -0.3104287              0
39  1      0.2604223      0.1014841
39  2      0.1750158      -0.122271
39  3      -0.194549     0.06461974
39  4      0.2470666      0.1731814
39  5     0.03361932     -0.2419147
39  6      0.1170726      0.2118258
39  7      -0.113945      0.2155408
39  8      0.1701829     -0.1885292
39  9     -0.1624159     -0.1315541
39 10      0.1009813    -0.06075021
39 11     -0.1492538      -0.187111
39 12       0.274534      0.2027884
39 13      0.1632238      0.2911144
39 14     -0.1184081     0.04052179
39 15      0.1073395    -0.03680993
39 16      0.1130028    -0.04353174
39 17       -0.37228     0.02913636
39 18      0.2773567      0.2193931
39 19     -0.1935392     -0.1061463
39 20    -0.08852531     0.02738301
39 21     -0.1753304      0.1187792
39 22    -0.02366889     -0.1474218
39 23    -0.02752266     -0.1771386
39 24     -0.2325986     -0.1582743
39 25    -0.03067317      0.0926668
39 26     -0.1747804      -0.143634
39 27    -0.03367986     -0.2357188
39 28    0.008794704    -0.05095171
39 29    -0.00676775     -0.2022457
39 30      0.1694486       0.235063
39 31     -0.1360016    -0.02216179
39 32      0.3354335     0.08291261
39 33     -0.2919759     -0.2018254
39 34     0.09668776     0.05286249
39 35    -0.07942807     0.02796078
39 36     -0.3339693     0.04769479
39 37     -0.1474674     -0.1935849
39 38     0.01767064      0.0330958
39 39    -0.05419009     -0.1353861
40  0     -0.1063358              0
40  1     -0.3639027       -0.16092
40  2     0.09000152     -0.1429432
40  3    -0.03553582    -0.09388231
40  4     0.06271521     -0.1196412
40  5      -0.087316     -0.1139911
40  6      0.2929773       0.172282
40  7    -0.01828575     -0.1912044
40  8       0.305876     -0.2141108
40  9     -0.2765765    -0.09145714
40 10    -0.04376575     0.08623551
40 11     -0.3139113     -0.1290865
40 12      0.1807629     -0.2805504
40 13     0.05386524     -0.1629209
40 14      0.2470073     -0.1205006
40 15   -0.005127328     -0.2684841
40 16     -0.2430663    -0.02833805
40 17      0.2606485     -0.1201324
40 18     0.03279635     -0.1012909
40 19     -0.1461359      0.1323347
40 20      0.0119178    0.005266844
40 21    -0.07819097    -0.09504186
40 22     0.01546193     -0.1514509
40 23      0.0270636   -0.006216051
40 24     -0.0118592     -0.2321682
40 25     -0.0850594      0.2206189
40 26       0.296691      0.2073798
40 27      0.3788515    -0.03377438
40 28     -0.0137655    -0.09320659
40 29    0.002946955     0.05952311
40 30     0.03222607    -0.07254829
40 31     -0.3271764      0.1457844
40 32     0.02087301     0.06299345
40 33      0.1663463      0.4224542
40 34     -0.1708981     -0.4014606
40 35    -0.02126124       -0.16087
40 36   -0.007707109      0.2224657
40 37     -0.2833127   -0.005890002
40 38     0.03283158    -0.08457523
40 39     0.04771935     -0.1157877
40 40     -0.1173964     -0.2306623
