# Rayleigh 40 s group velocity model
# from Larson & Ekstrom (1999), for more information, see
# http://www.seismology.harvard.edu/projects/surfwave/LE99-Pageoph
# Spherical harmonics, columns are: l m Alm Blm
 0  0       2.152533              0
 1  0       -6.04505              0
 1  1       5.471867       5.392955
 2  0      -2.987305              0
 2  1       3.759049       6.391265
 2  2       8.122451       2.287949
 3  0       1.246855              0
 3  1      -1.464008        3.34977
 3  2       4.996281      -5.650361
 3  3       1.686028       6.783994
 4  0      -1.517916              0
 4  1      -2.992859       -2.24672
 4  2       4.177597      -2.516434
 4  3       2.773147      -1.212385
 4  4     -0.1297997      -3.749072
 5  0       3.808651              0
 5  1      -1.041947      -1.175253
 5  2     0.04134092      0.5882694
 5  3       1.036379      -0.123545
 5  4      -5.024438     -0.1664345
 5  5      0.1635131       1.750656
 6  0      -1.827003              0
 6  1     -0.7333216      -1.843447
 6  2     -0.5772156       1.730871
 6  3     -0.4181096       2.010345
 6  4      -2.232831       2.181181
 6  5      -1.506582      -2.194155
 6  6      -1.563042      -1.109685
 7  0       1.021859              0
 7  1      0.7059516       1.678902
 7  2      -1.411922     -0.4116298
 7  3      0.1763394     -0.1025476
 7  4       1.155962     0.06128139
 7  5     -0.4897815      0.7758108
 7  6       2.167678      0.3758939
 7  7     -0.6962718      -2.269894
 8  0     -0.4140182              0
 8  1      -0.174616      0.1238454
 8  2      -1.523117    -0.08884896
 8  3     0.01434075      0.3206693
 8  4       1.057303      -1.317269
 8  5     -0.8379121      0.6813779
 8  6     -0.7451915      -1.174817
 8  7       3.453664       1.195695
 8  8       1.286931       1.844395
 9  0       1.700638              0
 9  1       1.110246       2.173044
 9  2      0.6636593     -0.6742082
 9  3     -0.9164799      0.1361444
 9  4     -0.1557388     -0.4592857
 9  5      0.1618832      0.6848151
 9  6       1.068053      -1.894855
 9  7      0.1403248      -2.396348
 9  8      -1.408947       -1.52424
 9  9      -1.118942      0.4742773
10  0      0.7286381              0
10  1      0.3948926      -1.530904
10  2       1.622608      0.1811157
10  3      0.1022158     -0.5637005
10  4       1.386559     -0.1765745
10  5      0.1414814      0.1008998
10  6       0.392022     0.01094615
10  7      0.1590836      0.1689361
10  8       -1.91713      0.8089272
10  9      0.7584141      0.5762497
10 10     -0.6278718      0.4637692
11  0      0.6793097              0
11  1       1.172825     -0.6661088
11  2      0.3888542     -0.1304003
11  3     -0.1866282     -0.7416083
11  4     -0.3077332      0.2304378
11  5      0.7293937      0.4811477
11  6      -0.285392     0.07745744
11  7     -0.5128205     -0.3096933
11  8      -0.557709      -1.408212
11  9         -1.515       1.104929
11 10      0.1909633      0.1827724
11 11     0.06996955     -0.9653204
12  0     0.05199496              0
12  1     -0.2894935     -0.4609095
12  2       0.292324     0.09022974
12  3     -0.3638336      -1.000416
12  4      0.7265233     -0.2189679
12  5    -0.03331636     -0.2335387
12  6      -1.052529      0.4391746
12  7     -0.4627022      -0.517701
12  8      0.2378029      -0.284681
12  9      0.9740902       1.010054
12 10      0.1789421      0.7996895
12 11     0.06162877     -0.2517527
12 12       0.402187       1.178359
13  0     -0.2608569              0
13  1      0.5669749      0.4627302
13  2     -0.1340725      0.5827087
13  3     -0.4681642      0.1937524
13  4     -0.2678461      -0.340037
13  5      0.3163593     -0.3218103
13  6      0.3308751      0.3152796
13  7       0.132503     -0.7821414
13  8      0.4408518     -0.2723591
13  9     0.02388217      0.5919915
13 10      0.3427176      0.5965529
13 11     -0.1319285     -0.3221551
13 12    -0.09639873     0.02582448
13 13     -0.6620384      0.1242702
14  0      0.4421265              0
14  1     -0.1311383      0.5049905
14  2      0.8492832      0.6040611
14  3      0.1410127     -0.1218432
14  4      0.4295332      0.1170413
14  5     -0.1199312      0.6622381
14  6      0.3310846     -0.6200428
14  7      0.2509729      0.2030774
14  8     0.09894735     -0.2981672
14  9      0.5603645      0.4060796
14 10      0.1851358      0.1286909
14 11    -0.03546186      -0.963371
14 12       -0.23704      0.5268595
14 13      0.1077086     -0.0392316
14 14      0.1147873       0.402948
15  0     -0.0439521              0
15  1      0.1508348     -0.2639777
15  2     0.06319645    -0.06425039
15  3      0.2472274      0.2399604
15  4      0.3930134      0.3109478
15  5     -0.1403157    -0.07236452
15  6     -0.4018244      0.2061734
15  7      0.2656241      0.5431977
15  8      0.1191353     -0.4292333
15  9      0.4870892    -0.02682509
15 10     -0.2704782     -0.2116619
15 11     -0.3149291     -0.1829996
15 12    -0.04096722     -0.3089333
15 13     -0.2048047      -0.680443
15 14     -0.2019347      0.1384342
15 15      0.1186168    -0.03774798
16  0      0.4950418              0
16  1     -0.4756031    0.002430518
16  2     0.05632262     0.06312726
16  3     -0.8418729     -0.7493919
16  4      0.1648588     0.03049404
16  5      0.2421655     0.09677345
16  6      0.6592022     0.01696642
16  7    -0.05728463       0.150076
16  8    -0.08682348    -0.03282492
16  9     -0.5365816     -0.3157704
16 10     -0.3992198      0.3255712
16 11      0.1373585      0.4449489
16 12      0.4556429      -0.164262
16 13      0.1299796     0.09402406
16 14      0.4905757      0.3147649
16 15      0.3933512     -0.4487218
16 16      -0.191382    -0.08932956
17  0     0.02173858              0
17  1     0.08243256     -0.6480431
17  2      0.2473774     0.08404716
17  3      0.1272075     0.08358015
17  4     0.08779278      0.3732252
17  5     -0.6413215     -0.1966882
17  6     0.08000209     -0.3507115
17  7     0.02669991      -0.021912
17  8     -0.2211209       0.138135
17  9      -0.149047     -0.2974226
17 10      0.4834934     -0.4139584
17 11    -0.04995511      0.9761332
17 12     -0.1183768     -0.3278762
17 13      0.6223229     -0.5063505
17 14      -0.313727      -0.373476
17 15      0.3440764       1.003537
17 16       1.104271     -0.3355343
17 17     -0.2025659     -0.3894649
18  0      0.1638957              0
18  1      0.3837854     -0.6952163
18  2     -0.3006222      -0.333504
18  3     0.02260421     -0.0927011
18  4      0.2291974      0.3539647
18  5     -0.3344754   -0.008814577
18  6      0.3040879     -0.4352949
18  7    -0.04422598     0.03123232
18  8     -0.2239999      0.2449909
18  9     -0.1894667      0.1883487
18 10     0.03886666     0.07246441
18 11     -0.2369228    -0.07847939
18 12    -0.04672258      0.1865609
18 13     0.08711185     -0.1901155
18 14     -0.3280315      0.2542012
18 15     -0.1093948     -0.1199621
18 16     -0.6061229      -0.550068
18 17     -0.2517914      0.3930631
18 18     -0.1626709     -0.4229379
19  0      0.1629511              0
19  1    0.001163596       0.310302
19  2        0.11469     0.08541624
19  3     -0.4204091      0.1085661
19  4     -0.1367607    -0.03156078
19  5      0.1971945      0.1689616
19  6     -0.2402682      0.0954807
19  7    -0.00889682      0.3542147
19  8      0.1611147      0.1065054
19  9    -0.05135566      0.1545325
19 10      0.1908202    -0.01627629
19 11      0.1359155      0.1371429
19 12    -0.01061867       0.208601
19 13      0.2133194      0.2167841
19 14    -0.09580778    0.009075843
19 15      0.1582433       0.122503
19 16     -0.2374337     -0.1407623
19 17     -0.1065593    -0.07853782
19 18     -0.2957766        0.08525
19 19     -0.2204638      0.3289481
20  0      0.1493826              0
20  1      0.1536877     -0.2906919
20  2      0.1602119      0.1549429
20  3     -0.2879542      0.2470984
20  4     -0.1081444   -0.009657298
20  5     -0.1058594     0.06042097
20  6     -0.2064442      0.1547127
20  7     -0.2150547      0.5002634
20  8      0.1077612     0.03843945
20  9      0.2283918       0.115185
20 10     -0.3385977      0.2168741
20 11      0.1779722     0.03804059
20 12     0.05640556       0.458405
20 13      0.2452176     -0.2451457
20 14      0.3567937      0.1106872
20 15     0.07454437     -0.3755829
20 16     0.03109068      0.1185305
20 17     -0.1776662      0.3568835
20 18     -0.1380942     -0.1261371
20 19     -0.3800758     -0.1201554
20 20     -0.1771025      0.3951646
21  0      0.1242544              0
21  1      0.1248742     0.07542631
21  2      0.1478113      0.2636721
21  3      0.2151962      0.2000736
21  4     -0.2469148      0.3550906
21  5     -0.3379494      0.2701726
21  6      0.3363127    -0.09279253
21  7      0.1512009     -0.3744861
21  8      0.3213878      0.3204079
21  9    -0.08040689    -0.07452856
21 10      0.2847911      0.1217569
21 11       0.476953     -0.5850849
21 12    -0.09029555     0.07926504
21 13    -0.04340407      0.0874466
21 14    -0.07891332     -0.1313605
21 15      0.4032915     -0.1423696
21 16     -0.4618917     -0.2034258
21 17     -0.3125419     0.04597123
21 18     0.04677905    -0.09409001
21 19     -0.7698252    -0.02886319
21 20     -0.2827239     0.09625716
21 21     -0.4683057      -0.128326
22  0     0.03811719              0
22  1      0.3327811     -0.0761533
22  2      0.1651291       0.228733
22  3     0.07497183     -0.1999175
22  4      0.1425133      0.2776006
22  5     -0.4493899     -0.6850086
22  6     -0.1666249     0.04211412
22  7       0.184317     -0.0571011
22  8      0.1770964    -0.07287969
22  9     0.08518678      0.2786418
22 10      0.2086182     -0.2593392
22 11     -0.1293843     -0.0827865
22 12     -0.2918635    -0.08504826
22 13     -0.3484958      0.4307648
22 14     -0.1193431      0.1178752
22 15    -0.06788927     0.02872873
22 16      0.1608518     -0.2865564
22 17     0.05679088      0.1637833
22 18      0.1004725      0.5563114
22 19     -0.0104428     -0.4380834
22 20    -0.05713946     -0.2384106
22 21     0.01146237      0.1497176
22 22     0.05472748     -0.2884956
23  0   -0.001800745              0
23  1     -0.0823185    -0.02015626
23  2      0.1479633     0.07074603
23  3      0.1390445     -0.3062883
23  4      0.2712471      0.2511275
23  5     0.02403759     -0.2307614
23  6      0.1897979   -0.001564039
23  7     -0.3322215     -0.3163001
23  8     -0.2603043     -0.2336888
23  9      0.2830204      0.1035011
23 10     -0.1470621    -0.02139514
23 11     0.04385052     0.01260248
23 12     -0.3789047     -0.3192394
23 13     0.05173705     0.06300998
23 14    -0.07653026     -0.1537039
23 15      0.1120048    -0.05503674
23 16      0.1369995     -0.1539009
23 17    -0.09875145      0.1836809
23 18      0.0166051     -0.2360069
23 19      0.1253985     -0.1021211
23 20     -0.1373758      0.4263041
23 21     0.03373372     0.05228241
23 22       0.633357    -0.03918586
23 23      0.2643546      0.4436898
24  0      0.1616133              0
24  1    -0.07925554      0.2116377
24  2       0.041232      0.4730344
24  3      0.1037882      -0.226943
24  4    -0.09569453    -0.05283362
24  5     -0.4136874    -0.05467067
24  6     0.03194376    -0.02260649
24  7     -0.1634956      0.1851763
24  8     -0.2093893   0.0007477709
24  9     -0.2265388    -0.02148205
24 10    -0.07146845    -0.01639314
24 11     -0.2154253    -0.08043156
24 12     0.02222431      0.3140073
24 13     0.01458236    -0.04519003
24 14     0.05783352    -0.02094322
24 15      0.3392443     -0.3069778
24 16     -0.1295786      0.2864666
24 17     0.03622745      0.1354771
24 18       0.192842     0.07208619
24 19    -0.01615225    -0.02132908
24 20     -0.1075786     -0.1431451
24 21    -0.09696173     0.05882729
24 22     -0.3883972     -0.2526833
24 23     -0.3484049      0.3097662
24 24      -0.295442     -0.2549195
25  0    -0.05166911              0
25  1    -0.04816334    -0.08956973
25  2     -0.2007879     0.08561289
25  3     -0.2374424      0.3729287
25  4    -0.06463318      0.1885599
25  5     0.03244352      0.1027276
25  6     -0.3633884     0.04257588
25  7     0.02728401    -0.03451663
25  8      0.1581819   -0.002049321
25  9     -0.2815019      0.4748883
25 10     -0.1551866     0.06733265
25 11    -0.06156515   -0.009938524
25 12     -0.1867287     -0.1899597
25 13     -0.1123026     -0.1861491
25 14     0.08650987      0.1724143
25 15       0.238131     -0.2674905
25 16      0.1553463      -0.101746
25 17     0.06618999      0.1262457
25 18    -0.04275288     -0.1163127
25 19     0.09497286    -0.07350463
25 20     0.02569366      0.3152687
25 21       0.142866     0.08751776
25 22      0.2393999     0.04835815
25 23    -0.02446165    -0.06498685
25 24     -0.1093278     0.01120454
25 25      0.2514468     -0.4398401
26  0      0.1306522              0
26  1    -0.06242575     0.08520114
26  2     0.08769299     -0.2442671
26  3      -0.307614      0.1359816
26  4     0.01840683     0.08818341
26  5     0.03905413     -0.1047328
26  6      0.1145871     -0.1467427
26  7     -0.2493207     -0.1603888
26  8      0.0823392     -0.2882355
26  9   -0.009753194      0.1093022
26 10      0.4554798     0.09149852
26 11     -0.2070466      0.1372489
26 12      0.2806816     -0.1085445
26 13    -0.05858506    -0.06661361
26 14     0.04225365     -0.2935421
26 15     -0.3773006     0.04819833
26 16      0.2470221    0.006525111
26 17     -0.1657723     -0.1680299
26 18      0.1714967      0.3045934
26 19     -0.2987351     -0.2516568
26 20     -0.3088249      0.3095629
26 21     0.09052254     -0.3348399
26 22     -0.2449878     -0.2289409
26 23      0.1571837      0.1039604
26 24     -0.1289137     -0.3857317
26 25     0.01593092     -0.2534085
26 26     0.08208536    -0.06116463
27  0     -0.1824517              0
27  1     0.03566608    0.005657853
27  2    -0.05648235      0.1455688
27  3      0.0495612     0.05213428
27  4    -0.04598931      0.2909517
27  5     -0.2379122      0.2273385
27  6      0.1444757      0.2393064
27  7     -0.1219054      0.1279596
27  8      0.1503953    -0.09869964
27  9      -0.425648      0.2783208
27 10      0.1095712      0.2464243
27 11      0.1367856      0.1845777
27 12     0.04062205       -0.11616
27 13      0.1984518     -0.1270573
27 14     -0.3387007      0.1230151
27 15    -0.08936591      0.1226714
27 16    -0.09505662    0.005603175
27 17     -0.3496457      0.1037658
27 18     -0.2476593     0.03932878
27 19    -0.05980936    -0.05298845
27 20      0.1605217     -0.2537746
27 21     -0.1868247     -0.2581917
27 22    -0.01133112     0.06753487
27 23   -0.004138511     -0.3190593
27 24      0.2213498     0.09814122
27 25     0.01919679      0.2831605
27 26        0.33983      0.5553692
27 27       -0.14129  -0.0008871424
28  0     0.06293427              0
28  1     -0.1627866      0.2162246
28  2     0.02765756     0.04721297
28  3     0.08990087       0.123952
28  4     -0.1061889      0.3706191
28  5      0.1233288     0.02849035
28  6      0.1538595    -0.04081602
28  7    -0.06855001       0.228081
28  8    -0.06961336    -0.01144386
28  9     0.04431754     0.05290534
28 10    -0.03857677      0.1109389
28 11      0.1419005      0.1496807
28 12    -0.05527831      -0.129588
28 13      0.1460718     0.02536195
28 14     -0.0763747     -0.1323791
28 15     0.01892499     -0.2987937
28 16     -0.1297791      0.2290162
28 17      0.2023232      0.3339165
28 18      0.2374816      -0.131035
28 19     -0.0437087     0.03569657
28 20     -0.2524949     0.04656598
28 21      0.1042136      0.2397834
28 22      0.2059323      0.2445945
28 23       0.228203    -0.04839725
28 24      0.2169318      0.1124632
28 25     -0.2657079    -0.05890257
28 26    -0.05445938    -0.01574823
28 27      0.2071351       0.224526
28 28       -0.19619    -0.07064936
29  0    -0.09703279              0
29  1      0.1748793      0.1190118
29  2     -0.2121406    -0.09113062
29  3    -0.02454836    -0.08969573
29  4     -0.2633352   -0.005372258
29  5     -0.2974731     0.05233892
29  6      0.3316106     -0.2246864
29  7     -0.1146475     -0.1920113
29  8      0.0957495       0.262495
29  9    -0.04640698     0.07407475
29 10     -0.2633195      0.1719326
29 11    -0.08877837    -0.05209498
29 12     -0.1627555         0.2369
29 13    -0.06831737     -0.1287059
29 14    -0.01557686      0.2415285
29 15      0.4829281     -0.3571231
29 16     -0.2172055    -0.07003962
29 17       0.124867      -0.153746
29 18     -0.2285815      0.1420581
29 19      0.2341249      0.2021273
29 20      -0.103273     -0.1794646
29 21      0.2060208      0.1147046
29 22    0.001722722    -0.01650676
29 23    -0.03137143   -0.005770791
29 24     0.07790055     -0.3039255
29 25     -0.1044155      0.1896546
29 26     -0.1309253    0.004354172
29 27    -0.07303853     -0.1342147
29 28     -0.1512872     0.06947812
29 29     -0.1483738    -0.03106031
30  0     -0.1006546              0
30  1    -0.08290993      0.2010781
30  2    0.004216471    -0.08559906
30  3      -0.211262     -0.2016242
30  4  -0.0008518985     0.03011035
30  5     -0.2673078      0.1470555
30  6    0.008894615      0.1895694
30  7     0.05621968     -0.1232966
30  8    -0.06734589    -0.08148509
30  9      0.2063706     0.03310272
30 10      0.1377157      0.2355679
30 11     0.02985432     -0.1351521
30 12     0.07211235      0.0547187
30 13     0.02253575    -0.07747605
30 14      0.1780186      0.2198745
30 15    -0.04527419    -0.02743808
30 16      0.1340719     -0.3135639
30 17     -0.1380336     -0.1762574
30 18    -0.09254324    -0.06347753
30 19     -0.1895866     -0.1465923
30 20     -0.2597712      -0.015271
30 21    0.004817653     -0.1708985
30 22     0.01562822     0.06235629
30 23      0.2000921     0.03139818
30 24    -0.05776728    -0.04721098
30 25     -0.0716802    -0.03344195
30 26      0.1517534     -0.2244798
30 27      0.2936257     0.02721534
30 28     0.04015443     -0.3067544
30 29     -0.1778556      0.1381793
30 30      0.1360294     0.07635739
31  0    -0.04592195              0
31  1     -0.2346146     -0.1562426
31  2    -0.05293425     -0.2684977
31  3     -0.1281924     -0.0941052
31  4     -0.3389721     -0.1087973
31  5    -0.07192752      0.3996097
31  6    -0.06381644      0.2624358
31  7      -0.106704      0.1908484
31  8     -0.1473972     0.03662493
31  9      0.2665273     -0.1383326
31 10    -0.02984362    -0.01603493
31 11     -0.1139043      0.3462544
31 12    0.005056691       0.292073
31 13     0.06083458      0.1903263
31 14    -0.06445164     -0.1618301
31 15     0.03701651       0.183268
31 16       0.015462     -0.3048493
31 17     -0.2362788      0.3165475
31 18      0.2710784      0.1118346
31 19      0.1199199      0.1363771
31 20     -0.3155679    -0.08897702
31 21      0.1475171   -0.009132962
31 22    -0.01130055     -0.1858072
31 23      0.0760206       0.150208
31 24      0.2398242       0.024769
31 25     -0.4149449    -0.06716685
31 26    -0.06652558   -0.002236858
31 27      0.2615323      0.2428541
31 28      0.1254119     0.05988775
31 29     -0.1611658    -0.03261694
31 30     -0.1048906     0.03907379
31 31     0.03209506     0.09142677
32  0    -0.08782938              0
32  1     -0.1447254   -0.006647771
32  2     0.08003133    -0.08642416
32  3     0.04204607     -0.2145623
32  4   0.0001968556    -0.00748897
32  5    -0.08706145      0.0843389
32  6       -0.19556     0.09808531
32  7    -0.05526174     0.05969309
32  8   -0.007978898     0.00835823
32  9      0.1722629     0.06864857
32 10       -0.16951      -0.287362
32 11    -0.02614804     0.04887755
32 12    -0.05766297     0.02849086
32 13     0.01847775       0.345252
32 14      0.2914707    -0.02858885
32 15     0.07530176  -0.0004807448
32 16     -0.2252784    -0.01208448
32 17     0.06310987      0.1599762
32 18    -0.03853562     0.07478133
32 19      0.1077664    0.007704586
32 20      0.1324441     -0.1766222
32 21     0.02780258      0.1298632
32 22     -0.1250893      0.0336505
32 23      0.1013811   -0.005216071
32 24     -0.1556265     -0.1707914
32 25     -0.1950844     -0.2534747
32 26    -0.01253693      0.4015557
32 27     -0.3796816    0.001965723
32 28     -0.1678189      0.3216636
32 29    -0.01702253     0.09040073
32 30     -0.2281063        0.10316
32 31     -0.0525577     -0.0445071
32 32     -0.1004688     -0.1966555
33  0    -0.01996123              0
33  1     0.08730073     0.06500409
33  2    -0.05329109     -0.1024086
33  3     -0.1646721     -0.2399669
33  4    0.009905862     0.09672784
33  5      0.0458372      0.1669814
33  6    -0.05029193      0.2113353
33  7      0.1359132    -0.08129914
33  8     0.04503493     -0.1622458
33  9     0.01605941     -0.0330921
33 10  -0.0007621472    -0.08760943
33 11     -0.2697222      0.1858611
33 12      0.1062959     -0.3006662
33 13     -0.2794327    -0.01850944
33 14    0.001543975     -0.2326192
33 15    -0.02253607     -0.2098305
33 16    -0.02110547     0.07761263
33 17    -0.01681608     -0.1227435
33 18    -0.09484098      0.1857052
33 19     0.03322683   -0.009228756
33 20     -0.1334499     -0.2042622
33 21     -0.3628236    -0.07641459
33 22      0.0744769    -0.04195404
33 23      0.1447203    0.002163489
33 24      -0.149851    -0.08262683
33 25    -0.02360559     -0.2229073
33 26     0.08143811     -0.1523486
33 27    -0.03266172    -0.04372181
33 28     -0.1494952    -0.06106721
33 29     0.01905239     -0.1556645
33 30     -0.1493844     -0.2720338
33 31     0.01337194    -0.01650927
33 32     -0.0751581     -0.1125105
33 33      0.1000897     0.05814463
34  0     0.01457819              0
34  1    -0.06293295      0.2224931
34  2     -0.2691607     -0.0612445
34  3    -0.05627693    -0.04213506
34  4    -0.06245521     -0.3704276
34  5     -0.1069286     -0.1387109
34  6   -0.005696395    -0.06787831
34  7     0.09338149     -0.1486323
34  8     -0.1322066     -0.2818463
34  9     -0.1527228     0.03117938
34 10      0.3022048     -0.1026218
34 11      0.0397369    -0.05669865
34 12     0.01153247     0.07057216
34 13    -0.03381207     -0.3651934
34 14     -0.2390357    -0.01787505
34 15     0.05287381    -0.03164495
34 16    -0.01393806     0.00736195
34 17      0.3722339    -0.02839798
34 18    -0.04104004     0.05686719
34 19    -0.09628388    -0.03432919
34 20      0.1043807    -0.06993172
34 21     -0.1670921     -0.1482095
34 22      0.2805932      -0.197826
34 23      0.1347752   -0.009763138
34 24    -0.06075532     0.05473634
34 25     0.05411443     -0.1818086
34 26      0.0731836      0.0147211
34 27      0.2182862      0.1527512
34 28     0.02474405     0.07701427
34 29       0.128571     0.05079816
34 30      0.4655892     0.04988997
34 31     -0.1675927       0.028045
34 32     0.05125385      0.1549482
34 33     -0.1274367      0.1257266
34 34     -0.1257746    -0.06380285
35  0     -0.1980615              0
35  1    -0.05564677    -0.05426284
35  2       -0.19928       0.133783
35  3     -0.1766104     -0.1059239
35  4      0.1076969    -0.01445001
35  5    -0.08217971      -0.212284
35  6     -0.1570187    -0.07104784
35  7    -0.03728651     -0.1425638
35  8    -0.08837403    -0.07817709
35  9     -0.1425353    -0.09677125
35 10       0.246694      0.1553419
35 11      0.1632701     -0.0531444
35 12      0.1070963     0.06298482
35 13     -0.2223875     -0.1573026
35 14     0.07589935      0.1788095
35 15    -0.02425891    0.002914187
35 16      0.0139451     0.09167056
35 17      0.1483946    0.006189604
35 18     0.07370858      0.1899386
35 19     -0.1163873      0.0141088
35 20      0.1692347    -0.05889917
35 21     0.05666406     -0.2539132
35 22    -0.06295784    -0.01963831
35 23     0.06886552     0.03452168
35 24     -0.1919559     -0.0909703
35 25      0.0908002     0.09559635
35 26      0.1457995    -0.07166199
35 27     -0.1404954     -0.1317227
35 28    -0.01595067     0.01484006
35 29      0.0399612     0.08052789
35 30    -0.07161473     0.08365761
35 31      0.1375575      0.2071192
35 32     -0.2275054      0.1887234
35 33     0.09784359     0.07457064
35 34    -0.09621493      -0.133987
35 35    -0.06993022      0.1742078
36  0      0.1959945              0
36  1     0.04598966    -0.08902889
36  2    -0.06899033    -0.07311438
36  3     -0.2723027     -0.2721717
36  4     -0.1340064     -0.1070391
36  5      0.1451271     0.04483906
36  6     0.04229692        -0.3025
36  7    -0.06229823      0.1422365
36  8     0.03523141    -0.06653402
36  9    -0.01157758    0.007703343
36 10     -0.1103744     -0.1005653
36 11     0.01860734     0.04920762
36 12     0.02007238     -0.0562177
36 13     -0.0548443    -0.04089894
36 14     -0.3500929     0.01851855
36 15   0.0006218535     0.05309331
36 16      0.1892955     0.08404258
36 17     0.04189324    -0.08147603
36 18      0.1016023    -0.05847579
36 19      0.1058556      0.1458926
36 20     0.03648672      0.1719369
36 21      0.1053476      -0.143287
36 22     -0.1104513     -0.1084924
36 23     0.03781181      0.2219674
36 24     0.05310367    -0.08132672
36 25      0.1016869     0.02348641
36 26      0.1602231    -0.07564485
36 27     -0.1777575      0.1090774
36 28     0.07737549    -0.01078324
36 29     -0.2606967    -0.08448313
36 30      0.1001764    -0.01307432
36 31     0.02031241     0.01198245
36 32     -0.1110841     -0.1302895
36 33      0.1472468     0.08163128
36 34       0.251683    -0.09376179
36 35    -0.03524031    -0.05265123
36 36     0.04348643    -0.04836651
37  0     0.03154184              0
37  1       0.098614     0.03856843
37  2     0.08402255      0.1400656
37  3    -0.04015185      0.1239756
37  4     -0.1912264      -0.127726
37  5      0.1093988      0.1584533
37  6     0.09314527     -0.2298917
37  7    -0.02165413     0.09153719
37  8     0.09332784     -0.0490851
37  9    -0.06999025      0.1681286
37 10    -0.04833694    -0.05571684
37 11       0.131572      -0.121622
37 12      0.1217305     0.05651594
37 13      0.2355867      0.1023253
37 14      -0.131061      0.1790845
37 15     0.02001728       0.183305
37 16      0.1744121     -0.1056918
37 17      0.3775242     0.03910347
37 18   -0.009701977     -0.1133399
37 19      0.1033303     0.09666222
37 20      0.2066993     0.04455899
37 21      0.1028293      0.2049932
37 22      0.0947682     0.01610239
37 23    -0.03117735    -0.09928524
37 24      0.1532506      0.1854211
37 25      0.1069268     -0.1453089
37 26    -0.09348384     0.09677298
37 27    -0.04529654     -0.1231023
37 28     0.04044904      0.1666129
37 29   -0.006958214     0.06575335
37 30      0.2534734    -0.04808052
37 31     -0.0270373      0.0813835
37 32      0.1835395     -0.1642296
37 33      0.1086583     -0.1929049
37 34      0.1181889    -0.08260761
37 35      0.2057062    0.001696178
37 36   -0.009044191     -0.0969047
37 37      0.1004099     0.07170805
38  0    -0.02186793              0
38  1    -0.03896045    -0.02038606
38  2      0.1544859     -0.2017772
38  3     -0.1771093      0.2500063
38  4    -0.08623876      0.1676674
38  5    -0.01392237       0.241711
38  6    -0.08356011      0.2205795
38  7     -0.0562602     0.03539469
38  8     0.03955753    -0.03690523
38  9    -0.01690657     0.05869463
38 10     0.08813139     -0.1327118
38 11     0.09388342     0.05234804
38 12    0.009995423     -0.1476685
38 13    -0.01989711      0.1915992
38 14       0.178192   -0.005986951
38 15    0.002484185      0.2942751
38 16     -0.1014227    -0.01026211
38 17    -0.02829286     -0.1145098
38 18      0.1331584    -0.03446634
38 19     0.05514455    -0.06714869
38 20     -0.1167151     -0.0122955
38 21    -0.05506303      0.1689326
38 22      0.2945088      0.1280004
38 23     -0.3092493    -0.05360432
38 24      0.3160826      0.1270999
38 25     -0.1200105     0.05052447
38 26     -0.0605622     0.01128563
38 27    -0.06220135    -0.04593036
38 28      0.2632149     0.01163491
38 29     -0.1389708     -0.1211779
38 30     0.06674583    -0.05995755
38 31      0.2363832     -0.0431634
38 32     -0.1711229    -0.02341754
38 33     0.01091503     -0.0152262
38 34      0.1142478     0.07983537
38 35     -0.1047031      0.1972024
38 36      0.1240755    -0.05844659
38 37    -0.08872306    -0.08654029
38 38     0.01481351    -0.04132409
39  0    -0.07824939              0
39  1      0.0562112   -0.005144245
39  2      0.1514979     -0.1640168
39  3    -0.04056127      0.1357539
39  4  -0.0006336289     0.05847673
39  5     0.06700362     -0.1653001
39  6     0.03149129     0.08854917
39  7     0.02830865     0.01664838
39  8      0.1898143     -0.1176612
39  9     -0.1258484     -0.2264346
39 10      0.1437182      -0.147622
39 11    -0.04973573    -0.08139463
39 12      0.1658286    -0.01648074
39 13     0.07631859      0.2618942
39 14     -0.1412008    -0.04421229
39 15    -0.01303716    -0.06593318
39 16     0.02714013     0.01189029
39 17     -0.2273639   -0.003337326
39 18      0.1009091      0.1175192
39 19    -0.09820671     -0.1863327
39 20    -0.05528357     -0.0707987
39 21    -0.09819304       0.099264
39 22    -0.02282499    -0.04245687
39 23     -0.1395127    -0.05619223
39 24     -0.1203312     -0.1557631
39 25     0.08710616    -0.03535122
39 26   -0.002346343     0.02282437
39 27     0.03220537     0.02098421
39 28      0.1600202     0.05895532
39 29     0.04818827    -0.08823761
39 30     0.04995364       0.205399
39 31    -0.01591604    -0.01314042
39 32      0.2486977     0.02264421
39 33     -0.1553166     0.04709751
39 34     -0.1413502    -0.02716175
39 35      0.1231021     -0.0195998
39 36      -0.142459     0.02766018
39 37     -0.1242955   -0.002194848
39 38     -0.0547283     -0.1548037
39 39    -0.06734206     0.06204288
40  0     -0.1404038              0
40  1     -0.3101406     -0.2579111
40  2     0.05802279    0.006796174
40  3    -0.03207976    -0.03802747
40  4      0.2034313     -0.1200444
40  5    -0.04744905     0.03401465
40  6      0.2667868   -0.009986579
40  7     0.05861928     -0.2518582
40  8      0.2498731     -0.1525118
40  9     -0.1376713     -0.1697438
40 10    -0.06963676       0.138093
40 11     -0.1327176   -0.008214056
40 12      0.2217833    -0.03866172
40 13    -0.03257335    -0.01576136
40 14     0.07410733     -0.1552249
40 15   -0.005469574     -0.1812728
40 16     -0.1402374    -0.04030387
40 17       0.103156     -0.1319911
40 18     0.04152576    -0.05726084
40 19    -0.08960079    -0.02523112
40 20    -0.01983916      0.1955997
40 21     -0.1367741     0.05470365
40 22     0.03148831     0.04579691
40 23      0.1554733     0.04984834
40 24    -0.05622478    -0.01033696
40 25      -0.172389     0.04292387
40 26      0.2454592      0.2401332
40 27      0.2440865    -0.07478298
40 28      0.1257825   -0.005106749
40 29    -0.01645947   -0.003270887
40 30     0.05798822      0.1039727
40 31     -0.1134112      0.2561942
40 32       0.136251      0.1461636
40 33      0.1170466      0.1021447
40 34    -0.08680515     -0.2909605
40 35     0.08808594    0.008843919
40 36       -0.16091   -0.009628607
40 37    -0.05565791      0.0690091
40 38     0.06910755    -0.08024601
40 39     0.04869805      0.1570722
40 40     -0.0406485     0.05724698
