# Rayleigh 60 s group velocity model
# from Larson & Ekstrom (1999), for more information, see
# http://www.seismology.harvard.edu/projects/surfwave/LE99-Pageoph
# Spherical harmonics, columns are: l m Alm Blm
 0  0          4.251              0
 1  0      -1.119303              0
 1  1      0.9596508       1.619353
 2  0     -0.4190741              0
 2  1       2.460319       4.155149
 2  2       5.153912     -0.2656255
 3  0      0.5854539              0
 3  1      -1.489902        1.40216
 3  2      0.8671548      -1.475268
 3  3       3.001597       3.573138
 4  0      0.1904248              0
 4  1      -1.966193     -0.8047128
 4  2     0.08589052     -0.2479516
 4  3       2.134136      -0.881613
 4  4    -0.04827937       1.118641
 5  0      0.5173758              0
 5  1      -1.446621      -1.083423
 5  2      -2.314149      0.1028512
 5  3        1.08875      -1.022929
 5  4      0.6150587      -2.708553
 5  5      -1.279995     -0.9981652
 6  0     -0.3655573              0
 6  1      0.3981457     0.04830321
 6  2       -1.32624       2.089766
 6  3     -0.7077635     -0.1398646
 6  4      -0.959776       1.510749
 6  5      -2.345167     -0.8605202
 6  6     -0.7348304     -0.3586949
 7  0     0.05075898              0
 7  1      0.5730867     -0.7948489
 7  2    -0.08744004      -0.144425
 7  3      0.7490378     -0.4875264
 7  4       0.208047       1.155766
 7  5       0.125049       1.264708
 7  6        1.48859       -1.53793
 7  7     0.06007624     -0.2936674
 8  0     -0.3739498              0
 8  1    -0.08446877      0.8465791
 8  2      -2.096749    -0.09899753
 8  3     -0.4807855      0.0539699
 8  4      0.8578035     -0.5448147
 8  5    -0.07818426      0.5683461
 8  6     -0.9341041     -0.2367209
 8  7       1.938267      0.5489736
 8  8      0.7112975      0.2523683
 9  0      0.4634481              0
 9  1      0.8038036      0.9079718
 9  2     -0.2785066      0.1477196
 9  3      -1.603893     -0.1896144
 9  4       0.034879    -0.05503975
 9  5      0.6252455     0.05060096
 9  6      0.2278327      -1.000096
 9  7     -0.5735664      -2.043509
 9  8      -1.089533      -1.115695
 9  9     -0.2797053      0.2825149
10  0     0.01055044              0
10  1      0.9792661     -0.4902255
10  2      0.9132804    -0.02517721
10  3      0.1316292     -0.3864619
10  4      0.6163326     -0.3608289
10  5     -0.2749593     0.07908319
10  6      0.2088896      0.0188496
10  7     -0.3575707     0.01311778
10  8     -0.5449458      0.1356075
10  9    -0.01231432       0.993018
10 10     -0.7372136      0.3547334
11  0      0.4726637              0
11  1     0.09624619    -0.03077111
11  2     0.05063523     -0.2791368
11  3     -0.7075542     -0.6678504
11  4     -0.5979143      0.6217431
11  5       0.546509       1.080374
11  6      0.3641625      0.1786651
11  7     -0.8422868     -0.1813999
11  8     -0.6068411     -0.5727381
11  9     -0.3987716       1.225174
11 10     0.08246716      0.3050335
11 11      -0.398448     0.00522565
12  0     -0.1018463              0
12  1     -0.4132382      0.1901266
12  2     0.03167139     -0.5183285
12  3     0.06146443     -0.2618504
12  4    -0.02549874       0.642522
12  5      0.3013951     -0.4696642
12  6      -0.460584       0.865091
12  7     -0.3240692      0.3721883
12  8     -0.2058933     -0.2761145
12  9       1.087905      0.5687463
12 10     -0.2632662      0.9407399
12 11      0.4606635     -0.1514528
12 12     -0.2460039      0.3469317
13  0     -0.2729124              0
13  1     -0.2152712    -0.08810811
13  2    -0.05970431      0.2765662
13  3      -0.215301      0.5014632
13  4     -0.1418093     0.05705698
13  5      0.3052691     -0.2418282
13  6      0.1365658      0.2080749
13  7   -0.006483313     -0.6276383
13  8      0.1652008     -0.2926745
13  9      0.2575709       0.348875
13 10      0.2777774      0.2096994
13 11     -0.1317153     -0.2966613
13 12      0.1099562       -0.29379
13 13     -0.5075228      0.4154074
14  0     0.09514606              0
14  1     0.02876731      0.4982607
14  2      0.5916091    -0.05951986
14  3      0.4065871     0.09872966
14  4     -0.4050483    -0.01872304
14  5     0.00872063     0.05817333
14  6      0.5587568    -0.05138589
14  7      0.3043937    -0.09397036
14  8     -0.1044258     -0.3500336
14  9      0.2669106      0.2481989
14 10     0.09193896     -0.1494288
14 11     0.01711688     -0.3551652
14 12      0.1182221      0.2469975
14 13      0.5820383     0.08053086
14 14      0.5399157      0.3890453
15  0     0.01382565              0
15  1     -0.0194451    -0.06327173
15  2    -0.01564014      0.2038579
15  3      0.5246149      0.4171076
15  4     0.08872515      0.1126868
15  5    -0.07535819     -0.1020671
15  6     0.03166361     0.09136518
15  7      0.2663068      0.4795839
15  8      0.2161352     -0.2514752
15  9      0.0208891      0.2312214
15 10     -0.2272646     -0.1893023
15 11     -0.1258061     0.05408273
15 12    -0.06730352     -0.4226191
15 13     -0.1896113     -0.2538224
15 14     -0.1252829     -0.1555915
15 15    -0.01809631     0.02546315
16  0      0.1203619              0
16  1      0.1604132      0.1427016
16  2     -0.2137241     -0.2724151
16  3     -0.3687237     -0.2976937
16  4     -0.1240094     -0.0218919
16  5      0.2256439     -0.0223884
16  6      0.2872825      0.2828976
16  7      -0.183305       0.105094
16  8     0.02868007     0.05497003
16  9     -0.2106672      -0.297862
16 10    -0.06436212    -0.09584311
16 11      0.3507976      0.4551059
16 12      0.0800929     -0.2521509
16 13    -0.02447548      0.1178255
16 14      0.2728521      0.1545828
16 15      0.2420417    -0.08245498
16 16    0.003160772    -0.07103174
17  0     0.02696247              0
17  1     0.02493183     -0.2389812
17  2      0.1451025      0.1147592
17  3      0.2992467      0.1716977
17  4      0.1514084      0.1648996
17  5     -0.2488671     -0.3284751
17  6     -0.1151766     -0.1468797
17  7       0.269246    -0.07417418
17  8     -0.2356651      0.1281438
17  9     -0.3684206     -0.1672099
17 10      0.4913941     -0.3613081
17 11     -0.1743956      0.4328017
17 12     -0.4447142     -0.2053219
17 13      0.2392116     -0.2234517
17 14     0.03852899    -0.09013807
17 15     -0.1086581      0.3950927
17 16       0.561583     -0.0997612
17 17      -0.230571     -0.2258054
18  0     0.07130608              0
18  1     0.01958385     -0.2620445
18  2     -0.1674411     -0.2335049
18  3   -0.008578432    0.001955943
18  4     -0.2913021    -0.00889626
18  5    -0.06231501     -0.1148572
18  6     0.05690697     0.02719237
18  7     -0.1497293    -0.06435762
18  8     0.03135131      0.2254611
18  9     -0.1474405      0.1215011
18 10     -0.1356896     -0.1080345
18 11    -0.03127915     -0.0213827
18 12     0.07783599     0.01919653
18 13    -0.04963463    -0.09637223
18 14    -0.02163336      0.1667649
18 15     0.04427184     -0.2926477
18 16     -0.2942602    0.001020405
18 17     0.01811369     0.09794393
18 18      0.1881504     -0.1042359
19  0    -0.06433664              0
19  1    -0.06681528      0.1336114
19  2     0.03980165    -0.07225091
19  3     -0.1390912       0.155691
19  4   -0.005571155     -0.2570395
19  5      0.2282848      0.2461702
19  6     0.00251222      0.1310524
19  7     -0.1073411    -0.02813535
19  8     -0.1948247     -0.1051783
19  9     -0.1209009     0.04647275
19 10      0.3089996     -0.1222234
19 11      0.3033112     0.08324104
19 12     0.05432464       0.157288
19 13      0.1829687     -0.1598192
19 14     0.01953321    -0.06199989
19 15     -0.1148368      0.1937772
19 16      0.1037945     -0.2897667
19 17      -0.377623     -0.2874487
19 18     -0.2817117      0.1891259
19 19     -0.2874756      -0.163849
20  0     0.01011033              0
20  1      0.1975625     0.03816679
20  2    -0.06258639      0.1549294
20  3    -0.08332495      0.1294693
20  4     -0.1792335      0.1092219
20  5      0.2208582    -0.06732681
20  6     -0.3738063     -0.0976828
20  7    -0.01457842      0.3867849
20  8       0.154953      0.1227243
20  9      0.2621649     0.03246862
20 10    -0.02438446      0.2017863
20 11     0.05683255     0.01641617
20 12    -0.01768578       0.064767
20 13     0.09644932    -0.07785408
20 14      0.1646608    0.001879022
20 15    -0.04860225     -0.2966203
20 16     -0.1582321      0.1984517
20 17    -0.06087536     -0.1396599
20 18    -0.04344444      0.1778462
20 19     -0.3330088     -0.1086582
20 20     -0.2834266     -0.1961736
21  0     0.01415976              0
21  1       0.118304      0.2273909
21  2      0.2514408    -0.06295064
21  3     0.08930638       0.283265
21  4     -0.1848774      0.3257539
21  5    -0.08535477    0.009924979
21  6      0.2470043     -0.0958547
21  7      0.1275822     -0.2495046
21  8      0.2949613      -0.126487
21  9    -0.03122913      0.1718578
21 10      0.2108177    -0.04914483
21 11     0.06957742     -0.3311279
21 12      0.1191754     0.08043624
21 13     0.01950126      -0.192603
21 14     -0.3206438      0.1799767
21 15      0.1067129    0.004065498
21 16     -0.2164145    -0.01981558
21 17     -0.2031286      0.1761132
21 18    0.005467472    -0.01819162
21 19     -0.2558462      0.1376317
21 20     0.03597561     -0.1155616
21 21     -0.2325835    0.005377726
22  0     0.07964922              0
22  1     0.09698644      0.2758445
22  2      0.1465581    -0.01159911
22  3      0.2051711       0.138591
22  4      0.2700433     0.03822123
22  5     -0.2550705     -0.3383666
22  6     -0.0892447     0.02286613
22  7     0.05196017     -0.1842704
22  8      0.1639008    -0.06057591
22  9     0.08773898      0.1043121
22 10     -0.1464113     -0.1775053
22 11    -0.06364804     -0.3673391
22 12     -0.2440596      -0.233914
22 13     -0.4037175      0.0646392
22 14     0.02326103     0.08707958
22 15       0.157355  -0.0001829007
22 16      0.1188156    -0.06444807
22 17     0.04171869      0.0720524
22 18      0.2021554     0.09881318
22 19    -0.01341012    -0.09039187
22 20    -0.05563096    -0.04595861
22 21      0.2467044      0.1037279
22 22      0.1103319     -0.2272439
23  0     0.06442293              0
23  1    -0.09185863       0.243161
23  2       0.240262     0.03796176
23  3     -0.1515239     -0.1240854
23  4      0.1712275     -0.1049748
23  5     0.02838119     0.02677599
23  6     0.04709408     -0.0736523
23  7     -0.2497597     -0.3906655
23  8     -0.1264893      -0.204089
23  9      0.2396064     0.08023982
23 10     -0.3023013    -0.00327979
23 11     -0.1490644      0.1362973
23 12     -0.2142129     -0.1043589
23 13      0.1314667     -0.1436247
23 14     0.01579327     0.02988397
23 15     0.04816976     -0.1006278
23 16    -0.07548834     -0.1037788
23 17    -0.05789021   -0.005184227
23 18    -0.02167783      0.1307124
23 19     0.01093787      0.2171312
23 20     0.02266462      0.1264492
23 21    -0.02936256     0.03679385
23 22      0.5046562     -0.1130377
23 23     0.07344505     0.09117724
24  0    -0.02198178              0
24  1     0.08513075     0.05564025
24  2      0.1212333     0.02127175
24  3      0.1333968    0.007796132
24  4    -0.02184454     0.05126211
24  5     0.03200428     0.08125402
24  6     -0.1667442     -0.1012804
24  7      0.2131374     -0.1057975
24  8     -0.2084145     -0.1495328
24  9     -0.1402865     -0.1789637
24 10    -0.07166883     -0.1174788
24 11     0.07323809     0.07983084
24 12     -0.3328236      0.3169957
24 13     0.06182467      0.2195418
24 14      0.3390925    -0.01955933
24 15     -0.1024222    -0.04593911
24 16     -0.2968178     0.01543701
24 17    -0.09754461      0.1430076
24 18    -0.02132477     0.07645798
24 19      0.1920914     0.05723632
24 20     -0.1206925      0.1743798
24 21     -0.1730418     -0.1032391
24 22     -0.3382865     0.02217953
24 23      0.1234855      0.1601693
24 24     0.07864269     0.09872338
25  0    -0.07957343              0
25  1      0.1066621      -0.276863
25  2     -0.1081403    -0.01435576
25  3    -0.04887383     -0.1189169
25  4     0.09789756    0.007501339
25  5     0.01291249    -0.09858861
25  6     -0.1338141    -0.01976492
25  7     0.01659426     -0.0163423
25  8     -0.1648027     -0.1598354
25  9     -0.2426385      0.1580491
25 10     0.02291902      0.2017208
25 11     0.09956393    -0.09814753
25 12    -0.06514321     -0.2450131
25 13     0.01449315     -0.2667259
25 14     0.07291003      0.3166524
25 15     0.01500686    -0.02785283
25 16      0.1408146      0.1098233
25 17     -0.0182956     0.08847703
25 18    -0.07872774     0.08669358
25 19     0.03236485     -0.1871284
25 20    -0.05110041     0.08715872
25 21     -0.1619729     -0.1490308
25 22     0.02146968     0.06041445
25 23     0.09828241    -0.04133006
25 24      0.1667755     -0.0137943
25 25   -0.008771172     -0.2939058
26  0   -0.009735486              0
26  1    -0.02182867      0.1371567
26  2     0.07437637     -0.1982299
26  3     0.07805313    -0.07854415
26  4    -0.04808314       0.101866
26  5    -0.03892836     0.04238454
26  6     0.03615673     0.01413742
26  7    -0.06242362    -0.04636776
26  8     0.04983822    -0.04629813
26  9    -0.04448308    -0.07966598
26 10      0.2393203    -0.07532717
26 11    -0.01701035      0.1196617
26 12      0.1400132    -0.01578583
26 13      0.0340976    -0.08844288
26 14    -0.05081085    -0.02676481
26 15      -0.023028     0.07240148
26 16      0.1454078    -0.06626084
26 17     0.03769775    -0.02328716
26 18     -0.1127646     0.04976749
26 19    -0.06085989    -0.02641658
26 20     -0.1231902     0.03036963
26 21      0.1650657    -0.05857432
26 22     -0.2887521     -0.1722912
26 23      0.2404927    -0.09501256
26 24     -0.1025354    -0.09589248
26 25   -0.008646655    -0.03403929
26 26     0.07532868     0.09353493
27  0    -0.09758332              0
27  1     -0.0997573      0.1479812
27  2     0.07071448      0.1396131
27  3      0.1337726      0.1208447
27  4    -0.07426599    -0.08643805
27  5     0.05418072     0.06570513
27  6     -0.0165147      0.1388167
27  7    -0.01395458      0.1923601
27  8    0.008489725    -0.09832038
27  9     -0.1067005      0.1717129
27 10     0.09031044   -0.009965401
27 11      0.0383934     0.05457307
27 12     0.09952015     0.09329584
27 13     -0.1234964      -0.035586
27 14    -0.07976429    -0.04345953
27 15   -0.003858389    -0.01344132
27 16     0.02723201     -0.1611961
27 17     0.03646616     -0.1137986
27 18    -0.06747597    -0.01421042
27 19      -0.129548    -0.01642153
27 20    -0.07924445    -0.09319657
27 21      0.1486155     -0.1041577
27 22      0.3230142     0.02872365
27 23     0.04376858     -0.1357051
27 24      0.1624046      0.1925392
27 25     0.06932384     -0.1095554
27 26   -0.004077161      0.1055078
27 27   -0.004497939     -0.0418178
28  0     0.01136781              0
28  1     0.05286922     0.09110433
28  2   -0.007736904    -0.01570077
28  3     0.04219407      0.1800138
28  4    0.003590114     0.02780227
28  5      0.2505067     0.05219474
28  6    -0.08409131    -0.04792392
28  7     0.03091209     -0.0482166
28  8     -0.1389566      0.1339211
28  9     0.02869378     0.04521768
28 10    -0.04408003     -0.1162861
28 11    -0.09514237     0.05045791
28 12     0.08960744      0.1081594
28 13      0.1329014     -0.1187072
28 14     0.05331634    -0.02528885
28 15     -0.2166276     -0.2047053
28 16     -0.1538775      0.3586077
28 17      0.1785063   -0.007382676
28 18     0.00193745      0.3304839
28 19     0.01021791      0.1387236
28 20     0.01702252     -0.1372561
28 21       0.199072    -0.02205672
28 22      0.1098003      0.1003973
28 23     0.02962803    -0.06767063
28 24     0.08667299      0.1623794
28 25     -0.1313943     -0.1080687
28 26     -0.2035232    -0.08083309
28 27    -0.01128304      0.1142433
28 28     -0.1145262    -0.07470113
29  0     0.06187674              0
29  1     0.05230486      -0.126551
29  2     -0.1364454     0.05600426
29  3     -0.1622402    -0.05104869
29  4     0.09855522     0.01245064
29  5     -0.2257389     -0.1706243
29  6      0.2452645     0.08814915
29  7    -0.04481128    -0.04037936
29  8   0.0003493689      0.1056323
29  9    -0.08708544      0.2191625
29 10     -0.1544536     0.06242592
29 11     0.04900418     -0.1143711
29 12     -0.2060324    -0.02835571
29 13    -0.08748402     0.06962771
29 14      0.1204945      0.0612701
29 15      0.1887109    -0.03871667
29 16     -0.2814358    -0.04525044
29 17    0.006903943    -0.09876593
29 18      0.1124026      0.1633229
29 19     -0.1467799      0.2403417
29 20     0.00144888     -0.3046718
29 21    -0.09878109    -0.02864394
29 22    -0.01043951    -0.02591407
29 23     0.08903018     0.08476705
29 24      0.1391904     -0.0653038
29 25     0.05381856        0.14593
29 26      -0.196316    -0.03140913
29 27     0.05723961     -0.1412088
29 28      0.1040725      0.1259698
29 29     -0.1336494     0.01026234
30  0     -0.1353921              0
30  1     0.02393481     0.06587954
30  2      0.2053722      0.1528878
30  3    -0.03191814     -0.2669615
30  4     -0.1531978   -0.009844627
30  5    -0.01160579      0.0190483
30  6     0.01268547      0.0244552
30  7      -0.065746      -0.112163
30  8      -0.201524     -0.1736539
30  9      0.1179789    -0.01679205
30 10     0.09241579     0.07169174
30 11     -0.1250413     -0.1807559
30 12     0.04505135     0.03651857
30 13    -0.03413341     -0.1507744
30 14     0.07440534    0.008841768
30 15    -0.06025866    -0.04207872
30 16     0.07756075     -0.1977102
30 17     -0.1791653     -0.1377467
30 18     0.05825211      0.0935946
30 19     -0.1356051     -0.1088736
30 20    -0.04809955     -0.1329759
30 21    -0.04548152    -0.08907732
30 22     -0.1714832   -0.003659114
30 23     -0.0545621    -0.05809991
30 24     -0.1277876      0.1181634
30 25    -0.09342922     -0.1398129
30 26     0.01894811    -0.05120438
30 27     -0.1059329     0.04259615
30 28     0.03427361    -0.09765459
30 29      0.1058542    -0.01801671
30 30    -0.09404063    -0.06700768
31  0     -0.1585417              0
31  1    -0.03190068     0.04654001
31  2    -0.03542237     -0.1471525
31  3     0.01349349     0.05868287
31  4    -0.02271137     -0.0368604
31  5    -0.08545626     0.02872437
31  6    -0.06783898      0.2184302
31  7      0.1052778     0.06628627
31  8    -0.08467817     0.04228042
31  9      0.2075478    -0.02920425
31 10     -0.0938881       0.149369
31 11     -0.1706609      0.1698802
31 12    -0.05601262     0.01880933
31 13     0.06581575     0.04150863
31 14     0.04702341      -0.218117
31 15     0.03010031      0.2298438
31 16      0.1149024     -0.1898215
31 17   -0.002620589     -0.0752686
31 18     0.01086716     0.08280759
31 19    -0.06033064    -0.01428732
31 20    -0.02600908     -0.1110366
31 21     0.02189627      0.1021997
31 22      0.1247767     0.04333554
31 23      0.1617059     -0.0394081
31 24    -0.01415138      0.1567176
31 25     -0.0147435     0.05110911
31 26    -0.03645993    -0.06676389
31 27      0.1184593     0.09251699
31 28     0.03014187     0.09770795
31 29     0.01566339    -0.06558771
31 30    -0.07651287     -0.2023349
31 31      0.0250562    -0.02810413
32  0    -0.05280496              0
32  1    -0.07527231    -0.09549421
32  2      0.1031982     0.03607285
32  3    -0.06058978      0.1811092
32  4    -0.08785811     0.02386276
32  5     0.05825642   -0.008694358
32  6     -0.1713984     0.05092115
32  7      0.1913181    -0.04899756
32  8    -0.01110498      0.1080194
32  9     0.07132847     0.02278068
32 10       0.059521     -0.1307061
32 11     -0.1847706     0.08451221
32 12     0.07566238     0.05781575
32 13     0.02228099     0.08667646
32 14      0.2478385    -0.07636387
32 15    -0.08381797     0.01910845
32 16    -0.05936219     -0.2174654
32 17   -0.002535653    -0.05364069
32 18     0.04799176      0.1994045
32 19     0.05609185    -0.07676913
32 20     -0.1197318     -0.1198301
32 21     -0.1137873     0.03105644
32 22    -0.04736787     0.01016159
32 23      0.1429916     0.08958638
32 24      0.1963381      0.1976779
32 25      0.0453838    -0.08046634
32 26    -0.09723802     0.07019613
32 27    -0.08551919   -0.007701838
32 28     -0.1514094     0.05414677
32 29     -0.3025349      0.1032987
32 30     -0.0418724      0.1686658
32 31     -0.1073734      0.1413389
32 32     -0.1048956    0.008167568
33  0     0.03834069              0
33  1     -0.1190044    0.002117129
33  2    -0.01000184     -0.1385168
33  3     -0.1082231     -0.1000948
33  4     -0.1099841     0.01282116
33  5     -0.1179003    0.007610515
33  6     -0.1048152     0.05716942
33  7     0.01953577     0.05281302
33  8    -0.09528438     -0.1378673
33  9    -0.05448984   -0.002871891
33 10     -0.1201541     -0.1400535
33 11     -0.1618779      0.1104318
33 12     0.06339809     -0.1879304
33 13     0.04005321     -0.0451019
33 14     -0.1013358    -0.07212105
33 15    -0.02041644    -0.08644305
33 16     -0.1258551     -0.1067905
33 17      0.1005562    -0.09191421
33 18     0.02807915      0.0193704
33 19   -0.006402484     0.07447959
33 20    0.004533134      0.1211736
33 21     0.02022807    -0.04678003
33 22     -0.0137727     0.02710798
33 23     -0.1467372   -0.007179818
33 24     -0.2102059    0.007378098
33 25    -0.01514533    -0.01415781
33 26    -0.03371422     -0.1069819
33 27    0.007512033    -0.05043172
33 28     -0.0432446     0.06975524
33 29     0.06195188    -0.01365576
33 30     -0.1533303    -0.03353781
33 31    -0.04491762     0.03780642
33 32      0.1379407      0.1363442
33 33    -0.06633469     0.07049216
34  0    -0.05939271              0
34  1     -0.1701639   -0.007676416
34  2     -0.1052633    -0.09768293
34  3      0.1091285     0.07540856
34  4      0.1411702    -0.04175334
34  5    -0.03562327     -0.1265791
34  6   -0.008270375      0.1307291
34  7     0.03643601     -0.1317836
34  8      0.0074171    -0.04377739
34  9     0.01245447     0.02266606
34 10     0.09837891     0.09157624
34 11     0.03753743     0.00129122
34 12     0.05746165     0.03985766
34 13    -0.03337776   -0.002885917
34 14     -0.1310311     -0.0258812
34 15     0.02592379    0.004858273
34 16     0.06222035      -0.031627
34 17     0.08199424     -0.1305696
34 18       0.103616      0.0304794
34 19      0.1134204    0.006651055
34 20     0.01423743   -0.009614161
34 21   -0.006586744  -0.0002594399
34 22      0.1562844     0.01758835
34 23     0.06309627     0.05446556
34 24    -0.06598792      -0.106032
34 25      0.1353247     -0.1785727
34 26     -0.1502167   -0.003568287
34 27     0.04874818     0.08934793
34 28     0.04808385     0.08133777
34 29     0.09643627     -0.1421048
34 30      0.1561954     0.01785128
34 31      -0.173727     -0.1188613
34 32      -0.104123    -0.09697657
34 33      0.0732372    -0.02627575
34 34    -0.05740042     0.03578787
35  0    -0.03432206              0
35  1    -0.07952144    -0.02089575
35  2     0.03750049   -0.003085698
35  3     0.03885867      0.0827406
35  4      0.1421514     0.09882467
35  5   -0.005039701     -0.1863219
35  6    -0.02170187    -0.04245203
35  7     0.04991757   -0.003964597
35  8    -0.07744187     -0.1191193
35  9    0.004015458     0.05395029
35 10       0.137319     0.05365168
35 11    -0.01394828    -0.05034644
35 12     0.04909967     -0.0426859
35 13     0.05855102    -0.05656337
35 14     0.05787265     0.08221827
35 15     0.05122334    -0.04286648
35 16     0.09377213     0.04860262
35 17     0.07184289     -0.1026064
35 18       0.167971      0.1315418
35 19    -0.07445244     -0.0258158
35 20    -0.01021286     0.01489546
35 21     0.07417049    -0.04685924
35 22     -0.1962782    -0.04961542
35 23     -0.0879266     -0.1373379
35 24     0.04407381    -0.00786178
35 25     0.09106138     0.01874113
35 26     0.04468482     -0.1380832
35 27     0.02887831    -0.03893107
35 28    -0.04729212      0.1227179
35 29     0.02641334      0.1104164
35 30    -0.03134754   0.0006018169
35 31     0.05017145     0.01409215
35 32    -0.05299902      0.1433732
35 33     0.08608593      0.0418628
35 34    -0.08145346    -0.05415824
35 35     0.02609771     0.06300677
36  0    0.004236197              0
36  1     0.08307633     0.03429644
36  2    -0.05554949    -0.09363247
36  3     0.01279543    -0.06498984
36  4    -0.04702725      0.1038205
36  5     0.09380684     0.07198317
36  6   -0.004302063      -0.117251
36  7     0.06034812     0.04914891
36  8    -0.04931812   -0.005378005
36  9      0.0869289    -0.03709133
36 10     -0.1011295      0.1655601
36 11      0.1142634     0.01080141
36 12    -0.08902521      0.0229827
36 13     -0.1778568     0.04397357
36 14     -0.1926287   -0.003601168
36 15    -0.09625116      0.1771562
36 16    -0.07654177     0.03517022
36 17     0.03096783    -0.01696514
36 18     -0.0676934     -0.1095697
36 19     0.03241432     -0.1478082
36 20     0.05992811     0.01377197
36 21      0.1057764     -0.0740826
36 22    -0.05096363    -0.05553391
36 23     0.02706488      0.2335703
36 24     0.03738214     -0.1318815
36 25    -0.03028751     0.02449561
36 26      0.0568819      0.1170681
36 27    -0.02270282        0.17254
36 28     0.06372473     0.02714285
36 29      -0.123327     -0.1075398
36 30      0.1455753     0.05998513
36 31     -0.1912453    -0.03524403
36 32     0.05673807     -0.1802123
36 33       0.132121     0.03880378
36 34    -0.03202436    -0.07195323
36 35      0.0130687    -0.02767425
36 36      -0.043373     0.01438235
37  0     0.02917568              0
37  1      0.1307135      0.1074542
37  2     0.02447957     0.06066937
37  3     0.04676592     0.08728035
37  4    -0.09802148    -0.04471709
37  5     0.09781419     0.09660528
37  6      0.0954349    -0.04926357
37  7     0.01919462     0.07676966
37  8     0.02211831     0.04665372
37  9     0.03885012     -0.1001038
37 10     0.08151509   -0.006010229
37 11    -0.03637157    -0.06247355
37 12      0.0357996     0.06044201
37 13    0.007910627     0.07077415
37 14     -0.0878276     0.01196801
37 15      0.1385052    -0.03392263
37 16     -0.1245346      -0.060368
37 17      0.1861244     0.01327288
37 18    0.009150233    -0.05690899
37 19       0.070912     -0.0970899
37 20     0.04781723    -0.01120773
37 21     0.02891815    -0.08084608
37 22      0.1132211     0.01189841
37 23   -0.002457067    -0.07090648
37 24      0.1407579   -0.008648395
37 25    -0.07135729     0.07700668
37 26    -0.04603188      0.1016567
37 27     -0.1457723    -0.04501553
37 28      0.1609725    -0.03376796
37 29    -0.01533813     -0.1018875
37 30      0.0633912     -0.1009517
37 31      0.1059922     0.04904792
37 32      0.1362074      -0.159736
37 33     -0.1028274     -0.1597166
37 34     0.09399004    -0.01102478
37 35     -0.1255089    -0.01358014
37 36     -0.0757454    -0.07562626
37 37    0.006138443    -0.01730245
38  0   -0.009996534              0
38  1    -0.01006961     0.04385346
38  2     0.04491596     0.08348561
38  3     -0.1306843     -0.0211065
38  4     -0.1613607    -0.07283897
38  5    -0.03318266       0.101572
38  6     -0.0766255     0.05827371
38  7     0.09093954      0.0649906
38  8     -0.1130618      0.1258922
38  9     0.06517017    -0.08279959
38 10      0.0569655     -0.1067424
38 11     0.06775573     0.09519799
38 12    -0.01149558      0.1074337
38 13    0.003721772     0.06325793
38 14    -0.06455401     0.03230553
38 15     0.08154329    -0.01281556
38 16     0.08522291    -0.07797663
38 17      0.1462748    -0.04245784
38 18      0.1101624    -0.05266765
38 19      0.1570465     0.01179384
38 20     0.09806947     0.05436626
38 21    -0.07882737   -0.003844119
38 22     0.06353829    -0.07827744
38 23     0.06411529    0.008867431
38 24      0.2419882    -0.01789214
38 25    -0.08733115      0.2187402
38 26    -0.04559791    -0.01238878
38 27   -0.006356672    -0.02214838
38 28    0.005002765      0.0040814
38 29    -0.09638311      0.1079433
38 30    -0.09486067    -0.06992158
38 31      0.0099235     0.05755661
38 32     0.02838302       0.161706
38 33    -0.02593915     0.02913584
38 34    -0.03607159     0.07014001
38 35     0.07011438     0.05840862
38 36     0.01219859    -0.07738978
38 37     0.09693921    -0.02267113
38 38     -0.1064727    -0.02047583
39  0    -0.08311436              0
39  1    -5.0835e-05      0.1417687
39  2    -0.08416472    -0.04604391
39  3    -0.01374138      0.1907988
39  4    -0.04805722     0.06920045
39  5     -0.0164236      0.1124689
39  6      0.0148578     0.08860502
39  7     0.09505114     0.06753787
39  8      0.1162343     0.08615655
39  9     0.01167035      0.1018532
39 10     0.03596871     0.07847233
39 11      0.1021588     0.01696773
39 12      0.1179647     0.09809805
39 13     0.06769726     0.02953893
39 14    -0.04006282     0.05195704
39 15      0.1276567      0.1257623
39 16     0.07079967    -0.04444939
39 17     0.08074794     0.08809308
39 18     -0.1128537    -0.01060438
39 19     0.05112086     0.03777345
39 20     0.03186868    -0.01920314
39 21     0.03712677    -0.02229768
39 22    0.002516357    -0.03575106
39 23    -0.01070708    -0.07405933
39 24    0.005288503    -0.03340245
39 25     -0.1058625     0.04358169
39 26    -0.01175789     -0.1427616
39 27    -0.08337477    -0.01001745
39 28      0.1436336    -0.08643442
39 29     0.02354564     0.02007633
39 30    -0.07167473    -0.03502604
39 31    -0.01549129   -0.008386936
39 32     0.02387667    -0.06890593
39 33     -0.1044999     0.05856702
39 34    -0.08849271      0.1277563
39 35    -0.08114687     0.06204639
39 36     0.02713194    -0.09029877
39 37    -0.08319502     0.04763335
39 38    -0.01835281      -0.106365
39 39    -0.01788179     -0.0768135
40  0   -0.009294071              0
40  1     0.02879892     0.04890218
40  2     -0.2471794    -0.05464756
40  3     0.03103312    -0.01661549
40  4    -0.06358012    -0.01089663
40  5      0.1128412     0.08184066
40  6     0.07344665     0.01456975
40  7      0.2104916     -0.0281224
40  8     0.02506577     0.07372175
40  9     0.07518061    -0.01360729
40 10     0.02756418      0.1084955
40 11    0.007932119    -0.02560372
40 12   -0.001464841     -0.1801055
40 13      0.1578151    -0.01029304
40 14    -0.01736303    -0.05929062
40 15    -0.07592491     -0.1254709
40 16     0.09334033     0.01480066
40 17      0.1401349     0.06016204
40 18    -0.09729361     -0.1109615
40 19     -0.1041454      0.2353374
40 20   -0.008890113    -0.09330999
40 21    -0.03780907     0.08162291
40 22      0.2096641    -0.03764175
40 23     0.04011168      0.1029124
40 24      0.0865508      0.0525457
40 25    -0.08233168    -0.03066288
40 26      0.1917784    -0.05533686
40 27     0.01516443     0.01973657
40 28     0.07711637    0.001082327
40 29     0.01735268      -0.132251
40 30     0.07485934    -0.01319775
40 31     0.01198999     0.08684833
40 32     0.02795285    -0.09558517
40 33     0.08072281     0.06187177
40 34     -0.1358675     -0.1339186
40 35     -0.1803678    -0.08899086
40 36      0.1096077    -0.04813522
40 37    -0.02965714    -0.00337358
40 38      0.1079641    -0.09642571
40 39     0.09215651      0.1225011
40 40      -0.016436     -0.1041788
