# Rayleigh 70 s group velocity model
# from Larson & Ekstrom (1999), for more information, see
# http://www.seismology.harvard.edu/projects/surfwave/LE99-Pageoph
# Spherical harmonics, columns are: l m Alm Blm
 0  0       4.269504              0
 1  0      0.1349327              0
 1  1     -0.1917798       0.736094
 2  0     -0.2281575              0
 2  1       2.432679       3.646059
 2  2       4.404261       -1.15094
 3  0      0.4631293              0
 3  1      -1.883795      0.9290451
 3  2      0.1051169     -0.6128815
 3  3       3.177203       2.659692
 4  0      0.6028704              0
 4  1      -1.815284     -0.4908054
 4  2     -0.9744484   -0.004647883
 4  3        2.07768     -0.1332239
 4  4     -0.3241061        1.91428
 5  0    -0.07328182              0
 5  1      -1.827038      -1.213323
 5  2       -2.70178      0.2130157
 5  3       1.078601       -1.37324
 5  4       1.817101      -2.947501
 5  5      -1.247612       -1.42943
 6  0     0.05956414              0
 6  1      0.8577799      0.8111666
 6  2      -1.408535       2.085067
 6  3     -0.3909255     -0.5403048
 6  4     -0.1685694      0.9578412
 6  5      -2.526559     -0.6955557
 6  6     -0.3483529      0.2506655
 7  0     -0.4212618              0
 7  1      0.3441815      -1.289371
 7  2      0.0739528      0.3518811
 7  3      0.7263538     -0.4923936
 7  4     -0.1730811       1.569547
 7  5      0.2416112      0.9928015
 7  6      0.6312695      -1.758195
 7  7      0.3017908    -0.03150116
 8  0     -0.3008301              0
 8  1     0.05220957      0.7999889
 8  2      -1.890362     -0.2051713
 8  3     -0.6372276     -0.4083212
 8  4      0.5607564     -0.1925376
 8  5     -0.1313442      0.5181703
 8  6     -0.4100651    -0.01241132
 8  7       1.236259      0.1967765
 8  8      0.4964034     -0.2478341
 9  0       0.359976              0
 9  1      0.7650918       1.066288
 9  2     -0.6268055       0.037378
 9  3      -1.797511      0.0765795
 9  4      0.2637582      0.1268035
 9  5      0.9440546     -0.4141092
 9  6     -0.4139681      -0.737703
 9  7     -0.4282191      -1.511244
 9  8     -0.4173537     -0.7949612
 9  9      -0.421816     0.03090561
10  0    -0.07343863              0
10  1      0.7681534     -0.2170644
10  2       0.346998      -0.102806
10  3      0.2654687     -0.6880504
10  4      0.4297236     -0.3550836
10  5      -0.215636      0.2605106
10  6       0.408226    -0.03937769
10  7     -0.5228367     -0.4090345
10  8     -0.3220302      0.1588543
10  9     0.09475445       0.936488
10 10     -0.4935851      0.4974607
11  0      0.2712571              0
11  1    0.006686393      0.3712941
11  2      0.1621041     0.09789378
11  3     -0.3972006     -0.2193625
11  4     -0.1981847      0.5581326
11  5      0.1797226       1.254498
11  6      0.3746872      0.6056291
11  7     -0.3354559    -0.09872164
11  8     -0.2718378     -0.5050869
11  9     -0.4433374       1.258711
11 10     -0.1473497     0.04100443
11 11     -0.6683133      0.6037669
12  0     0.04104008              0
12  1     -0.3877829    -0.05809001
12  2       0.156923     -0.5271106
12  3     -0.0983739     -0.1218157
12  4     -0.3531835      0.8412222
12  5      0.5223842     -0.4446622
12  6     -0.1426345       0.214568
12  7     -0.6905863      0.4343048
12  8     -0.1234038     -0.1223181
12  9      0.7432224      0.2681516
12 10       0.270314      0.9875042
12 11      0.6047806       0.406133
12 12      0.1494855     -0.2096538
13  0     -0.1475913              0
13  1     -0.3124823    -0.07056554
13  2     0.08174738      0.2635003
13  3      -0.217028      0.3263103
13  4    -0.02485482     -0.1112214
13  5    -0.01311547    -0.07822637
13  6       0.274374     0.07103614
13  7      0.1790777     -0.6067337
13  8     -0.1329053     -0.2895462
13  9      0.3397699      0.4030074
13 10      0.2782495     0.06457166
13 11     -0.2215524     -0.1127769
13 12      0.2398443     -0.2828005
13 13     -0.6063283      0.2506987
14  0     0.02206059              0
14  1      0.2423548      0.4396775
14  2      0.3193676     0.02750957
14  3      0.4514841      0.1441922
14  4     -0.2659035       0.164104
14  5      0.1238274    -0.02573907
14  6      0.3462841   -0.003991283
14  7     0.05792003      0.1124723
14  8      0.1472244     -0.4019714
14  9     0.01798282      0.2380354
14 10    -0.08768287       -0.14803
14 11      0.1668426     -0.2447198
14 12      0.2046763     0.09109269
14 13      0.3198659      0.1114158
14 14      0.5143517       0.528003
15  0     -0.1088825              0
15  1    -0.08174967      -0.169045
15  2     0.02894016      0.0185791
15  3      0.4481354      0.2890713
15  4       0.137852   -0.003898676
15  5    -0.08867409     0.05317706
15  6      0.1827025   -0.001570824
15  7      0.2552829      0.1022402
15  8    -0.03403809     -0.1280893
15  9     0.03839696     0.06480841
15 10     -0.1433145     -0.2068821
15 11     0.01282777     0.08543065
15 12     -0.1211978     -0.3863893
15 13     -0.2573315    -0.06848969
15 14     -0.1604258     -0.2142689
15 15     -0.1169573     -0.1127957
16  0      0.1361097              0
16  1    -0.05019041      0.2269923
16  2     -0.1009178     -0.1044803
16  3    -0.01734894    -0.04443322
16  4    -0.05074617     0.03064478
16  5     0.08967762     -0.1283859
16  6      0.1054453      0.1365143
16  7     -0.2172592      0.2797639
16  8      0.1490047      -0.190902
16  9     -0.3009565        -0.1123
16 10     -0.1845426      0.1745583
16 11      0.3142738        0.45393
16 12     -0.2438107     -0.3085978
16 13      0.0554668     0.04996103
16 14     0.04282974     0.02166838
16 15      0.2155658     -0.2808189
16 16    -0.02232122      -0.133589
17  0    -0.04642593              0
17  1      0.1798354      -0.331224
17  2    -0.03302494     0.02597142
17  3      0.3285599      0.0853703
17  4    0.001225311     0.05330202
17  5    -0.05127269     -0.2032814
17  6    -0.03723779     -0.1625993
17  7      0.2307772      0.1562138
17  8     -0.1090147      0.3124177
17  9    -0.09707424     -0.2691978
17 10      0.2928929     -0.1644911
17 11     -0.1263166      0.2983479
17 12     -0.1803115     -0.1599379
17 13      0.3547953     -0.2202033
17 14      0.2201453   -0.002638532
17 15     -0.2293826      0.2565857
17 16       0.326137     -0.2390524
17 17     -0.1171248       0.100583
18  0      0.1345221              0
18  1     0.03132495     -0.2027636
18  2    -0.03820951      -0.201733
18  3      0.0124417     -0.1275883
18  4     -0.2305972     0.04111322
18  5    -0.04927994     -0.1323021
18  6     0.09094889       0.094532
18  7      0.0556523     0.01662621
18  8     -0.1422662      0.1726639
18  9      -0.369056     0.05523885
18 10     0.04274448      0.1172248
18 11     -0.2007694      -0.082825
18 12     0.03943669      0.1903022
18 13    -0.07801268    -0.07345757
18 14    0.001395924     0.08059172
18 15     0.02452099     -0.3955887
18 16    -0.01794962    -0.07225606
18 17     0.09407899    -0.05122744
18 18     0.09163454    -0.09974956
19  0     -0.1177201              0
19  1     0.06046772    -0.07132474
19  2     -0.1879663     0.01948812
19  3      0.1115042       0.157658
19  4    -0.01088701     -0.3379954
19  5      0.2434328     0.03695825
19  6    -0.04072368     0.03378755
19  7     -0.2091702   0.0006073348
19  8    -0.06185259     0.07506807
19  9     -0.1327554    -0.05066771
19 10    0.004196563     -0.2734066
19 11      0.1187573      0.2570665
19 12    -0.09494048     0.04976307
19 13     0.05186689    -0.09994027
19 14     -0.1597124     0.03188658
19 15    -0.05598048      0.1528953
19 16     -0.1879153     0.01492038
19 17     -0.2802237     -0.2428039
19 18     -0.2839648      0.2522448
19 19     -0.3314187     -0.1035238
20  0     0.05753833              0
20  1      0.3602341    -0.06921326
20  2     0.07637481     -0.1105006
20  3    -0.06431183      0.1221026
20  4     -0.1299109      0.1976682
20  5     0.07761872    -0.08199796
20  6     -0.1262231     -0.1295131
20  7    -0.04651199    -0.01327991
20  8     0.04231064     0.03933977
20  9      0.3021771      0.1705658
20 10     0.08811302       0.157539
20 11     -0.0067732    -0.08250727
20 12       0.194401      0.1562905
20 13      0.1362237    -0.06477537
20 14     0.01526743       0.143022
20 15     -0.2112874     -0.3260218
20 16    -0.04314021     0.07953592
20 17     0.01953336    -0.04489291
20 18     -0.2166155     0.07036619
20 19     -0.2158037      0.1211185
20 20     -0.1218645    -0.07886245
21  0     0.01927026              0
21  1     -0.2004505      0.2282898
21  2    -0.01656481      0.2331347
21  3      0.2630981      0.2044505
21  4     -0.1488753      0.2500789
21  5     -0.0156394    -0.06097746
21  6      0.2332124     0.00834701
21  7      0.0813706     -0.1280901
21  8      0.3529435    -0.04642362
21  9     0.05285616      0.1325991
21 10     0.02252834     0.06984906
21 11       0.116681     -0.3337632
21 12     -0.1088796     -0.1902278
21 13    -0.06374016      0.0478973
21 14     -0.2416882      0.1534933
21 15      0.1636599    -0.04819852
21 16     -0.1788148     -0.1674514
21 17     -0.2736168     0.07593022
21 18    -0.06107131     -0.1558597
21 19     -0.1482392     -0.1116865
21 20     0.04854057     -0.1803165
21 21     -0.1157283     -0.1447748
22  0     0.05539585              0
22  1      0.3968785      0.2400265
22  2     0.06232223     -0.1743172
22  3      0.2975059    -0.01329206
22  4      0.1445184    -0.09201022
22  5     -0.1064606     0.01570651
22  6     -0.2601498      -0.083817
22  7     0.09179442     -0.2516017
22  8       0.346314      0.1300461
22  9      0.1249815      0.1553681
22 10    -0.04979315     -0.1718311
22 11     -0.1805665    -0.05292632
22 12     -0.1427397    0.004040478
22 13     -0.2239637    -0.09823715
22 14     -0.1002383     0.01785394
22 15    -0.01330836     -0.0703334
22 16     0.07580879    -0.09047135
22 17    -0.03251294     0.09604795
22 18      0.1678181      0.1292526
22 19     -0.1255791     -0.1291114
22 20     -0.1335663   0.0008009168
22 21     0.07762354      0.3313595
22 22      0.1043817     -0.0751185
23  0     0.03764743              0
23  1     -0.1923576      0.1153685
23  2      0.2375192      0.0574009
23  3     0.08785721   -0.001160319
23  4     0.05982409      0.0435079
23  5      0.1444156     -0.1532096
23  6     0.06513768    -0.01867326
23  7     -0.1462496    -0.01801522
23  8     -0.1525359     -0.2089695
23  9      0.2299652     0.04496233
23 10     -0.1055148     -0.1308549
23 11    -0.08545119     0.04200275
23 12    -0.09424005     -0.1348526
23 13     0.06176811     0.01020012
23 14     -0.1070696      0.1391964
23 15     0.05696371     -0.2491674
23 16    -0.09577911      0.0618527
23 17     -0.1407393    -0.06827261
23 18    -0.05364331     -0.1151532
23 19     0.09556135      0.1531776
23 20    -0.04887487    -0.00252193
23 21     0.01925281    -0.08261584
23 22      0.1046843    -0.02725628
23 23    -0.01485604      0.1863629
24  0     0.09664743              0
24  1     0.09545473      0.1069539
24  2     -0.1148497     0.01131325
24  3    0.008815048     -0.1190967
24  4     0.09979703     0.08961818
24  5     0.03921986     0.04742277
24  6      -0.127618    -0.05323606
24  7      0.1674139    -0.03841531
24  8     0.01718309    -0.03744898
24  9     0.01364674     -0.1468499
24 10     -0.1775014     -0.2898079
24 11     -0.1565758     0.04083118
24 12     -0.2376546      0.2234272
24 13    -0.03372177     -0.1034464
24 14      0.2210632     0.00506822
24 15      0.1382476    -0.06904998
24 16    -0.01386058     0.08737871
24 17    -0.01661961     0.04996457
24 18     0.06776887     0.08642209
24 19    -0.03701811      0.0158279
24 20      -0.132693       0.073311
24 21     0.06141463    -0.08521418
24 22     -0.4581466    -0.06356283
24 23      0.1512357    -0.02116197
24 24     0.04511818    -0.01014236
25  0     -0.1191329              0
25  1      0.1792668      -0.468309
25  2    -0.06705143    -0.02470957
25  3   -0.009411845     -0.1714853
25  4   -0.006499732      0.1136334
25  5     0.08109091    -0.02146867
25  6      -0.133761     -0.3282131
25  7      0.0275092     0.01636525
25  8     -0.0401609    -0.04714819
25  9     -0.2255208      0.1807379
25 10     0.07935199     0.07171695
25 11     0.05717064     0.04874893
25 12     0.01446385     -0.1416099
25 13    -0.08700559    -0.04147969
25 14     0.05452044      0.2088788
25 15      0.1368404    -0.09678406
25 16      0.2025317     0.03221062
25 17    -0.03578741     -0.1253738
25 18     -0.1063948    -0.05010011
25 19     0.08297917     -0.1958686
25 20      0.1159985    -0.04175385
25 21    -0.08858116    -0.03059162
25 22      0.1782456    -0.08181559
25 23     0.02485004     -0.1610883
25 24    -0.03777577     -0.1214127
25 25    -0.07496241    -0.07868499
26  0     0.07734399              0
26  1     0.02183804      0.1382571
26  2     0.07377887     0.03137932
26  3      0.1553919     -0.1756046
26  4    -0.01254687     0.05563472
26  5      0.1123574   -0.001300797
26  6    -0.05925839    -0.09770794
26  7     -0.0407621     -0.1190327
26  8     0.07398923     -0.1763705
26  9     -0.1194114      0.0771874
26 10      0.1314203     -0.1316904
26 11      0.1700455      0.1435081
26 12    -0.07813843     -0.1318949
26 13   -0.006175225    -0.05962515
26 14      0.1078969    -0.04286688
26 15    -0.09606241     0.09326886
26 16    -0.02766947      0.1169793
26 17     -0.1775847      0.1326653
26 18     0.09423627    -0.04498288
26 19      -0.146027     0.04801267
26 20    -0.07888231     0.01693136
26 21     0.02837279     -0.1587625
26 22     -0.1477535     -0.1418661
26 23    0.001214833    -0.03446623
26 24      0.2552352     0.04268188
26 25      0.1233063   -0.005401951
26 26   -0.001117351   -0.009725055
27  0   -0.006501115              0
27  1     0.06603751     0.08263119
27  2      0.2364228    -0.08088478
27  3      0.1609657      0.1630688
27  4      -0.155808     0.01243916
27  5      -0.161544    -0.02261157
27  6    -0.07571819     -0.1036394
27  7      0.1424805     -0.0276197
27  8    0.005257339    -0.02962427
27  9     0.01754755      0.1001295
27 10     0.08119147     0.09896497
27 11     0.05166075     0.09832144
27 12     0.04279996    -0.00268344
27 13    -0.07636695    -0.09901816
27 14      0.0702903      0.0753553
27 15    -0.03512087     0.01966739
27 16      0.1383471    -0.02175242
27 17     0.09818261    -0.03690014
27 18     -0.1950801     0.04516019
27 19    -0.07080811       0.105477
27 20      0.1829193     0.02110117
27 21    0.005642215     0.06911793
27 22      0.1319731    -0.01471776
27 23    -0.08845684    0.006983231
27 24     -0.1501892      0.1621884
27 25    -0.07998788     -0.2696614
27 26     0.08284418      0.1688021
27 27     -0.2241592    -0.07453934
28  0     0.05943107              0
28  1     -0.1635005      0.1341796
28  2     -0.0796236      0.1431957
28  3     0.01809051     0.07613831
28  4    -0.08616337    -0.09032979
28  5     0.07978137     0.07343699
28  6      0.1199766    0.002491462
28  7     -0.1154563      0.1184673
28  8    -0.07212507      0.2030496
28  9    -0.01859627    -0.01324522
28 10      0.0522344     -0.1357594
28 11   -0.004911265     0.06914252
28 12      0.1393277     0.08740041
28 13     0.04909754      0.1689583
28 14    -0.08805036  -0.0005274811
28 15     -0.2404044      -0.042438
28 16    -0.03287106    -0.01187389
28 17     0.09932663      0.1633926
28 18      0.1686888    -0.07365451
28 19     0.04767848     0.07550944
28 20    -0.07695011    -0.08077747
28 21    -0.09922325     0.01839769
28 22      0.1978227      0.1121774
28 23      0.1135763       0.196589
28 24     0.08659954    0.007359421
28 25     0.01920623    -0.03075382
28 26     -0.1673577     -0.1592147
28 27     0.09858523    0.001223307
28 28    -0.02957779     -0.3742817
29  0    -0.09600811              0
29  1     0.01556475     -0.1206861
29  2    -0.08725539    -0.05469823
29  3    0.007301863     -0.1113429
29  4      0.2134987     0.07630079
29  5    -0.05175564    -0.01772563
29  6      0.2151987     -0.1413709
29  7     -0.2057599   -0.007216886
29  8       0.112531      0.0347009
29  9     -0.1526658      0.1491605
29 10    -0.09667295     0.01378327
29 11      0.1032895     -0.1918824
29 12    -0.03690277      0.0382898
29 13    -0.04413101    -0.06066958
29 14     0.05724641      0.0253407
29 15     0.06827613     -0.1488197
29 16     -0.1810722     -0.0514738
29 17    -0.01256247    -0.09465766
29 18      0.1091764      0.1421705
29 19   -0.002011104      0.1384407
29 20     -0.1166992     -0.2099887
29 21    -0.07895326     -0.1572995
29 22    -0.07383405     -0.1376673
29 23     0.02110885     -0.2413449
29 24    -0.06957615   -0.009506586
29 25     0.05274546      0.1335769
29 26    -0.09653547     0.01768095
29 27     0.03666633     0.09125373
29 28      0.0727725      0.3075186
29 29     0.08915299        0.03456
30  0     0.02842778              0
30  1      0.2112125     0.01971639
30  2      0.1464437     0.02926754
30  3    -0.06320962    -0.03626779
30  4    -0.09608322    -0.01145202
30  5    -0.03490111     -0.1260384
30  6    -0.06418557     -0.0709376
30  7     0.03478988     -0.1661219
30  8     -0.1014557     -0.3120386
30  9    -0.01084631     0.08956756
30 10    -0.02977571     0.04644603
30 11     -0.1648654     0.02929276
30 12     0.07210077     0.02934158
30 13    -0.03189813     -0.1797595
30 14     -0.1810817     -0.1168185
30 15     -0.1460696       0.038945
30 16      0.1211463    -0.03620021
30 17     -0.1200677     -0.1866855
30 18      0.1959361     0.07417819
30 19     -0.1661695    -0.08058781
30 20    -0.03247154    -0.03713308
30 21     -0.1556045     0.05488086
30 22      0.1695046     0.07474213
30 23     0.05877043    -0.07039627
30 24      -0.143592      0.1015443
30 25    -0.03979006     0.06738486
30 26    -0.07488538     -0.1304041
30 27    0.005521924      0.1000807
30 28    -0.01046457     0.07055347
30 29    -0.03208842     0.09762047
30 30      0.1745128     -0.1691278
31  0     -0.1488819              0
31  1     -0.2340696    -0.04758882
31  2     -0.1122633    -0.02930648
31  3     0.03053801      -0.100313
31  4    0.005455469    -0.06942502
31  5    0.007619865      0.1114434
31  6   -0.003183852      0.1167139
31  7     0.07479958     0.05750489
31  8    -0.02416112     0.08565237
31  9      0.2506825    -0.05090245
31 10     -0.1288015      0.1323061
31 11    -0.05452334       0.109446
31 12     0.09439012     0.09202728
31 13      0.1752833     0.05965226
31 14     0.01090799    -0.05487512
31 15      0.1647838    -0.02936939
31 16      0.1976247    -0.06629078
31 17      0.1501924    -0.01288421
31 18     0.06866062     0.04557159
31 19    0.003824393    -0.02444322
31 20     0.07159966     0.02015906
31 21    -0.00405058       0.196083
31 22    -0.07871781    -0.09595419
31 23      0.1163029     0.07045481
31 24    0.004163253      0.0190974
31 25    -0.03950102     0.03930154
31 26   -0.008715764     0.08706317
31 27      0.1293504     0.07049496
31 28   -0.005717546     0.06891099
31 29      0.2188777     -0.1153604
31 30    -0.03955279     0.06396357
31 31    -0.09167961    -0.01840698
32  0    -0.00927386              0
32  1      -0.135456     -0.1447995
32  2    -0.01406059    -0.07830176
32  3    -0.09300587     -0.2131982
32  4     -0.1465227      0.1232309
32  5     0.06187696    -0.09027917
32  6     0.05298812      0.1366399
32  7      0.1225948     0.02551704
32  8    -0.02214075    -0.09624074
32  9     0.07442094    -0.03107744
32 10      0.0446332     -0.1200698
32 11     -0.1232776    0.001491345
32 12    -0.05640018    -0.01812308
32 13     0.04913714     0.07159358
32 14      0.2428912    -0.05160008
32 15    -0.08093124    -0.03429569
32 16     -0.1766062     -0.2235966
32 17     -0.1082835    -0.04784028
32 18    -0.08257895      0.1191511
32 19     0.02907397     0.00381434
32 20     0.02036782    -0.06393254
32 21    -0.01444194     -0.1046585
32 22    -0.03839061     0.05733782
32 23     0.04235768     0.04130265
32 24      0.1178711     0.09347894
32 25    0.003154388      0.1754618
32 26     0.07709005    -0.02510607
32 27    -0.08036697      0.1614642
32 28     -0.1091087      0.2068971
32 29     0.01330554      0.1158081
32 30      -0.086604    -0.05483644
32 31    -0.03365882     0.08414892
32 32     -0.1637441    -0.03678152
33  0     -0.1206084              0
33  1    -0.01181999      0.0152629
33  2    0.002852734     0.03514035
33  3   -0.006665885    0.009773699
33  4      0.0486584   0.0007730338
33  5    -0.07396035     0.05679143
33  6     0.01500044    0.004019255
33  7     0.03152906      0.1857992
33  8    -0.04095496     -0.1054953
33  9     0.08383981     0.07090971
33 10    -0.09465095     -0.0428159
33 11    -0.06039738    0.005796751
33 12      0.1128335    -0.09414728
33 13      -0.160398     -0.1449611
33 14    -0.08513389     0.09395025
33 15      0.0446757    -0.03741216
33 16     -0.1491665    -0.09149969
33 17     0.08526926     -0.1077114
33 18      0.1551486     0.04468796
33 19      0.0684361   -0.003776154
33 20     0.01402191    -0.03453141
33 21    -0.03293869    -0.03842345
33 22    -0.04302961      0.1691928
33 23      -0.140157    -0.06284287
33 24     -0.0424148    -0.05590012
33 25     0.08532305     -0.0987473
33 26    -0.07337781      0.1291915
33 27    -0.01427185    0.008918064
33 28     0.05490742    0.003026336
33 29     -0.1919405     0.01674879
33 30     -0.1065002     0.07177444
33 31     0.03684786     -0.1062216
33 32     0.05336282    0.007831641
33 33      0.1627719     0.06756045
34  0     0.04021894              0
34  1     -0.1709738    -0.05402308
34  2     -0.1858656    -0.01111937
34  3      0.1292971     0.01970486
34  4     0.03517951     -0.0557818
34  5     0.09145678    -0.09325113
34  6    -0.03537294      0.1312619
34  7    -0.09013137     0.04699735
34  8    -0.06099263     0.04855055
34  9    -0.08443449     0.09517188
34 10     0.09292722    -0.08651617
34 11    -0.03825774     -0.0632439
34 12     -0.1183241      0.1277145
34 13     -0.1268442     -0.1111632
34 14     0.03401239   -0.008619533
34 15      0.1754162     0.02229292
34 16     0.00625104     0.06309945
34 17    0.002241526     0.00165215
34 18      0.1285676    -0.07439289
34 19     -0.0465599     0.03079603
34 20     -0.2300605     0.06350002
34 21     -0.1449251     0.02432224
34 22     -0.0244307     0.03328341
34 23    -0.02366168    -0.08379041
34 24      0.1120845     0.03616004
34 25    0.001564023     -0.1377811
34 26   0.0005123549    -0.03545259
34 27     0.04688297     0.09359749
34 28    -0.03901555     0.04883843
34 29       0.083052    -0.02887916
34 30      0.1558866    -0.08407028
34 31     0.02466917      0.1227698
34 32    -0.05079326     0.02306743
34 33    -0.01804003    -0.03220947
34 34     0.04000676      0.1040819
35  0    -0.04640601              0
35  1     0.06029739    -0.01720823
35  2     0.03455764    -0.02095963
35  3    -0.07737033      0.1165596
35  4     0.05524324      0.1780774
35  5     0.09404092     -0.1130635
35  6    0.007124686    -0.08679565
35  7      0.0780734    -0.08052236
35  8     0.09333674    -0.04568337
35  9    -0.05620026      0.1531369
35 10     -0.1098624     0.04477074
35 11     0.02669297    -0.06555173
35 12     -0.1577255     -0.1020427
35 13     -0.1025388     0.03622734
35 14     0.07692018    -0.05676754
35 15    -0.02000756     0.08626065
35 16   0.0009499228      0.1412311
35 17      0.1181672  -0.0001119028
35 18      0.2476562     0.07198809
35 19     0.01968122      0.0140672
35 20      0.1151439      0.0268866
35 21     0.07253735     0.01795556
35 22    -0.01117824     -0.1869242
35 23    -0.07052381     -0.1160765
35 24     0.04974439     0.03105379
35 25      0.1674546     0.04269199
35 26     0.05543013    -0.03632511
35 27     0.09965339     0.07625588
35 28      -0.118814      0.1154552
35 29   -0.009836336     0.08246783
35 30      0.1494121     -0.0254878
35 31       0.072057     0.00405099
35 32     0.02957302     0.05294101
35 33     0.09424456     0.04939862
35 34    -0.06742451     0.02485225
35 35    -0.02857658     0.04680499
36  0     0.07327936              0
36  1    -0.07239125      -0.109246
36  2     -0.1165047     0.08688693
36  3    -0.09447584     -0.0136961
36  4    -0.02313066      -0.086004
36  5        0.16821     0.02908777
36  6    -0.04260159    -0.03871834
36  7     0.01602974      0.0870071
36  8   -0.001848511    -0.05205283
36  9    -0.03804983     0.07564434
36 10    -0.01384924     -0.1032967
36 11      0.0663725       0.062617
36 12   -0.006898771    -0.01994388
36 13     -0.1827763     0.04204803
36 14    -0.07371817    0.002765539
36 15    -0.03544375     0.07951077
36 16    -0.03965049    -0.05190818
36 17      0.1069386      -0.033455
36 18    -0.01068641     0.01931214
36 19   -0.008501017    -0.00688728
36 20      0.1025953       0.262631
36 21    -0.02829037    -0.05889828
36 22     0.05290304    -0.09669508
36 23      0.1287964      0.1439453
36 24    -0.03120629     -0.1382704
36 25     0.01596881    -0.08015408
36 26     0.01677172    -0.02685467
36 27    -0.08873925     0.03746568
36 28     -0.1544555     0.01737172
36 29     0.04081663     -0.1611557
36 30    -0.05093315     -0.1183281
36 31     0.06633348    -0.08852515
36 32    -0.08412119      0.0257133
36 33    0.008729503      0.1605639
36 34       0.103354     0.06812178
36 35      0.1318127     -0.1095148
36 36     0.09218682    0.004623186
37  0     0.02649229              0
37  1     -0.0194768    0.005658032
37  2    -0.04900905     0.04902803
37  3    -0.01979611    -0.03117827
37  4    -0.09082279     -0.0794893
37  5     0.02788834   -0.005030293
37  6      0.0852701    -0.09036064
37  7      0.1066254      0.1152989
37  8   -0.005114685    0.001283596
37  9      0.1090788     0.04939691
37 10    -0.05581592    -0.01049343
37 11     -0.2028225     0.05182087
37 12    -0.03066678     0.03023531
37 13    -0.04506258     0.09650833
37 14     -0.2067026     -0.1359536
37 15      0.0855645    -0.09237723
37 16     -0.1029396    0.007828197
37 17      0.0871537     -0.1075674
37 18      0.1060599    -0.03390841
37 19     0.04231917     -0.1073159
37 20     0.07593457     -0.1171811
37 21     0.06110061    -0.06546238
37 22    -0.08047965     0.08584785
37 23     0.04022465    -0.04794007
37 24      0.1505788     -0.1465609
37 25    -0.09062739    -0.02542961
37 26     0.09169018     0.07497948
37 27     0.06516638     0.09942213
37 28     -0.0117184     0.07110965
37 29    -0.09603892    -0.05070543
37 30     0.01068156    -0.04878357
37 31   -0.003918052     0.04886157
37 32     0.09341089     0.03402545
37 33     0.03099219    -0.08875838
37 34     0.03816816    -0.06278374
37 35     0.07054387    -0.05980268
37 36     -0.1086419    0.008616751
37 37      0.1105503      0.1523386
38  0    -0.02569189              0
38  1     -0.1842745     0.07489997
38  2    -0.06793811     0.05111066
38  3     -0.1479025     0.05479012
38  4     0.02138161      0.1593017
38  5     0.03393884       0.114347
38  6     -0.1792876     0.09803408
38  7    -0.06800927     0.03568808
38  8     0.07734944      0.1135889
38  9      0.1916697     0.06090328
38 10    0.003619993       0.071608
38 11    -0.05577831      0.1718042
38 12     -0.1717127    -0.04125656
38 13     0.01459025    -0.01728693
38 14      -0.122164     0.01749343
38 15    -0.03392071    -0.01941747
38 16     0.06129047    -0.09704776
38 17    -0.03918573     0.01652998
38 18      0.0875351     0.09436069
38 19      0.2320431   -0.006150673
38 20     0.03519576    0.001136267
38 21     0.01606096     0.07625496
38 22      0.1367115   -0.002999847
38 23    0.007489484     -0.1611373
38 24      0.1749744     0.03261589
38 25    -0.05652322    0.007125999
38 26      0.1316738    -0.02216905
38 27    -0.02240135     0.08571926
38 28     0.01657372    -0.07146926
38 29    -0.07583165     0.01706948
38 30     0.05218082     -0.1000179
38 31     -0.0214027     -0.1534086
38 32     -0.0443415      0.1996303
38 33     0.07145186     0.03127256
38 34      0.1221607     0.09722923
38 35    -0.02821377      0.0872384
38 36    -0.02990368     0.01459179
38 37      0.0620968      0.1561352
38 38     -0.1037122    0.005315405
39  0    0.001413262              0
39  1    -0.06971717    0.007424761
39  2    -0.01635062     0.04742818
39  3     0.02595787     -0.0388319
39  4    -0.01040378     0.08298565
39  5    -0.08482613      0.1650444
39  6      -0.117627     0.04361569
39  7    -0.07426096   0.0002867764
39  8    -0.06659437      0.1150839
39  9    -0.06118914     0.09784168
39 10     0.09985784     0.01669137
39 11    -0.01933752    -0.03552311
39 12    0.009881756     0.03730899
39 13   -0.006505619    -0.03840765
39 14    -0.04718265     0.03519056
39 15      0.1332049    0.004170519
39 16      0.1122871      0.1099901
39 17    0.005736455     -0.1442251
39 18   -0.003557377     -0.1662014
39 19    0.005430445     0.01627899
39 20     0.05656292       0.102937
39 21     0.07307098    0.005202191
39 22      0.1080316     0.01805846
39 23     -0.1578063    -0.08994925
39 24     0.02714055     0.05809334
39 25    0.005573228   -0.006471151
39 26     0.04282614    -0.04502529
39 27    -0.01309472     0.04849767
39 28      0.2767586     -0.1051371
39 29      -0.137668     0.02583351
39 30     -0.1698211      0.1112107
39 31     0.05148764     -0.1004814
39 32     -0.1249515    -0.01524514
39 33     -0.1001858      0.1052543
39 34    -0.01282163    -0.04635661
39 35     -0.1102448     0.03193884
39 36    -0.07099088    -0.01602028
39 37    -0.02591055    -0.04616337
39 38    -0.03853687     0.02404382
39 39     0.07720586      0.0348225
40  0     -0.1405125              0
40  1    -0.09124111     0.07586344
40  2    -0.05250692    -0.04647329
40  3   8.160125e-05     0.00852177
40  4      -0.167474      0.1177047
40  5     0.01505764     0.07545053
40  6    0.004854489     0.02371232
40  7     -0.1423198     0.03191275
40  8     0.04381773     0.09596214
40  9     0.04164663     -0.1347289
40 10    -0.06591525      0.1171551
40 11      0.1275607     0.07881843
40 12       0.040353     0.01682201
40 13     0.04809513     0.03037832
40 14     0.01117436     -0.1411179
40 15      0.0256105    -0.07769148
40 16     0.02544531     0.05353513
40 17      0.1304774     0.03291408
40 18      0.0382356    -0.03099187
40 19   0.0006364649   0.0002912779
40 20     0.02860441     0.02517887
40 21    -0.04495342     0.06465947
40 22     0.07554023      0.1382576
40 23     0.05235693       0.140402
40 24    -0.01561379   -0.007543033
40 25     -0.1695803   0.0002113344
40 26    -0.05893391    -0.07062183
40 27    -0.08262916      0.1159145
40 28     0.02822462   -0.004913992
40 29     0.03079962     -0.1299639
40 30     -0.0502224  -0.0001266686
40 31   -0.008024149  -0.0006495048
40 32     0.02254804     0.04943163
40 33    -0.04834484    -0.06453782
40 34    -0.02376154     0.06467912
40 35    -0.06320034    -0.02386538
40 36   -0.005470179         0.0636
40 37    -0.07812209      0.0397891
40 38      0.0400975     -0.1165573
40 39     0.03367929      0.0210303
40 40     0.01031275     -0.1069531
