# Rayleigh 80 s group velocity model
# from Larson & Ekstrom (1999), for more information, see
# http://www.seismology.harvard.edu/projects/surfwave/LE99-Pageoph
# Spherical harmonics, columns are: l m Alm Blm
 0  0       4.299506              0
 1  0      0.7486231              0
 1  1     -0.9188597      0.3690024
 2  0      0.2498547              0
 2  1       2.093421       3.042576
 2  2        3.51985       -1.53015
 3  0      0.4697954              0
 3  1      -1.860997      0.6285689
 3  2     -0.4876841     -0.1247455
 3  3       2.947847       2.100105
 4  0      0.9140697              0
 4  1        -1.8467     -0.2903717
 4  2      -1.539674      0.4040861
 4  3       1.993405     0.02492714
 4  4     -0.1680311       2.054762
 5  0     -0.6304769              0
 5  1       -2.03124     -0.9530606
 5  2      -2.952233     0.01191606
 5  3         1.1699      -1.410358
 5  4       2.469748      -3.061471
 5  5      -1.208444      -1.580801
 6  0      0.2590132              0
 6  1      0.9195969      0.9316286
 6  2      -1.570606        2.24892
 6  3     -0.1410405     -0.8412585
 6  4      0.2548195      0.7847953
 6  5      -2.479541     -0.5568363
 6  6      0.0135845      0.2807225
 7  0     -0.5019634              0
 7  1      0.2960398      -1.595713
 7  2      0.1085759      0.5979742
 7  3       0.703477      -0.630198
 7  4     -0.2498702       1.677467
 7  5     -0.1157637      0.9987583
 7  6       0.322161      -2.080501
 7  7      0.6811196      0.3514739
 8  0     -0.4583144              0
 8  1     0.06939273      0.9850328
 8  2      -1.765245     -0.2901417
 8  3     -0.6364757     -0.5012356
 8  4      0.3046851     -0.0233221
 8  5     0.05609959      0.6285784
 8  6     -0.2297287      0.1419182
 8  7      0.7194807      0.2199507
 8  8       0.557049     -0.3402967
 9  0      0.1695247              0
 9  1      0.4789262      0.9964836
 9  2     -0.5493248    -0.05099072
 9  3      -1.580353    -0.03610897
 9  4      0.1151728      0.2277007
 9  5       1.044919     -0.6504422
 9  6     -0.6043916     -0.8053632
 9  7     -0.3722179      -1.286956
 9  8     -0.2608681     -0.6972962
 9  9     -0.3729607      0.1877499
10  0     -0.2172107              0
10  1      0.5135031     0.01639287
10  2     0.06595081     -0.3011538
10  3      0.1910618      -0.532666
10  4      0.3102184     -0.2256467
10  5     -0.3301388      0.3362041
10  6      0.3565619      0.1364274
10  7     -0.3518763     -0.3614961
10  8    -0.01894329      0.1219591
10  9      0.1257094      0.6535116
10 10     -0.7373194      0.4330657
11  0      0.3107026              0
11  1     -0.3340122       0.394467
11  2    -0.04574456      0.2155108
11  3     -0.3770626    -0.02585232
11  4     -0.1346087      0.6295169
11  5       0.576466       1.259293
11  6      0.4103761      0.6414523
11  7     -0.1076573     -0.1565339
11  8     -0.5020525     -0.2443238
11  9     -0.3589507       1.254478
11 10     -0.1867587      0.3546039
11 11     -0.8104742      0.7467273
12  0    0.004795754              0
12  1      -0.155216     0.08763149
12  2      0.3024262     -0.6494641
12  3    -0.05368775      0.2366992
12  4     -0.1185457      0.7371269
12  5       0.244996     -0.5424652
12  6    -0.04324507   -0.003336448
12  7     -0.6602059      0.3829804
12  8    -0.05348871     -0.2282472
12  9      0.8735279      0.1511063
12 10      0.2038631      0.7469017
12 11       0.630399      0.4133824
12 12      0.1299313     -0.6166343
13  0      -0.128055              0
13  1     -0.5591009     0.05058701
13  2      0.1752628      0.3102301
13  3     -0.1935645      0.2181309
13  4      -0.196791     -0.1085885
13  5   -0.009720358     -0.0587884
13  6      0.2598965     0.02506799
13  7     0.06805683     -0.4147084
13  8     -0.1268211     -0.3368805
13  9      0.3449605      0.3845147
13 10      0.1678916      0.1010889
13 11    -0.09599319    -0.06240652
13 12      0.1129273     -0.2954024
13 13     -0.5481262      0.2737944
14  0     -0.1718427              0
14  1      0.2523624      0.1721415
14  2      0.2611019     0.07584986
14  3      0.5418388      0.3277521
14  4      -0.233138     0.08107547
14  5      0.1710077    -0.06667031
14  6      0.2115549      0.1122382
14  7     0.07145973      0.1391104
14  8     0.09882651     -0.3525857
14  9      0.1213209     0.05002992
14 10     -0.2211234     -0.1544145
14 11      0.2163474     -0.3120359
14 12      0.1724872      0.2123001
14 13      0.1649664      0.0565616
14 14       0.569095      0.3296009
15  0    -0.03253177              0
15  1     -0.2702196     -0.1552641
15  2    -0.01131382    -0.05224502
15  3      0.3424401      0.2302312
15  4     0.08861636     0.04943284
15  5     0.04356249     0.01882559
15  6      0.2990429    -0.03429165
15  7      0.2129091     0.03217545
15  8     0.03215052     -0.2095688
15  9     -0.1389344      0.1084992
15 10     -0.1993326    -0.04697878
15 11      0.1234087     0.07836749
15 12     -0.2433636     -0.4201821
15 13     -0.1620885     -0.1571856
15 14    -0.08217388      -0.223649
15 15     0.02076098     -0.1375223
16  0      0.1513891              0
16  1     0.09041475      0.2495283
16  2     -0.0898124      0.0199417
16  3  -0.0009623188    -0.06996058
16  4    -0.05573591     0.03530397
16  5    -0.03810743    -0.02791884
16  6    -0.03269435     0.07633313
16  7     -0.1777427      0.1513125
16  8      0.1405492     -0.1556555
16  9      -0.290793    -0.07154099
16 10     -0.1750377     0.07452969
16 11      0.1798117      0.3447888
16 12     -0.1711001     -0.1214682
16 13    -0.04354415      0.1232321
16 14      0.0851592     0.03510979
16 15      0.2286023     -0.3950752
16 16    -0.05981387      0.1806948
17  0     -0.1199411              0
17  1     0.05585609     -0.1497376
17  2   -0.009489243     -0.0608939
17  3      0.3762943      0.1279943
17  4     0.02457913      0.1179112
17  5      0.1204937     -0.0798239
17  6    -0.04155419    -0.03706631
17  7      0.2216601      0.2037142
17  8     -0.1013304      0.2208293
17  9    -0.09673555     -0.2663119
17 10      0.2800456      -0.153397
17 11    -0.09677293     0.06104616
17 12     -0.1023993    -0.04136918
17 13      0.2931291     -0.2140051
17 14      0.3356742      0.0632414
17 15      -0.446453     0.07273365
17 16      0.3574918     -0.2654297
17 17    -0.05102287      0.1798075
18  0     0.02795691              0
18  1     -0.1194255     -0.1846585
18  2     -0.1420229     -0.1030902
18  3     0.03688821     -0.1260999
18  4     -0.3235537      -0.149841
18  5    -0.09766337     -0.1897753
18  6     0.03629718      0.1166131
18  7      0.1377699    -0.08112633
18  8     -0.1871327      0.3205614
18  9     -0.3695653    -0.08774146
18 10     0.03818936     0.01761069
18 11     -0.2492427      0.0432822
18 12      0.0116135      0.1948375
18 13     -0.1566978     -0.1097898
18 14    -0.06281444    0.003319163
18 15     0.01569796     -0.3542101
18 16     0.05154873     0.06963604
18 17     0.09139764    -0.03322559
18 18     -0.0645176     0.02401925
19  0    -0.06306241              0
19  1       0.196344     -0.1583766
19  2     -0.1928029    -0.02860824
19  3     0.03988297      0.1925925
19  4     0.07201738     -0.2470149
19  5      0.2189955    -0.09240185
19  6    -0.04531585     0.03215051
19  7     -0.2336318     -0.1036315
19  8   -0.007770561    -0.06617095
19  9    -0.06342479     -0.0144491
19 10    0.003708651     -0.3242379
19 11      0.1017269      0.2650113
19 12     0.02534748     0.04504916
19 13     0.02687051      -0.181545
19 14     -0.1401744   -0.006272746
19 15     -0.1462748     0.09102162
19 16     -0.1812875    -0.02327731
19 17     -0.1710674     -0.1360376
19 18     -0.1437399      0.1459396
19 19     -0.5065543    -0.04837858
20  0    -0.00429882              0
20  1       0.188063      0.0133334
20  2    0.003129755     -0.2999562
20  3     -0.2269169    -0.03538899
20  4     -0.2198201      0.1659579
20  5      0.1938839     0.05047432
20  6     0.07653156     -0.1340422
20  7     0.01861717     0.01431499
20  8      0.0573938     0.02827664
20  9      0.1663508      0.1383005
20 10      0.1081922     0.06619743
20 11      0.1453908     -0.1048176
20 12      0.3254589      0.1237761
20 13    -0.04518684    -0.01479624
20 14      0.1199747      0.2117766
20 15     -0.2376396     -0.3106316
20 16     -0.1242469      0.2043089
20 17     0.07199755     -0.1236791
20 18     -0.1628017     -0.1099932
20 19     -0.1128421      0.3239549
20 20    -0.06321941     -0.2296111
21  0    0.001787052              0
21  1    -0.07777783      0.2221849
21  2     0.03822773      0.1217237
21  3       0.226293      0.1827257
21  4     -0.1489144      0.1201385
21  5      0.1173329     -0.1209783
21  6      0.1223798      0.1413364
21  7     0.04215043     -0.1809799
21  8      0.4166879    -0.04943414
21  9      0.1121784      0.1260485
21 10    -0.08416893     0.08910175
21 11    -0.02207145     -0.1981169
21 12     -0.1544618     -0.1667727
21 13    -0.02214274     0.01669245
21 14    -0.07880849      0.1036199
21 15      0.1362977   -0.007753377
21 16    -0.04689695     -0.0488691
21 17     -0.1941193     0.08592952
21 18     -0.1377442     -0.2251068
21 19    -0.06808656     -0.1063232
21 20      0.0342645     -0.1408874
21 21    -0.07800065     -0.1741665
22  0     0.05890742              0
22  1      0.2050475      0.1307029
22  2     0.06016541    -0.06957779
22  3      0.2889827    0.003214509
22  4     0.05220495    -0.09096093
22  5    -0.05317108     0.04488531
22  6     -0.1947405     -0.1193608
22  7    -0.06137955     -0.2477259
22  8       0.279819      0.1416005
22  9     0.06383981     0.06046087
22 10    0.004943192     -0.1626547
22 11     -0.1087007     -0.0115693
22 12     -0.2303241     0.01946831
22 13     -0.1057039    -0.04665884
22 14     -0.2764835     0.07108031
22 15     -0.1380045     -0.1696106
22 16      0.1906493     0.04586244
22 17     -0.1288901     0.05212697
22 18      0.2486605       0.129224
22 19      -0.194111     0.03598799
22 20    -0.01631757     0.09852098
22 21     0.05625333      0.2873429
22 22       0.130855     -0.1460304
23  0    -0.02667213              0
23  1     -0.2029517      0.1397355
23  2      0.1325567      0.1631577
23  3      0.1392415      0.1211145
23  4      0.1800663     -0.1248347
23  5      0.0380096      -0.163689
23  6    -0.01504544    -0.04459448
23  7     0.01711279     0.07106477
23  8       -0.15775     -0.1206345
23  9      0.2437898    -0.02917305
23 10    -0.06040949    -0.02201347
23 11     0.01725657     0.04266445
23 12     0.03610384    -0.05429994
23 13      0.0776136   -0.007795556
23 14     -0.1652373      0.2361301
23 15      0.1424761     -0.1102794
23 16    -0.01328584  -0.0002665885
23 17     -0.1974078     0.01074979
23 18    -0.09472787     -0.1217365
23 19     0.05959141     -0.1017056
23 20    -0.01679942     -0.1084155
23 21     -0.0398009    -0.01380958
23 22     0.01530432    -0.05627468
23 23     -0.1131548       0.195538
24  0     0.08946117              0
24  1      0.1361708      0.1222595
24  2     -0.1507479     0.03409635
24  3     0.06015676     -0.1969305
24  4     -0.1413492      0.0841046
24  5      0.2201518      0.1790437
24  6     -0.1940649     0.04390477
24  7      0.1099125     0.03603345
24  8     0.03471904      0.0652513
24  9     0.02962989     -0.1017891
24 10     -0.1164953     -0.3296512
24 11     -0.1067123      0.0743043
24 12     -0.3476444      0.2729748
24 13     -0.1417607     -0.1008878
24 14      0.1977459    0.009281188
24 15    -0.02836907    -0.09878328
24 16    -0.02233307     0.02537861
24 17    0.005874983     0.03959955
24 18     0.09117647    -0.04903018
24 19    -0.09127229      0.1192744
24 20     -0.1089345     0.09956846
24 21      0.2202236    -0.05992712
24 22     -0.4512141    -0.03681596
24 23      0.1242625    -0.02924063
24 24      0.1085822    -0.06592833
25  0     -0.0753653              0
25  1      0.3575093     -0.3368385
25  2   -0.006604341     0.05443531
25  3     0.01173167    -0.06648719
25  4    -0.07128298      0.1570074
25  5     0.06516676   -0.004660356
25  6     -0.0677835     -0.1968893
25  7     0.09627138     0.02410164
25  8    -0.02243646     -0.0781495
25  9     -0.3601101      0.1640963
25 10     0.01216864     0.08206616
25 11      0.1472079     0.07427701
25 12    -0.02788001    -0.09048251
25 13     0.03636215     0.05131953
25 14      0.0788381      0.2737078
25 15      0.1244277     -0.1192958
25 16      0.1530229       -0.11955
25 17     0.00692292    -0.06342535
25 18     -0.1252436    -0.07312805
25 19     0.06728404     -0.2303463
25 20      0.1403659     -0.1091385
25 21    -0.01531556     -0.0228892
25 22      0.1030571     -0.1107967
25 23    -0.03475245     -0.1206452
25 24     0.02222639    -0.07795191
25 25     0.02348107     0.05920937
26  0     0.02739885              0
26  1    -0.07267296      0.1335132
26  2    -0.02367876     0.09444546
26  3      0.3183373     -0.2230344
26  4      0.0804224      0.1214287
26  5      0.2378939    -0.03492581
26  6     -0.1645025    -0.05499602
26  7    -0.02795968     -0.0883018
26  8     0.01377546     -0.1648365
26  9    -0.05842245     0.00128808
26 10      0.1304255     -0.2594678
26 11       0.228497      0.1303843
26 12     0.01469512    -0.07453256
26 13    -0.07516514     0.09760547
26 14     0.01178805    0.007217928
26 15     -0.3126783     0.04447276
26 16     0.09990301       0.102707
26 17     -0.2114799      0.1611848
26 18    -0.03616325    -0.03418741
26 19    -0.01753512      0.1127566
26 20     -0.1789376     0.09333312
26 21       0.072253     -0.1660826
26 22    -0.05973931     -0.1470951
26 23   0.0001989651    -0.06620739
26 24      0.1717292      0.1031061
26 25      0.1214924    -0.08525269
26 26   6.447649e-05    -0.01585099
27  0     0.02258134              0
27  1      0.1334317    -0.08869298
27  2      0.3460584    -0.03990412
27  3     0.04959116       0.149231
27  4    -0.07797386    -0.02375492
27  5    -0.07458771    -0.07998113
27  6    -0.02297158      -0.106427
27  7      0.0329588    -0.05611671
27  8     0.06843722    -0.01621237
27  9     0.05626608     0.08611592
27 10    -0.01622387     0.08961575
27 11     0.04797507     0.07277431
27 12    -0.05067923    -0.05558111
27 13     -0.1032429    -0.05176763
27 14     0.08340177    -0.08802827
27 15     0.01365432   -0.008656418
27 16      0.1162922    -0.09033587
27 17    -0.01036108    -0.02555378
27 18     -0.1029835    -0.04812798
27 19    -0.04553861   -0.002257708
27 20      0.2128953     0.03194543
27 21     0.07453004     0.09728404
27 22       0.111317      0.0373004
27 23    -0.08550626      0.1393911
27 24    -0.03553714      0.1583897
27 25     -0.1158791     -0.2724899
27 26     0.01590651      0.2722605
27 27    -0.08072855     -0.1722153
28  0    -0.02667733              0
28  1     -0.2047451      0.2032979
28  2     -0.0098904      0.1103522
28  3    -0.07711557     0.08229378
28  4     -0.1528265     -0.1133173
28  5     0.09207301     0.09123296
28  6     0.04353437    -0.01405638
28  7     -0.1264748     0.07387244
28  8    -0.07010319       0.170433
28  9    -0.05624169    -0.02638228
28 10     0.02123003    -0.01563512
28 11    -0.02635173     0.04327843
28 12      0.1782427     0.08390033
28 13      0.1040664      0.2012875
28 14     -0.1006061    -0.03828347
28 15     -0.2167457     -0.0319651
28 16     0.05937273     -0.1504261
28 17     0.02213713      0.1828743
28 18    0.002468144    -0.04459479
28 19      0.1214524     0.05758378
28 20     -0.1530946     -0.0341601
28 21    -0.03288779     0.02725944
28 22      0.0933137     0.06879559
28 23     0.05870534      0.1166273
28 24   -0.006100057    -0.02354964
28 25     0.09994093    -0.07908563
28 26     -0.1692809     -0.1290679
28 27      0.1007022      0.1519482
28 28    -0.06090719     -0.2800678
29  0    -0.06296553              0
29  1      0.0514685     -0.1676334
29  2    -0.02726738    0.008722794
29  3      0.1483975    0.000381986
29  4     0.08831017     0.09453921
29  5    -0.02879983     -0.0235534
29  6      0.2331451     -0.1245863
29  7     -0.2353663   -0.008520856
29  8     0.08856735      0.1292755
29  9    -0.02835034      0.0885563
29 10     -0.0414895    -0.09544724
29 11      0.1516939     -0.1044848
29 12     0.06062699       0.192207
29 13     -0.1095766    -0.07026327
29 14     0.01826502     0.09677481
29 15    -0.07723603    -0.07435739
29 16     -0.2151989     -0.1013626
29 17    0.007651717    -0.02179431
29 18     0.08590736     0.04963546
29 19     -0.0080733     0.02689709
29 20    -0.08984234     -0.2305128
29 21      -0.187667     -0.1114772
29 22      -0.143944    -0.09228986
29 23    0.002317558     -0.2033425
29 24    -0.06759823      0.1186385
29 25    -0.08585478     0.06459357
29 26    -0.06483111     0.01707381
29 27      0.1080921      0.1000071
29 28    0.001207866       0.223732
29 29     0.06894314      0.0464651
30  0      0.1599256              0
30  1      0.2053168       0.025003
30  2    -0.01304423    -0.03612874
30  3     0.01599016    -0.02160351
30  4     0.01195211    -0.01630772
30  5    -0.09138057    -0.06655013
30  6    -0.03827391     0.01535126
30  7      0.1519029    -0.06837048
30  8     -0.1778321     -0.2067567
30  9     -0.1411675    -0.02150894
30 10     0.05275727      0.1440154
30 11    -0.04723406    0.008070384
30 12     0.03615827     0.07986774
30 13    -0.03851676      -0.238336
30 14     -0.1224456    -0.09672184
30 15     -0.1760411     0.02960476
30 16      0.2594457    -0.04879922
30 17    -0.09080528     -0.1568095
30 18      0.2225324     0.01873186
30 19     -0.0935118    -0.07471064
30 20     0.03877302    -0.02324037
30 21     -0.1666626     0.05994685
30 22      0.2328408     0.06803057
30 23      0.1151435     0.03416989
30 24     -0.1534886      0.1907367
30 25     0.04583031     0.04656998
30 26    -0.06997536    -0.07972791
30 27    -0.02076013      0.1154305
30 28    -0.04558239      0.1021315
30 29    -0.07624961     0.05463028
30 30      0.1602895     -0.1305174
31  0     -0.1816714              0
31  1     -0.2461593    -0.09093791
31  2    -0.08361637     0.01597913
31  3    -0.08495294     -0.1886602
31  4     0.02292975     0.01518442
31  5     0.01971505      0.1021377
31  6     0.02183218   8.337654e-05
31  7     0.04145407      0.0251902
31  8     0.08231962     0.02731898
31  9      0.2009117    -0.06786948
31 10    -0.08754039   -0.006083091
31 11   -0.009215147      0.1179527
31 12     0.04507082      0.1075005
31 13      0.2196043     0.02883082
31 14    0.003180655    -0.09930681
31 15      0.2209912    -0.06404956
31 16     0.01787591     0.01378845
31 17     0.06872161     -0.1010171
31 18     0.04004799     0.08036289
31 19     0.04590622     0.01225514
31 20     0.03100944      0.1028221
31 21    -0.01775335     0.08935009
31 22    -0.09505889   -0.004993611
31 23     0.04829265    -0.01874998
31 24     0.05934503    -0.02068565
31 25    -0.04520177    -0.05575635
31 26    -0.09463798     0.07449982
31 27     0.08068086     0.07133936
31 28     0.01184058      0.0229442
31 29      0.2038418    -0.08953476
31 30     0.01568466     0.09890494
31 31     -0.1331914   -0.004250608
32  0    0.007855897              0
32  1     -0.1204222     -0.1301762
32  2     0.08282489     -0.1438891
32  3     -0.1599577    -0.07328466
32  4    -0.04534164     -0.0787449
32  5      0.1182898     -0.0847094
32  6    -0.02707712      0.1283273
32  7       0.200648    -0.05261225
32  8     0.01355688    -0.05212855
32  9       0.116527     -0.1066224
32 10    -0.01548891     -0.1170234
32 11    0.009798432    -0.01680207
32 12     0.03631781    -0.03458695
32 13     0.02116174     0.06018783
32 14      0.1445394    -0.01175717
32 15    -0.03285751     0.02386966
32 16      -0.165865     -0.1971317
32 17     -0.1238285     0.03187392
32 18     0.03818417     -0.1093431
32 19   -0.006033183     0.08669948
32 20     0.06902426     -0.1228625
32 21     0.01095111    -0.01341411
32 22     -0.1334339    -0.07512119
32 23     0.09625978    -0.05271921
32 24     0.05955398     0.04894189
32 25    -0.08675946      0.1480906
32 26    0.008395772     0.01567408
32 27     0.03573922      0.1509953
32 28     0.02517366     0.09507107
32 29     0.05512054     0.04340601
32 30    -0.02323057    -0.09660107
32 31     0.03083885     0.08433992
32 32    -0.06941239    -0.03555245
33  0     -0.1136852              0
33  1     0.05144573    0.001738192
33  2     -0.0531965    -0.09743696
33  3     0.01030867     0.09574445
33  4     0.06387571    -0.06351845
33  5    -0.02715492     0.02377101
33  6   -0.002729308    -0.07832024
33  7    -0.06729026      0.1901418
33  8     0.02865419     -0.1147007
33  9      0.0593092     0.04566158
33 10    -0.07266049     0.08746576
33 11    -0.06780706   -0.005211844
33 12     0.06583121   -0.008552719
33 13    -0.09920899    -0.05072116
33 14     0.02903734      0.1925275
33 15    -0.02709997    -0.04220718
33 16     -0.1410102    -0.07005299
33 17     0.08581775     0.05969894
33 18     0.02908882     0.06352729
33 19      0.1124274    0.002942718
33 20      0.0756692    -0.07438307
33 21   -0.009851512    -0.01791017
33 22    -0.03027231      0.1125963
33 23     -0.1538307     -0.1328593
33 24    -0.02547806     -0.1126898
33 25      0.1270989    0.003874101
33 26    -0.04043021     0.08551975
33 27     0.05649745      0.1243477
33 28     0.09015979     0.02140655
33 29     -0.1028939     0.04168886
33 30     0.01209525      0.0355417
33 31    -0.03415627     -0.1024554
33 32    -0.02042387    0.002899379
33 33      0.1900331     0.09795588
34  0     0.09132162              0
34  1    -0.02984048    -0.07157204
34  2     -0.1918235   -0.007446356
34  3      0.1610523    -0.06257502
34  4    -0.02502175    -0.06828359
34  5      0.0280336     0.04398005
34  6     0.01450127      0.1395309
34  7   -0.003652157     0.03300651
34  8      -0.108296      0.1350319
34  9     -0.2035488      0.1209895
34 10     0.07682271     -0.0450379
34 11     0.01485598    -0.01304743
34 12     -0.1417038      0.1670818
34 13     0.01531195     -0.1436186
34 14     0.01669654    -0.07545726
34 15     0.09981183     0.04466956
34 16   -0.006527747    -0.06766275
34 17     0.06056405    0.007656888
34 18     0.06945241    -0.03059934
34 19     -0.1104666    -0.06367794
34 20     -0.2467114     0.01261535
34 21    -0.05126265      0.1853291
34 22     -0.1052425     0.09607134
34 23    -0.02982948       -0.11807
34 24     0.03005061      0.0985011
34 25    -0.01002644      -0.116818
34 26   -0.003685668    -0.01211461
34 27     0.05741318     0.06029968
34 28    -0.09390154     0.02970349
34 29   -0.003120548    -0.01824148
34 30     0.07886872     0.05202283
34 31     0.09752727      0.2158885
34 32    -0.05375354    -0.03777723
34 33    -0.04265908   -0.009009922
34 34     0.09970097     0.07039608
35  0    -0.02545738              0
35  1   -0.007679435     0.02548086
35  2    -0.06598567     0.01146287
35  3      0.0138816     0.08454014
35  4     0.04172973      0.2000588
35  5      0.1302674     -0.0380601
35  6     -0.1245483     0.01738564
35  7     0.09382247    -0.05100692
35  8     0.06491955    -0.01243006
35  9    -0.08721682      0.1159423
35 10    -0.01989773      0.0272236
35 11   -0.006839228     0.01721446
35 12    -0.03482983    -0.06244988
35 13     -0.1223229    -0.01692791
35 14     0.09343209     0.01351487
35 15     0.04239491      0.0328153
35 16   -0.008236464     0.00962572
35 17      0.1515017     0.05458206
35 18      0.1469893      0.1194537
35 19     0.01481992      0.0472397
35 20      0.1148561    -0.06309791
35 21     0.05368344      0.1422018
35 22    -0.08687269     -0.1465747
35 23    -0.05544553    -0.02493784
35 24     0.07885384     0.00660008
35 25      0.1151391     0.07134237
35 26     0.02431839     -0.1044278
35 27     0.06469966      0.1049533
35 28       -0.21416     0.09690336
35 29        0.10055    -0.01274879
35 30      0.1357048    -0.06549612
35 31     0.06819553     -0.1113633
35 32      0.0821583      0.1001089
35 33      0.1692809    -0.06416681
35 34      0.0173164   -0.006411349
35 35    -0.03273553     0.04933112
36  0       0.102478              0
36  1    -0.08992136    -0.05467284
36  2     -0.0340523      0.1197074
36  3    -0.08068711     -0.1405077
36  4    -0.06907384     -0.1107682
36  5      0.1329684     0.06691352
36  6     -0.0490426    -0.05392323
36  7    -0.02525377      0.0788831
36  8    0.008786113     -0.1804962
36  9    -0.02827952    -0.02004108
36 10    -0.01906975     -0.1769046
36 11     0.03286792     0.02569964
36 12     0.07802278    -0.05493329
36 13      -0.217848    -0.02299705
36 14       -0.10276     0.04855113
36 15    -0.06642195     0.08665071
36 16    0.003619636     0.07193273
36 17     0.01852056    -0.03091831
36 18     -0.0709176   -0.006038389
36 19     0.02123387    -0.06915397
36 20      0.1208491      0.1946213
36 21    -0.08998782     0.08298509
36 22      0.1219225    0.007588088
36 23      0.1037384     0.03130236
36 24     -0.1466715     -0.2102777
36 25    -0.02307526   -0.004509666
36 26     0.06403495   -0.008616624
36 27    -0.05768285     0.06849471
36 28    -0.08670713     0.03911046
36 29   -0.000485927    -0.02850018
36 30     -0.1685739    -0.02337924
36 31      0.1542065    -0.01670949
36 32     0.04845515     0.08239998
36 33     -0.0386262      0.1515832
36 34   -0.005083328     0.06762572
36 35     0.08642749     -0.1023488
36 36     0.01484566      0.1016916
37  0    -0.01075521              0
37  1    -0.03944156   -0.004273233
37  2     -0.1158013     -0.0533474
37  3     -0.0212279      -0.017889
37  4    -0.03730642    -0.01055667
37  5     0.07026467    -0.04085269
37  6     0.01434492     -0.0529777
37  7      0.1088075     0.06670424
37  8     0.04541374    -0.07255998
37  9     0.05431841     0.09551284
37 10    -0.01422264    -0.02896244
37 11     -0.1120402      0.1205034
37 12    -0.07519098     0.00028396
37 13    0.007885874      0.1501269
37 14     -0.1295672     -0.1468259
37 15  -0.0002419178     -0.1541214
37 16      -0.016255    -0.06084342
37 17    -0.02598894    -0.07201675
37 18      0.1090818     -0.0912613
37 19     0.03763211     -0.1241052
37 20     0.02733743     -0.1659008
37 21     0.02787275    -0.07111292
37 22    -0.07122973     0.05121902
37 23       0.135456     0.07671694
37 24      0.1100445    -0.05517046
37 25    -0.02381569     -0.1076574
37 26      0.1146593      0.0125994
37 27    -0.02430267     0.07989987
37 28   -0.008738557    -0.02189019
37 29     -0.0923203   -0.004786586
37 30     0.04440445     -0.1877594
37 31   -0.008891678    -0.04757046
37 32    -0.04047728    -0.03927546
37 33    -0.01518967     -0.1972251
37 34     0.03247397     0.02325818
37 35     0.05120842     -0.1311499
37 36     -0.1361032    -0.05000908
37 37     0.04479755   -0.007176984
38  0     0.02840642              0
38  1     -0.1921705    0.007313201
38  2    -0.08184486     0.03573222
38  3    -0.02095044      0.1020254
38  4     0.00590693      0.1706693
38  5   0.0002188282   -0.002780918
38  6      -0.206561     0.03341578
38  7    -0.03718531      0.1184268
38  8   -0.008634981     0.05190143
38  9       0.194064    -0.03778963
38 10    -0.07176206      0.1653537
38 11     0.02564859    -0.02630534
38 12    -0.04165825      -0.143858
38 13     0.02119168     0.02778807
38 14    -0.08271225     0.06929648
38 15    -0.02872008     -0.0161566
38 16     0.05967653     -0.1489636
38 17   0.0005741181     0.06748878
38 18      0.1333222     0.05317461
38 19      0.2162612     0.09019049
38 20     0.01954482      0.1204492
38 21     0.03998446     0.06632131
38 22      0.1140529    -0.00661083
38 23    -0.09276913    -0.09234364
38 24     0.06266385   0.0002759805
38 25    -0.02238787   -0.004283398
38 26     0.06958686     0.07683726
38 27      0.0814961     0.04959606
38 28    0.004875004    -0.02565251
38 29    0.004998177     0.03170462
38 30      0.1048154   -0.004747682
38 31     0.02076358     -0.2368211
38 32     0.04389154     0.07227074
38 33     0.08528399     0.09723224
38 34     0.07915843     0.04816937
38 35    -0.06324492     0.03315062
38 36    -0.05860336     0.04482066
38 37      0.0451422      0.1536946
38 38     -0.1381784    -0.03252669
39  0      0.1045518              0
39  1    -0.05316859   -0.002895965
39  2    0.005693003      0.1240741
39  3     -0.0457149    -0.07404967
39  4    -0.02615995     0.01674533
39  5    -0.05498748     0.09649503
39  6     -0.1577105     0.02700276
39  7     -0.1272668     0.04300794
39  8      -0.105436    -0.00504911
39  9     -0.1481155      0.1274332
39 10      0.2231881    -0.06042447
39 11     -0.1186496    -0.01026357
39 12      0.0739154     0.04613738
39 13    -0.02797007    -0.04358144
39 14    -0.07607055     0.02669841
39 15    0.007124365     0.01875384
39 16     0.03046872      0.1475141
39 17    -0.09233744     -0.2572824
39 18     -0.1082937     -0.1356078
39 19    -0.03704537    0.005327251
39 20    0.009191812     0.04849909
39 21      0.1149018    -0.04068924
39 22     0.05819688     0.03641493
39 23    -0.09087144    -0.05052887
39 24     0.03374947     0.02083624
39 25     0.03702873   -0.009561046
39 26       0.139293     -0.0276248
39 27    -0.04235689     0.06638007
39 28      0.1554231     -0.1274462
39 29     -0.1323289     0.02851717
39 30     -0.1161717   -0.008343579
39 31    -0.08760808    -0.09420381
39 32   -0.004971091    -0.04372453
39 33     -0.1143708     0.04120345
39 34     0.08464029   -0.001016858
39 35    -0.07268436     0.03456825
39 36    -0.08491593     0.06937357
39 37   -0.001955697    -0.07626966
39 38     0.02307343      0.0148599
39 39      0.0466677    -0.01800623
40  0    -0.07753652              0
40  1    -0.08653519     0.09630554
40  2     0.01036234    -0.02822758
40  3   0.0009424767    -0.05886656
40  4     -0.1966403   -0.001697298
40  5    -0.02427429    -0.01434994
40  6     0.03075149      0.1321547
40  7     -0.1576785      0.1146037
40  8       0.125327     0.09878791
40  9    -0.06735943     -0.1600845
40 10    -0.04807056     0.07265271
40 11      0.1423564     0.09548271
40 12    0.006664464     0.03873709
40 13     0.01170212     0.06820912
40 14      0.1625912     -0.1648349
40 15      0.1354397    -0.03207603
40 16    -0.01733155    -0.02575504
40 17      0.1047119     0.05708481
40 18     0.01691042     0.09598483
40 19   0.0008859631    -0.03665362
40 20     0.05004371    -0.03094302
40 21    -0.01100493     0.04832746
40 22     0.02279649     0.09659957
40 23     0.02155604      0.1292732
40 24   -0.006401177    -0.05398068
40 25     -0.1133246     0.06015924
40 26     -0.1518615    -0.04267545
40 27     -0.1094117      0.1108676
40 28     0.09223491     0.04390874
40 29     0.08760861    -0.04435967
40 30    -0.04289959      0.1188985
40 31     0.02015153     0.06602604
40 32     -0.0974903     0.07571849
40 33    -0.03038913    -0.07656346
40 34    -0.02336055     0.03298945
40 35    -0.01919681     0.00366247
40 36    -0.05320812     0.04533567
40 37    -0.08819177   -0.003224116
40 38    -0.02092356     -0.1123674
40 39     0.02890163     0.08136009
40 40     0.05222019     -0.1533845
